
------------------------------ test starts ------------------------------ 

------------------------------ test starts ------------------------------ 

------------------------------ test starts ------------------------------ 
s**********************************************: 2
Current result: {388,389,390,420,452,484}
Current function value: 1.0032531176729117E7
s**********************************************: 3
Current result: {233,265,266,298,299}
Current function value: 8448960.563324533
s**********************************************: 4
Current result: {395,396,397,427,429,430,431,432,464}
Current function value: 2894624.1815831074
s**********************************************: 5
Current result: {226,227,228,229,230,231,258,263,295,296,297,298,330,362,394,395,427,459,460}
Current function value: 2141682.0254451693
s**********************************************: 6
Current result: {362,394,395,396,428,429,460,461,462,463,495,496}
Current function value: 1329274.7817134778
s**********************************************: 7
Current result: {354,355,356,357,358,359,360,361,362,394,395,396,397,429,430,431,432,464}
Current function value: 2374687.842165332
s**********************************************: 8
Current result: {204,236,237,269,301,333,365,397,429,430,431,432,433,459,460,461,464,465}
Current function value: 1830874.9729985585
s**********************************************: 9
Current result: {298,328,329,330,358,359,360,362,394,395,427,428,432,460,461,462,463,464}
Current function value: 1386361.2995685488
s**********************************************: 10
Current result: {391,392,393,394,395,427,428,429,430,431,432,459,461,464,465,491,523,555,587,619,651,683,715,747,779,811,843,844,845,877}
Current function value: 2912102.08221485
s**********************************************: 11
Current result: {203,204,205,236,268,300,332,364,396,400,401,427,428,429,432,461,462,463,464,465,496,497,528,560,592,624,656}
Current function value: 2302136.690909555
s**********************************************: 12
Current result: {428,429,430,431,432,459,460,464,490,491,496,516,517,518,519,520,521,522,523,555,587,619,651,683,715,747,779,780,781,813,845,877}
Current function value: 1388351.7371700106
s**********************************************: 13
Current result: {266,298,325,326,327,328,329,330,362,394,395,427,428,429,430,431,432,464,465,496,528,560,592,624,656,688,720,752,753,785,817}
Current function value: 3397763.372466762
s**********************************************: 14
Current result: {202,203,204,224,225,226,227,228,234,260,261,262,263,264,265,266,297,298,330,362,394,395,396,397,400,429,432,461,462,463,464}
Current function value: 1833745.7274097085
s**********************************************: 15
Current result: {235,266,267,298,330,362,367,394,399,401,426,431,432,433,458,459,460,461,462,463,464,465,495,496,527,559,591,623,655,687,688,720,752,784}
Current function value: 1823168.049298275
s**********************************************: 16
Current result: {228,229,261,293,294,295,296,297,298,325,326,330,357,362,363,389,395,396,420,421,428,429,430,431,432,451,452,460,461,464,465,483,496,515}
Current function value: 7042862.424596324
s**********************************************: 17
Current result: {264,296,297,298,330,360,361,362,363,364,390,391,392,396,422,428,429,431,432,454,459,460,461,462,463,464,486,496,516,517,518,528,548,560,580,592,624,656,688,720}
Current function value: 6292013.597309015
sRESULT**********************************************: 
result subgraph is: [362, 394, 395, 396, 428, 429, 460, 461, 462, 463, 495, 496]
------------------------------ test ends --------------------------------
