
------------------------------ test starts ------------------------------ 
s**********************************************: 2
Current result: {427,428,459,460}
Current function value: 3819315.856090866
s**********************************************: 3
Current result: {428,460,461,462,463,464}
Current function value: 3806187.1000104207
s**********************************************: 4
Current result: {362,394,395,427,428,429,430,431,432,459,460,464}
Current function value: 1432503.8427091234
s**********************************************: 5
Current result: {395,396,428,429,430,431,432,460,464,492,524,556,588,620,651,652,683,715,747,779,780,781,813,845,877}
Current function value: 1557356.4511589531
s**********************************************: 6
Current result: {263,295,327,359,388,389,390,391,421,422,423,424,425,426,427,428,429,430,431,432,459,461,464}
Current function value: 1436780.3670257365
s**********************************************: 7
Current result: {387,388,389,390,391,392,393,394,395,396,419,427,428,429,430,431,432,451,459,464,482,483}
Current function value: 1453886.2905398018
s**********************************************: 8
Current result: {298,330,362,363,395,400,401,427,429,430,431,432,459,460,461,464}
Current function value: 3639408.7362759905
s**********************************************: 9
Current result: {226,227,228,260,261,262,263,264,265,266,298,330,331,363,395,427,428,429,430,431,432,464}
Current function value: 1224707.5560038704
s**********************************************: 10
Current result: {266,298,330,362,391,392,393,394,395,396,397,428,429,430,431,432,460,464,465,496,528,560,592,623,624,655,687,719,751,783,815}
Current function value: 1790540.1966583133
s**********************************************: 11
Current result: {358,359,391,392,393,394,395,397,400,401,427,428,429,430,431,432,433,460,461,464,465,496,497}
Current function value: 5331983.170781317
s**********************************************: 12
Current result: {362,394,395,396,400,401,427,428,429,430,431,432,433,459,460,461,464,465,496,497,528,560,592,624}
Current function value: 1.1267906307377687E7
s**********************************************: 13
Current result: {230,257,258,259,260,261,262,263,264,265,297,298,330,362,394,395,427,428,429,430,431,432,459,463,464,465}
Current function value: 3610340.730875934
s**********************************************: 14
Current result: {325,326,327,328,329,330,331,332,357,364,388,389,396,400,401,421,428,429,430,431,432,433,453,454,461,464,486,496,518}
Current function value: 1807395.308013397
s**********************************************: 15
Current result: {298,326,327,328,329,330,355,356,357,358,362,363,390,395,400,422,427,428,429,432,454,461,462,463,464,465,486,518,550,582,614,646,647,648,680,712,713,714}
Current function value: 2590081.650894696
s**********************************************: 16
Current result: {289,290,291,292,321,324,325,326,327,328,329,330,352,353,362,363,384,395,396,400,401,416,428,429,430,431,432,433,460,461,464,465,497}
Current function value: 6569450.62860002
s**********************************************: 17
Current result: {224,225,226,227,228,229,261,293,325,326,330,356,357,358,359,360,361,362,394,426,427,428,429,430,431,432,433,459,460,464,465,497,529,561,593,625,657,687,688,689,719,751,752,784,785,817}
Current function value: 7948236.817880368
sRESULT**********************************************: 
result subgraph is: [226, 227, 228, 260, 261, 262, 263, 264, 265, 266, 298, 330, 331, 363, 395, 427, 428, 429, 430, 431, 432, 464]
------------------------------ test ends --------------------------------
