
------------------------------ test starts ------------------------------ 
s**********************************************: 2
Current result: {427,428,460,461}
Current function value: 2654001.634835027
s**********************************************: 3
Current result: {429,461,462,494,495,496}
Current function value: 4075369.3350640456
s**********************************************: 4
Current result: {396,397,428,460,461,462,463,464}
Current function value: 1294128.2019993162
s**********************************************: 5
Current result: {400,427,428,432,459,460,461,462,463,464,465}
Current function value: 1883768.530175469
s**********************************************: 6
Current result: {330,362,363,395,427,429,459,460,461,462,463,464}
Current function value: 1241689.0043445386
s**********************************************: 7
Current result: {298,330,362,363,395,396,400,401,428,429,430,431,432,460,464,496}
Current function value: 1549839.2742871605
s**********************************************: 8
Current result: {330,362,394,395,396,428,429,430,431,432,460,461,464,492,496,497,524,556,588,619,620,651,683,715,747,779,811,812,813,845,877,909}
Current function value: 1789211.0632015725
s**********************************************: 9
Current result: {330,362,363,395,396,427,428,429,430,431,432,459,464,465,488,489,490,491,496,497,520}
Current function value: 2067405.4315160797
s**********************************************: 10
Current result: {359,360,361,362,363,364,388,389,390,391,396,397,398,399,427,428,431,432,459,464}
Current function value: 1843122.0015338005
s**********************************************: 11
Current result: {298,330,361,362,363,392,393,395,396,421,422,423,424,428,429,430,431,432,453,460,464,484,485,496,516,548}
Current function value: 2191175.94620652
s**********************************************: 12
Current result: {258,259,260,292,324,356,357,358,390,391,392,393,394,395,427,428,429,430,431,432,433,460,461,464,465,497}
Current function value: 5195784.608282877
s**********************************************: 13
Current result: {262,263,264,265,266,298,330,331,363,395,396,428,432,459,460,461,462,463,464,465,496,497,528,559,560,591}
Current function value: 8852729.02366729
s**********************************************: 14
Current result: {298,328,329,330,360,362,390,391,392,394,395,400,401,422,427,428,432,454,460,461,462,463,464,486,496,518}
Current function value: 1939360.259935068
s**********************************************: 15
Current result: {322,323,324,325,326,327,328,329,330,362,394,396,426,427,428,429,430,431,432,460,461,464,465,496,497}
Current function value: 4129447.531147281
s**********************************************: 16
Current result: {232,261,262,263,264,293,296,297,298,324,325,330,356,362,363,395,427,428,429,430,431,432,461,464,465,496,497,528,560,592,624,656,688,719,720,751,783,784,785,817}
Current function value: 5826824.653563202
s**********************************************: 17
Current result: {203,204,205,235,263,264,265,266,267,298,299,330,357,358,359,360,361,362,394,395,427,428,429,430,431,432,459,461,464,465,496,497}
Current function value: 4128948.8443806786
sRESULT**********************************************: 
result subgraph is: [330, 362, 363, 395, 427, 429, 459, 460, 461, 462, 463, 464]
------------------------------ test ends --------------------------------
