
------------------------------ test starts ------------------------------ 
s**********************************************: 2
Current result: {370,400,401,402,429,430,431,432,461}
Current function value: 2738524.827625664
s**********************************************: 3
Current result: {402,429,430,431,432,433,434}
Current function value: 3813057.5589161506
s**********************************************: 4
Current result: {398,399,400,401,402,427,428,430,460,461,462}
Current function value: 1675904.966046197
s**********************************************: 5
Current result: {397,398,428,429,430,431,432,433,434,460}
Current function value: 1868421.1606064276
s**********************************************: 6
Current result: {336,368,370,371,395,396,397,398,399,400,401,402}
Current function value: 1913723.5240086291
s**********************************************: 7
Current result: {307,339,370,371,401,402,428,429,430,431,432,433,460,461}
Current function value: 1470615.2779588995
s**********************************************: 8
Current result: {303,304,305,307,337,338,339,370,402,428,429,430,431,432,433,434}
Current function value: 3099360.943800373
s**********************************************: 9
Current result: {370,390,391,392,393,394,395,397,398,399,400,401,402,421,422,427,428,429,434,452,453,460,461,485,517}
Current function value: 3170244.689892402
s**********************************************: 10
Current result: {174,200,201,202,203,204,205,206,230,231,232,262,294,325,326,357,389,421,453,485,517}
Current function value: 5817090.2875559535
s**********************************************: 11
Current result: {334,355,356,357,358,359,360,361,362,363,364,365,366,396,428,429,430,431,432,433,434,460}
Current function value: 1786023.500125139
s**********************************************: 12
Current result: {202,234,266,298,302,330,334,362,366,394,395,396,397,398,399,400,401,402,426,429,434,458,461,490,522,554,586,618,648,649,650,680,712,743,744,775,807,839,870,871,872}
Current function value: 3324594.8504845616
s**********************************************: 13
Current result: {397,400,419,420,421,422,423,424,425,426,427,428,429,430,431,432,451,452,461,484,516,548,580,611,612,643,675,707,708,709,710,739,742,743,771}
Current function value: 2316097.436213903
s**********************************************: 14
Current result: {266,298,330,339,362,363,364,371,390,391,392,393,394,396,401,403,419,420,421,422,428,429,430,431,432,433,434,435,451}
Current function value: 1996316.7851254614
s**********************************************: 15
Current result: {234,266,298,330,353,362,366,367,368,385,394,395,398,400,417,425,426,427,428,429,430,449,453,454,455,456,457,460,461,481,482,483,484,485,487,513,519,551,583,615,647,679,711,743}
Current function value: 2173480.270458319
s**********************************************: 16
Current result: {14,15,46,78,110,142,174,175,176,177,178,210,242,274,306,338,339,370,395,398,399,400,401,402,427,429,430,432,433,459,460,461}
Current function value: 1764761.2623020497
s**********************************************: 17
Current result: {370,371,372,385,386,396,397,398,399,400,402,404,418,419,420,421,422,423,424,425,426,427,428,432,433,434,453,485,517,549,581,613,645,677,709,741,773,805,837,838,839,840,872,873,905,906,938}
Current function value: 2459356.107990206
sRESULT**********************************************: 
result subgraph is: [307, 339, 370, 371, 401, 402, 428, 429, 430, 431, 432, 433, 460, 461]
------------------------------ test ends --------------------------------
