
------------------------------ test starts ------------------------------ 
s**********************************************: 2
Current result: {397,398,399,400,401}
Current function value: 4802636.848198194
s**********************************************: 3
Current result: {429,430,431,432,433,434,461}
Current function value: 1827514.758952816
s**********************************************: 4
Current result: {397,398,399,400,401,430,432,433}
Current function value: 1642137.8155602324
s**********************************************: 5
Current result: {430,431,432,433,458,459,460,461,462,484,485,486,487,488,489,490,514,515,516,546,578}
Current function value: 3533547.382828963
s**********************************************: 6
Current result: {369,396,397,401,428,430,431,432,433,460,461,462}
Current function value: 1363820.1489157614
s**********************************************: 7
Current result: {199,230,231,263,295,327,359,368,369,370,391,392,393,397,398,399,400,425,426,427,428,429,461}
Current function value: 1588192.7209038637
s**********************************************: 8
Current result: {233,265,297,329,361,393,394,395,397,398,401,402,427,428,429,430,431,432,433,461}
Current function value: 2749654.211866334
s**********************************************: 9
Current result: {397,401,428,429,430,431,432,433,456,457,458,459,460,487,488,517,518,519,546,547,548,549}
Current function value: 1220107.0575639252
s**********************************************: 10
Current result: {229,230,231,232,261,264,265,293,325,357,389,390,391,392,393,394,395,396,397,398,399,400,401,428,429,433,461}
Current function value: 1185166.3476569294
s**********************************************: 11
Current result: {369,389,390,391,392,393,394,400,401,421,426,427,428,429,430,431,432,433,434,435,436,437,453,461,469,470,485,502,503,513,517,545,546,547,548,549}
Current function value: 1882877.911334897
s**********************************************: 12
Current result: {397,398,399,400,401,402,403,429,433,435,436,461,468,469,501,502,503,535,567,599,600,601,602,603,604,605,636,637,668,700,730,731,732,764,796,828,829,830,831,863,895}
Current function value: 1858979.6659059767
s**********************************************: 13
Current result: {291,323,324,356,357,358,390,391,392,393,394,396,397,422,426,427,428,454,460,461,462,463,464,483,484,485,486,496,497,498,514,515,530,531,546,563,564,577,578,596,628,660,692,724,725,726,727,759,760,761,762,794,795,827,859,860}
Current function value: 4102890.2827493646
s**********************************************: 14
Current result: {369,389,390,391,392,398,399,400,401,418,419,420,421,424,425,426,427,428,429,430,449,450,481,513,545,577,578,610}
Current function value: 2075453.5622768006
s**********************************************: 15
Current result: {367,368,369,370,388,389,390,391,392,393,394,395,397,398,399,402,419,420,427,428,429,450,451,460,480,481,482,513,545,546}
Current function value: 4731688.279788842
s**********************************************: 16
Current result: {395,396,426,427,428,429,430,431,432,433,434,435,436,437,438,457,458,470,473,474,475,481,482,483,484,485,486,487,488,489,502,503,504,505,507,508,513,540,545}
Current function value: 1722491.6389525188
s**********************************************: 17
Current result: {370,402,432,433,434,435,436,468,500,501,502,503,504,505,506,538,570,602,634,635,636,668,700,732,764,796,797,828,829,830,862,894,895,927}
Current function value: 3689521.0955354385
sRESULT**********************************************: 
result subgraph is: [229, 230, 231, 232, 261, 264, 265, 293, 325, 357, 389, 390, 391, 392, 393, 394, 395, 396, 397, 398, 399, 400, 401, 428, 429, 433, 461]
------------------------------ test ends --------------------------------
