
------------------------------ test starts ------------------------------ 
s**********************************************: 2
Current result: {731,732,733,764}
Current function value: 1.10592E7
s**********************************************: 3
Current result: {666,667,668,669,698,728,729,730}
Current function value: 1.119477380711919E7
s**********************************************: 4
Current result: {696,697,728,729,730,731,732,733}
Current function value: 1.1027779271693302E7
s**********************************************: 5
Current result: {635,636,637,667,669,698,699,701,728,729,730,762}
Current function value: 1.1217905628002128E7
s**********************************************: 6
Current result: {609,640,641,672,673,705,737,769,801,833,865,897}
Current function value: 9283517.10227567
s**********************************************: 7
Current result: {261,262,263,264,265,266,267,293,299,300,324,325,332,333,334,335,336,337,356,366,369,388,397,398,401,420,429,433,452,465,484,497,498,516,530,531,532,533,534,546,547,548,566,567,578,599,610,631,632,633,634,635,636,637,642,669,674,700,701,705,706,731,732,737,769,801,833,864,865,896}
Current function value: 5551704.938424167
s**********************************************: 8
Current result: {197,229,261,291,292,293,294,295,296,297,298,299,300,301,302,334,335,336,337,338,370,371,403,404,436,437,469,470,471,503,504,505,537,569,601,602,634,635,667,668,669,701,730,731,732,733}
Current function value: 3376311.7554220567
s**********************************************: 9
Current result: {636,667,668,696,697,698,699,728,729,731,761,763,764,796,797,829,830}
Current function value: 1.067206926409069E7
s**********************************************: 10
Current result: {365,366,367,368,369,370,402,403,435,467,499,531,563,595,596,628,629,661,662,663,664,665,666}
Current function value: 3227070.771362569
s**********************************************: 11
Current result: {365,366,367,368,369,401,402,403,404,405,437,438,439,440,472,504,536,568,600,632,664,696,697,698,699,700,701,732,733}
Current function value: 4053716.7926964965
s**********************************************: 12
Current result: {295,296,297,298,299,300,301,302,326,327,334,357,358,366,367,368,369,370,389,402,421,452,453,483,484,515}
Current function value: 3972142.679405663
s**********************************************: 13
Current result: {164,165,166,196,228,229,261,292,293,294,295,323,324,355,387,419,451,483,513,514,515,546,547,579}
Current function value: 5793513.608828564
s**********************************************: 14
Current result: {169,201,231,232,233,263,293,294,295,327,359,391,421,422,423,449,450,451,452,453,480,481,512,544,576}
Current function value: 6936332.9850849435
s**********************************************: 15
Current result: {109,110,137,138,139,140,141,142,143,144,145,146,169,178,197,198,199,200,201,210,229,242,243,244,245,261,277,293,309,325,341,355,356,357,373,387,405,419,437,438,451,470,483,502,515,534,547,566,579,598,599,600,601,611,633,643,664,665,666,675,676,677,696,698,709,730,731,732,733,741,765,797,798,830,862}
Current function value: 5458043.3868373195
s**********************************************: 16
Current result: {197,229,261,262,263,264,265,266,267,268,269,293,301,302,325,334,357,365,366,367,368,369,389,401,421,433,434,435,436,437,453,469,470,471,472,473,483,484,485,505,514,515,537,546,569,578,579,580,601,612,633,644,645,665,677,678,679,696,697,698,699,700,709,732,733,765,797,798,830,862,894,895,927}
Current function value: 2611186.644233078
s**********************************************: 17
Current result: {261,293,294,295,296,297,298,326,330,331,358,363,364,365,366,390,398,422,454,486,514,518,546,547,548,549,550,582,614,646,675,678,707,710,739,742,769,770,771,772,773,774}
Current function value: 2564434.1586697185
sRESULT**********************************************: 
result subgraph is: [261, 293, 294, 295, 296, 297, 298, 326, 330, 331, 358, 363, 364, 365, 366, 390, 398, 422, 454, 486, 514, 518, 546, 547, 548, 549, 550, 582, 614, 646, 675, 678, 707, 710, 739, 742, 769, 770, 771, 772, 773, 774]
------------------------------ test ends --------------------------------
