

------------------------------ test starts ------------------------------ 
s**********************************************: 2
Current result: {462,463,494,521,522,523,524,525,526,553,585,613,614,615,616,617,645}
Current function value: 5232890.075449536
s**********************************************: 3
Current result: {239,240,241,271,303,335,367,399,431,463,495}
Current function value: 4635854.797563685
s**********************************************: 5
Current result: {301,302,334,366,398,430,462,494,495,526,527}
Current function value: 2573635.05381431
s**********************************************: 6
Current result: {242,274,275,307,339,371,403,435,436,467,493,494,495,496,497,498,499}
Current function value: 1654098.13412753
s**********************************************: 7
Current result: {368,369,400,431,432,433,434,435,463,466,495,498,499,500}
Current function value: 1912781.7443012476
s**********************************************: 8
Current result: {239,240,271,273,274,275,303,304,305,307,339,371,403,435,466,467}
Current function value: 5690847.386915243
s**********************************************: 9
Current result: {239,240,241,242,243,271,303,335,336,367,368,399,431,463,464,493,494,495}
Current function value: 2120212.188698375
s**********************************************: 10
Current result: {336,368,400,431,432,453,454,455,463,487,494,495,519,520,521,522,523,524,525,526,551,552,584,615,616}
Current function value: 2459686.979091605
s**********************************************: 11
Current result: {39,40,41,71,103,135,167,198,199,229,230,261,293,325,354,355,356,357,358,359,360,392,424,435,456,457,462,463,467,489,493,494,495,496,497,498,499,500,521,522,523,524,525}
Current function value: 1730552.5481426998
s**********************************************: 12
Current result: {368,400,431,432,433,457,458,459,460,461,462,463,464,465,487,488,489,493,494,497,498,499,529,560,561,592,624,656,688,689}
Current function value: 1899055.7760604778
s**********************************************: 13
Current result: {401,402,431,433,434,435,455,463,464,465,467,487,494,495,499,519,520,521,522,523,524,525,526,551,583,615}
Current function value: 3663286.975340713
s**********************************************: 14
Current result: {493,494,495,496,497,498,499,500,526,528,529,560,592,613,614,615,616,617,618,619,620,621,622,623,624,645,646,678,710,742,743}
Current function value: 2345422.3298647385
s**********************************************: 15
Current result: {335,367,399,429,430,431,449,450,451,452,453,454,455,456,457,458,459,460,461,463,480,481,485,493,494,517,526,549,581,613,645}
Current function value: 2531379.650253511
s**********************************************: 16
Current result: {208,209,241,273,305,325,326,327,328,329,330,331,332,333,334,335,336,337,357,368,400,430,431,432,433,461,462,465,466,467,493,497,498,525,526,527}
Current function value: 3558675.9308998734
s**********************************************: 17
Current result: {435,464,465,466,467,494,495,496,498,499,500,526,527,528,531,560,592,624,656,657,688,720,721,753,754,761,786,792,793,794,795,818,822,823,824,827,850,851,852,853,854}
Current function value: 4540926.583019393
sRESULT**********************************************: 
result subgraph is: [242, 274, 275, 307, 339, 371, 403, 435, 436, 467, 493, 494, 495, 496, 497, 498, 499]
------------------------------ test ends --------------------------------
