
------------------------------ test starts ------------------------------ 
s**********************************************: 2
Current result: {462,463,464,465,493,494}
Current function value: 3678909.409892253
s**********************************************: 3
Current result: {237,269,301,333,365,397,429,460,461,462,493,494}
Current function value: 3298890.1898987433
s**********************************************: 4
Current result: {462,463,464,465,466,467,493,494}
Current function value: 2222761.273124908
s**********************************************: 5
Current result: {460,461,462,465,466,492,494,497,498,526,527,528,529,560,561}
Current function value: 2416998.754556013
s**********************************************: 6
Current result: {461,462,494,526,558,590,622,653,654,685,717,749}
Current function value: 3078683.3374587605
s**********************************************: 7
Current result: {240,272,303,304,335,367,399,430,431,461,462,463,464,465,466,467,492,493,495,527,528,560}
Current function value: 2166984.070173518
s**********************************************: 8
Current result: {236,237,269,301,333,365,397,429,461,462,463,464,465,466,493,494}
Current function value: 1671916.8153094233
s**********************************************: 9
Current result: {173,205,237,269,301,333,365,366,398,430,460,461,462,465,466,494,495,497,527,528,529,559,560}
Current function value: 2021043.0183062805
s**********************************************: 10
Current result: {430,431,432,433,462,465,466,494,526,558,590,622,654,685,686,716,717,736,741,742,743,744,745,746,747,748,768,773,800,801,802,803,804,805}
Current function value: 3452506.952357647
s**********************************************: 11
Current result: {357,358,359,391,392,393,394,395,396,397,429,432,433,461,462,463,464,493,494}
Current function value: 2256921.0943123605
s**********************************************: 12
Current result: {239,271,272,273,274,306,338,369,370,401,430,431,432,433,462,483,484,485,486,487,488,489,490,491,492,493,494}
Current function value: 2234797.6729071536
s**********************************************: 13
Current result: {389,390,422,454,455,456,457,458,459,460,462,464,465,466,492,493,494,495,496,524,528,556,557,560,561,562,563,589,595,627,659,691,723,755,756,788,820,821}
Current function value: 2293999.2083646096
s**********************************************: 14
Current result: {206,237,238,269,301,333,334,365,366,367,399,430,431,460,461,462,463,464,465,466,492,493,494,496,497,529,561}
Current function value: 2547847.741767522
s**********************************************: 15
Current result: {433,462,463,464,465,494,495,526,527,558,590,622,654,686,718,719,720,721,722,723,724,739,740,741,742,743,744,745,746,747,748,749,750}
Current function value: 2701616.212453995
s**********************************************: 16
Current result: {240,272,302,303,304,335,366,367,398,430,431,432,433,460,461,462,465,497,527,528,529,530,559,562,594,626,655,656,657,658,687}
Current function value: 2329790.0089535415
s**********************************************: 17
Current result: {240,272,304,336,368,400,432,433,460,461,462,463,464,465,466,492,493,498,530,562,594,626,627,628,629,630,631,632,657,658,664,689,696,721,728,729,753,784,785,814,815,816,846}
Current function value: 4026548.505636774
sRESULT**********************************************: 
result subgraph is: [236, 237, 269, 301, 333, 365, 397, 429, 461, 462, 463, 464, 465, 466, 493, 494]
------------------------------ test ends --------------------------------
