
------------------------------ test starts ------------------------------ 
s**********************************************: 2
Current result: {395,396,427,459}
Current function value: 7880081.770992379
s**********************************************: 3
Current result: {515,547,579,580,611,612,643,675,706,707,738,770,802,834}
Current function value: 1.1088222531705577E7
s**********************************************: 4
Current result: {395,427,456,457,458,459,491}
Current function value: 4478010.776209282
s**********************************************: 5
Current result: {392,393,394,395,397,398,399,427,428,429}
Current function value: 4136869.3913424267
s**********************************************: 6
Current result: {394,395,396,397,398,399,424,425,426,431,432,458,459,464}
Current function value: 2593466.1042292365
s**********************************************: 7
Current result: {395,426,427,428,429,430,431,432,433,434,435,436,437,438,439,458}
Current function value: 2285969.7830224214
s**********************************************: 8
Current result: {508,540,572,603,604,635,636,667,698,699,700,732,733,765,766,798}
Current function value: 9809474.131791435
s**********************************************: 9
Current result: {138,170,171,172,173,205,237,269,301,333,365,392,393,394,395,396,397,399,426,428,429,430,431,432,458,464,483,484,485,486,487,488,489,490,515}
Current function value: 2588077.5223613996
s**********************************************: 10
Current result: {137,138,139,140,141,168,169,173,205,206,207,239,271,303,335,367,394,395,396,397,398,399,426,431,432,433}
Current function value: 3513370.8135349164
s**********************************************: 11
Current result: {367,396,399,427,428,429,430,431,432,458,459,464,465,466,467,468,500,501,533,565,566,598,599,631,632,633,634,635,667,699}
Current function value: 2128952.126006739
s**********************************************: 12
Current result: {329,361,362,394,423,424,425,426,455,458,459,481,482,483,484,485,486,487,513,516,545,546,547,548,579}
Current function value: 6076236.23003185
s**********************************************: 13
Current result: {364,365,366,394,395,396,398,399,421,426,431,453,454,455,456,457,458,482,483,484,485,490,514,546,578,610}
Current function value: 3030458.2048558677
s**********************************************: 14
Current result: {197,198,199,200,232,264,296,328,360,392,398,399,424,425,426,427,428,429,430,431,432,458,459,460,464,465,466,467,468,469,470,471,472,473,474,475,476,508,540,572,603,604,635,667,699}
Current function value: 2374666.6601230907
s**********************************************: 15
Current result: {324,325,326,327,328,329,330,331,356,363,366,367,388,395,397,398,399,420,426,427,428,429,431,432,433,452,458,459,464,482,483,484,516,548,580,610,611,612}
Current function value: 3053941.6826873375
s**********************************************: 16
Current result: {395,396,397,398,399,428,431,432,433,434,435,436,437,438,439,464,471,472,473,474,506,538,570,571,603,604,636,668,700,732,764,796}
Current function value: 2143572.876682371
s**********************************************: 17
Current result: {344,363,376,392,393,394,395,397,398,406,407,408,424,426,427,428,429,430,431,438,456,458,463,464,465,466,467,468,469,470,488,520,547,552,579,584,611,612,613,614,615,616,645,677}
Current function value: 2864271.4008440166
sRESULT**********************************************: 
result subgraph is: [367, 396, 399, 427, 428, 429, 430, 431, 432, 458, 459, 464, 465, 466, 467, 468, 500, 501, 533, 565, 566, 598, 599, 631, 632, 633, 634, 635, 667, 699]
------------------------------ test ends --------------------------------
