
------------------------------ test starts ------------------------------ 
s**********************************************: 2
Current result: {767,799,831,863}
Current function value: 1.10592E7
s**********************************************: 3
Current result: {766,798,826,830,858,860,861,862,883,884,885,886,887,888,889,890,891,892,904,905,906,907,915,939,940,941,942,943,944,945,946,947}
Current function value: 8336917.939505717
s**********************************************: 4
Current result: {744,745,776,777,778,808,810,837,838,839,840,869}
Current function value: 9614118.548208062
s**********************************************: 5
Current result: {775,776,777,809,839,840,841,871,872,903}
Current function value: 8905803.397520386
s**********************************************: 6
Current result: {598,630,662,694,726,758,759,760,790,791,822,854,886,918,950}
Current function value: 8972695.621419823
s**********************************************: 7
Current result: {767,798,799,820,821,826,827,828,829,830,852,857,858,884,888,889,916,919,920,948,949,950,951}
Current function value: 8043032.262862977
s**********************************************: 8
Current result: {612,613,614,644,676,708,740,771,772,803,835,867,868,869,870,902,934,935,936}
Current function value: 9267815.008517098
s**********************************************: 9
Current result: {712,744,760,776,792,808,824,825,826,827,828,829,830,831,840,856,872,883,884,885,886,887,888,899,900,901,902,903,904,905,906,907,915,939,940,941,942,943,944,945,946,947}
Current function value: 5281220.816251181
s**********************************************: 10
Current result: {393,394,395,396,397,398,399,400,401,402,403,404,424,425,427,428,436,437,456,469,470,488,502,520,534,551,552,566,567,583,598,615,630,647,662,679,694,711,726,743,758,775,776,790,808,822,828,829,830,840,841,854,855,856,860,873,874,886,888,889,890,891,892,906,907,918,924,925,926,927,939,959}
Current function value: 2258815.807707633
s**********************************************: 11
Current result: {614,646,647,679,711,743,775,776,808,840,842,843,866,872,874,898,899,900,901,902,903,904,905,906}
Current function value: 8344325.32214401
s**********************************************: 12
Current result: {789,821,826,839,840,841,853,856,857,858,871,873,874,875,885,888,907,908,909,910,911,912,913,914,915,916,917,918,919,920,946,947}
Current function value: 6840217.6918756375
s**********************************************: 13
Current result: {332,363,364,394,395,427,428,459,491,523,555,586,587,618,649,650,681,713,743,744,745,768,777,800,809,832,833,841,865,873,874,875,897,898,899,907,931,932,933,934,935,936,937,938,939,940,941,942,943,944,945,946,947}
Current function value: 1601333.5622712867
s**********************************************: 14
Current result: {759,789,790,791,805,820,821,837,838,852,870,871,872,884,904,911,912,913,914,915,916,936,937,938,939,940,941,942,943}
Current function value: 6477916.211997807
s**********************************************: 15
Current result: {332,359,360,361,362,363,364,365,366,367,368,391,400,423,455,487,517,518,519,549,581,613,645,677,709,741,773,805,806,837,865,866,867,868,869,897}
Current function value: 1792965.41511263
s**********************************************: 16
Current result: {735,767,774,775,776,777,778,799,805,806,810,825,826,827,828,829,830,831,842,850,851,852,853,854,855,856,857,858,874,875,881,882,907,908,909,910,911,912,913,939}
Current function value: 6774732.75551784
s**********************************************: 17
Current result: {332,364,365,394,395,396,397,426,455,456,457,458,487,516,517,518,519,548,580,612,613,614,615,647,679,711,743,775,807,839,840,841,842,874}
Current function value: 2190198.2736041737
sRESULT**********************************************: 
result subgraph is: [332, 363, 364, 394, 395, 427, 428, 459, 491, 523, 555, 586, 587, 618, 649, 650, 681, 713, 743, 744, 745, 768, 777, 800, 809, 832, 833, 841, 865, 873, 874, 875, 897, 898, 899, 907, 931, 932, 933, 934, 935, 936, 937, 938, 939, 940, 941, 942, 943, 944, 945, 946, 947]
------------------------------ test ends --------------------------------
