
------------------------------ test starts ------------------------------ 
s**********************************************: 2
Current result: {925,926,958}
Current function value: 9586427.815778863
s**********************************************: 3
Current result: {401,433,435,465,466,467}
Current function value: 3648677.2844063505
s**********************************************: 4
Current result: {860,892,923,924,925,926,927,955,956,957}
Current function value: 9781609.579179088
s**********************************************: 5
Current result: {396,397,398,399,400,428,432,433,434,466}
Current function value: 3414077.1756978035
s**********************************************: 6
Current result: {400,401,427,428,429,430,431,432,433,459,465,466,467}
Current function value: 2312896.9583174405
s**********************************************: 7
Current result: {397,428,429,430,431,432,433,434,465,466,498,530,562,594,626,627,628,629,661,662,663,695,727,759,791,823,855,856,888,894,895,920,921,922,923,924,925,926,927,959}
Current function value: 1888445.801222878
s**********************************************: 8
Current result: {429,433,434,435,452,453,454,455,456,457,458,459,460,461,462,463,464,465,484}
Current function value: 1727831.320319613
s**********************************************: 9
Current result: {334,335,336,365,366,368,397,400,428,429,432,433,434,435,436,460,461,466,468,469,470,502,503,504,536,568,600,632,664,696,728,729,761}
Current function value: 3308576.9678697046
s**********************************************: 10
Current result: {396,397,398,399,400,401,427,428,460,492,524,556,588,619,620,650,651,682,714,746,747,748,749,750,751,752,753,754,755,756,757,758,759,760,761,762,794,826,858,890,891,892,893,894,895}
Current function value: 2352112.7906517643
s**********************************************: 11
Current result: {173,174,175,205,237,267,268,269,301,302,303,335,336,368,400,401,427,428,429,430,431,432,433,434,435,459,465,466}
Current function value: 3090546.487985133
s**********************************************: 12
Current result: {268,269,301,302,303,304,305,334,335,337,366,369,397,398,401,428,429,433,434,435,460,465,467,468,469,470,502,534,566,598,599,600,601,633,665,697,728,729,760,792,824,856,888}
Current function value: 2799818.295080108
s**********************************************: 13
Current result: {326,327,328,329,330,331,358,363,386,387,388,389,390,395,397,398,418,427,429,430,431,432,433,434,449,450,459,460,461,466,481,513,545}
Current function value: 2143746.491599171
s**********************************************: 14
Current result: {397,400,428,429,430,431,432,456,457,458,459,460,464,465,466,486,487,488,498,512,513,514,515,516,517,518,530,544,562,576,594,608,626,640,658,672,690,691,704,723,724,736,756,757,758,759,760,761,768,793,800,825,832,857,864,888,889,896,928,929,930}
Current function value: 3716920.879341006
s**********************************************: 15
Current result: {367,368,369,398,399,401,402,428,430,433,434,460,461,462,465,466,498,499,531,563,564,565,597,598,599,600,601,633,665,697,729,761,793,825,826,827,859,860,861,862,863,895}
Current function value: 2066592.4182017907
s**********************************************: 16
Current result: {305,335,336,337,366,367,397,398,428,429,433,434,453,454,455,456,457,458,459,460,461,462,463,464,465,485,516,517,548,580,612,644,675,676,707,739}
Current function value: 2244971.9431837476
s**********************************************: 17
Current result: {264,265,266,267,268,269,270,271,295,296,302,327,334,358,359,365,366,388,389,390,397,398,399,400,420,429,430,432,433,434,452,460,461,465,466,467,483,484,514,515,545,546,576,577,608,640,672,704,736,768,800,803,804,805,806,807,808,832,833,834,835}
Current function value: 5827113.070206753
sRESULT**********************************************: 
result subgraph is: [429, 433, 434, 435, 452, 453, 454, 455, 456, 457, 458, 459, 460, 461, 462, 463, 464, 465, 484]
------------------------------ test ends --------------------------------
