
------------------------------ test starts ------------------------------ 
s**********************************************: 2
Current result: {400,401,433,434}
Current function value: 4214736.472439369
s**********************************************: 3
Current result: {400,428,429,430,431,432,433}
Current function value: 1440527.699726556
s**********************************************: 4
Current result: {396,397,398,428,430,431,432,433}
Current function value: 1509132.3959155781
s**********************************************: 5
Current result: {400,428,429,430,431,432,460,490,491,492,522,552,553,554,579,580,581,582,583,584,611,643,673,674,675,705,706,738}
Current function value: 1732686.5986747984
s**********************************************: 6
Current result: {368,370,371,400,402,429,430,431,432,433,434}
Current function value: 1561093.634927495
s**********************************************: 7
Current result: {550,582,608,609,610,611,612,613,614,641,673,674}
Current function value: 1.0251759439024799E7
s**********************************************: 8
Current result: {394,395,396,428,429,432,433,434,435,461,462,463,464,467}
Current function value: 1697269.668208641
s**********************************************: 9
Current result: {392,393,394,395,396,397,398,399,400,424,428,432,433,454,455,456,486,518,550,582,614,646,673,674,675,676,677,678,704,705}
Current function value: 2003951.1076648235
s**********************************************: 10
Current result: {396,398,399,401,402,426,427,428,429,430,431,432,433,456,457,458,488,520,549,550,551,552,578,579,580,581,610,642,674}
Current function value: 2144456.4011193872
s**********************************************: 11
Current result: {396,398,399,400,401,428,429,430,433,456,457,458,459,460,488,520,550,551,552,582,613,614,643,644,645,675,676,708}
Current function value: 2965984.5681893183
s**********************************************: 12
Current result: {273,304,305,336,368,396,397,398,399,400,401,402,425,426,427,428,432,434,457,488,489,520,552,584,616,648,678,679,680,709,710,741,773}
Current function value: 2288955.269155968
s**********************************************: 13
Current result: {264,296,328,358,359,360,361,362,363,385,386,387,388,389,390,395,396,397,398,399,400,416,417,429,430,432,433,448,480,512,544,576,608,609,641,642,643,644,673,676,705,737}
Current function value: 2820595.7499395655
s**********************************************: 14
Current result: {370,388,389,390,391,392,393,394,395,396,397,398,399,400,401,402,420,428,434,452,484,516,548,580,610,611,612,644,676,708}
Current function value: 2505408.902789358
s**********************************************: 15
Current result: {396,398,399,400,401,402,421,422,423,424,425,426,427,428,429,430,434,450,451,452,453,482,514,546,578,608,609,610,640,672}
Current function value: 1676361.979656387
s**********************************************: 16
Current result: {268,300,332,364,392,393,394,395,396,397,398,399,400,401,424,433,452,453,454,455,456,465,484,497,516,529,548,561,562,578,579,580,594,610,626,642,674,675,706,738}
Current function value: 2575019.0939716203
s**********************************************: 17
Current result: {332,353,364,369,385,386,387,388,389,390,391,392,393,394,395,396,397,398,399,400,401,417,432,433,449,465,481,497,513,529,530,531,545,563,577,578,595,608,609,627,640,659,691,723,754,755,786}
Current function value: 2351234.6467934945
sRESULT**********************************************: 
result subgraph is: [400, 428, 429, 430, 431, 432, 433]
------------------------------ test ends --------------------------------
