
------------------------------ test starts ------------------------------ 
s**********************************************: 2
Current result: {832,864,865,866}
Current function value: 1.0687631796327988E7
s**********************************************: 3
Current result: {397,398,401,402,429,430,431,432,433,461,462}
Current function value: 1588887.710772405
s**********************************************: 4
Current result: {397,398,426,427,428,429,458,490}
Current function value: 3652803.816857294
s**********************************************: 5
Current result: {429,431,432,433,434,435,461,462,463,466,467}
Current function value: 1928686.4737231764
s**********************************************: 6
Current result: {345,346,378,398,410,429,430,431,432,433,434,435,436,437,438,439,440,441,442,459,460,461,490,491,522,554,586,618,650,682,713,714,745,777,809,840,841,864,865,866,867,868,869,870,871,872,896,897}
Current function value: 3716531.7209097855
s**********************************************: 7
Current result: {398,399,400,401,402,430,433,462,465,466,467,494,526,558,590,622,653,654,685,717,749,781,813,845,846,878,879,880,881,882,883}
Current function value: 3716879.60997686
s**********************************************: 8
Current result: {397,398,399,400,401,402,430,434,435,461,462,467,468,469,470}
Current function value: 2454261.5755532836
s**********************************************: 9
Current result: {399,400,401,402,430,431,434,435,461,462,466,467,468,469,470,471,472,473,474}
Current function value: 1766446.478732092
s**********************************************: 10
Current result: {367,397,398,399,400,401,402,429,434,466,498,530,531,563,595,627,628,629,661,693,725,726,727,728,729,730,762,763,764,765,797,829,830,831,861}
Current function value: 2519163.713083694
s**********************************************: 11
Current result: {347,378,379,398,402,410,430,431,432,433,434,442,466,467,468,469,470,471,472,473,474,506,538,539,571,603,604,636,668,700,732,733,734,766,767}
Current function value: 1472001.4522992107
s**********************************************: 12
Current result: {54,55,56,84,85,86,116,148,180,212,244,276,306,307,308,338,370,398,401,402,426,427,428,429,430,431,432,433,434,435}
Current function value: 3191036.053847383
s**********************************************: 13
Current result: {397,398,399,400,401,416,430,433,434,448,449,450,451,452,453,454,455,456,457,458,459,460,461,462,466,480,512,544,576,608,640,641,673,705,706}
Current function value: 2175012.1927836635
s**********************************************: 14
Current result: {345,346,347,348,376,377,398,399,400,401,402,403,404,405,406,407,408,430,433,462,493,494,525,557,589,621,653,654,686,718,719,750,751,782}
Current function value: 2632580.023226542
s**********************************************: 15
Current result: {343,375,398,405,406,407,429,430,431,432,433,434,437,466,467,468,469,501,533,565,597,629,660,661,692,724,756,788,819,820,832,833,845,846,847,848,849,850,851,864,865,866,867,868,869,870,871,872,873,874,875,876,877,882,883,896,914,946}
Current function value: 2497862.8763087327
s**********************************************: 16
Current result: {54,86,118,150,182,214,246,278,310,311,343,375,397,398,399,400,401,402,407,429,433,434,439,461,466,467,468,469,470,471,472,473,474}
Current function value: 2038172.6956331858
s**********************************************: 17
Current result: {215,247,279,311,343,375,406,407,422,423,424,425,426,427,428,429,430,431,432,433,434,435,436,437,438,452,453,454,466,483,484,515,544,545,546,547}
Current function value: 2264025.7036456577
sRESULT**********************************************: 
result subgraph is: [347, 378, 379, 398, 402, 410, 430, 431, 432, 433, 434, 442, 466, 467, 468, 469, 470, 471, 472, 473, 474, 506, 538, 539, 571, 603, 604, 636, 668, 700, 732, 733, 734, 766, 767]
------------------------------ test ends --------------------------------
