
------------------------------ test starts ------------------------------ 
s**********************************************: 2
Current result: {871,872,873,903}
Current function value: 1.0340590977589918E7
s**********************************************: 3
Current result: {871,872,873,874,875,876,904}
Current function value: 8867471.435059737
s**********************************************: 4
Current result: {845,846,847}
Current function value: 1.0349249466004556E7
s**********************************************: 5
Current result: {821,853,882,883,884,885,913,914,945,946}
Current function value: 9913797.995458392
s**********************************************: 6
Current result: {492,493,494,526,558,590,622,654,686,717,718,719,751}
Current function value: 6113914.315833119
s**********************************************: 7
Current result: {871,872,876,903,904,905,906,908,938,939,940,941,942,943}
Current function value: 6956024.114423393
s**********************************************: 8
Current result: {717,749,750,782,814,846,847,848,880,881,882,883,884,885,886,887,888,889}
Current function value: 7119955.594816549
s**********************************************: 9
Current result: {758,759,760,790,822,844,845,852,853,854,876,877,878,879,880,881,882,883,884}
Current function value: 8974827.898003446
s**********************************************: 10
Current result: {845,846,876,877,878,879,880,881,905,906,908,913,938,939,940,941,945}
Current function value: 7313419.214040527
s**********************************************: 11
Current result: {355,356,388,389,390,422,423,424,425,426,427,428,429,430,431,432,433,434,460,466,492,493,498}
Current function value: 1965860.0878502277
s**********************************************: 12
Current result: {428,430,460,462,466,492,493,494,495,496,497,498,530,562,594,626,658,690,722,723,724,725,726,727,759,760,792,824,825,857,858}
Current function value: 2168925.3099233694
s**********************************************: 13
Current result: {684,685,717,718,750,751,782,810,811,812,813,814,842,846,871,872,873,874}
Current function value: 5195751.6720387265
s**********************************************: 14
Current result: {402,430,431,432,433,434,460,461,462,466,498,530,562,594,626,658,690,722,754,755,787,819,851,857,858,859,883,887,888,889,891,892,909,910,911,912,913,914,915,916,917,918,919,924,939,940,941}
Current function value: 2750598.4254145874
s**********************************************: 15
Current result: {716,717,718,748,750,782,813,814,815,816,845,848,849,850,851,852,853,854,855,873,874,875,876,877,903,904,905,907,908,939}
Current function value: 5002944.327598629
s**********************************************: 16
Current result: {751,752,781,783,812,813,814,815,819,820,821,844,847,848,849,850,851,852,876,877,884,892,909,916,917,918,919,920,921,922,923,924,941,955,956}
Current function value: 3357900.0684484425
s**********************************************: 17
Current result: {466,493,494,495,496,497,498,525,557,589,612,621,644,653,676,685,708,717,740,741,742,749,774,780,781,806,812,838,839,840,841,842,843,844,871,903,904}
Current function value: 2940370.0843745684
sRESULT**********************************************: 
result subgraph is: [355, 356, 388, 389, 390, 422, 423, 424, 425, 426, 427, 428, 429, 430, 431, 432, 433, 434, 460, 466, 492, 493, 498]
------------------------------ test ends --------------------------------
