
------------------------------ test starts ------------------------------ 
s**********************************************: 2
Current result: {396,397,429,460,461}
Current function value: 3239195.72489756
s**********************************************: 3
Current result: {428,429,430,431,432,461}
Current function value: 4524133.519394615
s**********************************************: 4
Current result: {396,400,428,429,430,431,432,460}
Current function value: 4118215.5384917627
s**********************************************: 5
Current result: {443,475,476,508,540,572,602,603,604,636,668,700,701,733,765,797,829}
Current function value: 8898028.382666016
s**********************************************: 6
Current result: {207,239,271,303,335,367,396,397,398,399,400,401,428,433,460,465,497}
Current function value: 2852863.675891151
s**********************************************: 7
Current result: {300,332,364,395,396,397,429,430,431,432,460,461,464}
Current function value: 2367716.941765057
s**********************************************: 8
Current result: {476,508,540,572,573,574,575,607,639,671,703,735,767,799,831,862,863}
Current function value: 1.0434891570911746E7
s**********************************************: 9
Current result: {459,460,491,518,519,520,521,522,523,550,582,614,646,678,707,709,710,737,738,739,740,741,769,770,802,834,866}
Current function value: 4633351.543432182
s**********************************************: 10
Current result: {428,460,486,487,488,489,490,491,492,517,518,549,581,613,614,646,677,678,707,708,709,738,739,770,802,834,835,836}
Current function value: 3347884.010899271
s**********************************************: 11
Current result: {400,420,421,422,423,424,425,426,427,428,432,451,452,460,461,462,463,464,483,515,547,579,611,643,675,705,706,707,737,769,801,833,865,897}
Current function value: 1886031.8755289777
s**********************************************: 12
Current result: {237,269,301,333,334,365,368,369,396,397,398,399,400,428,432,433,460,465,491,492}
Current function value: 2626620.386500069
s**********************************************: 13
Current result: {400,412,428,429,430,431,432,433,434,435,444,460,467,468,469,470,471,472,473,474,475,476,477,478,479,511,543,575,607,639,671,703,735,764,765,766,767,797,829,861,893,894}
Current function value: 1954789.2109493485
s**********************************************: 14
Current result: {364,365,366,367,397,399,428,429,431,432,433,461,465,466,467,468,469,470,471,472,473,474,475,492,493,507,539,571,572,573,605,606,638,639,671,703,735,767,799}
Current function value: 2273031.0653438084
s**********************************************: 15
Current result: {395,427,428,429,459,460,461,491,492,523,549,550,551,552,553,554,555,581,611,612,613,643,675,707,708,740,772,804,834,835,836,865,866}
Current function value: 2553512.0191720966
s**********************************************: 16
Current result: {234,235,236,268,300,332,333,365,366,396,397,398,428,430,431,432,433,455,456,457,458,459,460,485,486,487,491,492,515,516,517,547,579,611,643,675,706,707,737,738,769,801,832,833}
Current function value: 3381871.801504816
s**********************************************: 17
Current result: {369,370,371,372,373,374,375,376,377,395,396,397,398,399,400,401,409,427,441,442,458,459,460,474,475,476,477,478,491,492,510,542,574,606,638,670,702,734,766,798,799,831,863,895,927}
Current function value: 2239806.8294937722
sRESULT**********************************************: 
result subgraph is: [400, 420, 421, 422, 423, 424, 425, 426, 427, 428, 432, 451, 452, 460, 461, 462, 463, 464, 483, 515, 547, 579, 611, 643, 675, 705, 706, 707, 737, 769, 801, 833, 865, 897]
------------------------------ test ends --------------------------------
