#################################################################
#APDM Input Graph, this input graph includes 3 sections:
#section1 : general information
#section2 : nodes
#section3 : edges
#section4 : trueSubGraph (Optional)
#
#if nodes haven't information set weight to null
#################################################################
SECTION1 (General Information)
numNodes = 638
numEdges = 2450
usedAlgorithm = Test
dataSource = PixelData
END
#################################################################
SECTION2 (Nodes Information)
NodeID GVal1 GVal2 GVal3 GVal4 GVal5 GVal6 GVal7 GVal8 GVal9 GVal10 GVal11 GVal12 
0 247.00 0.00 0.00 0.00 0.00 0.00 0.00 0.00 0.00 0.00 0.00 0.00
1 255.00 0.00 0.00 0.00 0.00 0.00 0.00 0.00 0.00 0.00 0.00 0.00
2 253.00 0.00 0.00 0.00 0.00 0.00 0.00 0.00 0.00 0.00 0.00 0.00
3 16.00 0.00 0.00 0.00 0.00 0.00 0.00 0.00 0.00 0.00 0.00 0.00
4 14.00 0.00 0.00 0.00 0.00 0.00 0.00 0.00 0.00 0.00 0.00 0.00
5 22.00 0.00 0.00 0.00 0.00 0.00 0.00 0.00 0.00 0.00 0.00 0.00
6 10.00 0.00 0.00 0.00 0.00 0.00 0.00 0.00 0.00 0.00 0.00 0.00
7 7.00 0.00 0.00 0.00 0.00 0.00 0.00 0.00 0.00 0.00 0.00 0.00
8 5.00 0.00 0.00 0.00 0.00 0.00 0.00 0.00 0.00 0.00 0.00 0.00
9 4.00 0.00 0.00 0.00 0.00 0.00 0.00 0.00 0.00 0.00 0.00 0.00
10 5.00 0.00 0.00 0.00 0.00 0.00 0.00 0.00 0.00 0.00 0.00 0.00
11 6.00 0.00 0.00 0.00 0.00 0.00 0.00 0.00 0.00 0.00 0.00 0.00
12 4.00 0.00 0.00 0.00 0.00 0.00 0.00 0.00 0.00 0.00 0.00 0.00
13 6.00 0.00 0.00 0.00 0.00 0.00 0.00 0.00 0.00 0.00 0.00 0.00
14 12.00 0.00 0.00 0.00 0.00 0.00 0.00 0.00 0.00 0.00 0.00 0.00
15 13.00 0.00 0.00 0.00 0.00 0.00 0.00 0.00 0.00 0.00 0.00 0.00
16 11.00 0.00 0.00 0.00 0.00 0.00 0.00 0.00 0.00 0.00 0.00 0.00
17 64.00 0.00 0.00 0.00 0.00 0.00 0.00 0.00 0.00 0.00 0.00 0.00
18 8.00 0.00 0.00 0.00 0.00 0.00 0.00 0.00 0.00 0.00 0.00 0.00
19 3.00 0.00 0.00 0.00 0.00 0.00 0.00 0.00 0.00 0.00 0.00 0.00
20 9.00 0.00 0.00 0.00 0.00 0.00 0.00 0.00 0.00 0.00 0.00 0.00
21 2.00 0.00 0.00 0.00 0.00 0.00 0.00 0.00 0.00 0.00 0.00 0.00
22 255.00 0.00 0.00 0.00 0.00 0.00 0.00 0.00 0.00 0.00 0.00 0.00
23 255.00 0.00 0.00 0.00 0.00 0.00 0.00 0.00 0.00 0.00 0.00 0.00
24 254.00 0.00 0.00 0.00 0.00 0.00 0.00 0.00 0.00 0.00 0.00 0.00
25 11.00 0.00 0.00 0.00 0.00 0.00 0.00 0.00 0.00 0.00 0.00 0.00
26 10.00 0.00 0.00 0.00 0.00 0.00 0.00 0.00 0.00 0.00 0.00 0.00
27 14.00 0.00 0.00 0.00 0.00 0.00 0.00 0.00 0.00 0.00 0.00 0.00
28 7.00 0.00 0.00 0.00 0.00 0.00 0.00 0.00 0.00 0.00 0.00 0.00
29 7.00 0.00 0.00 0.00 0.00 0.00 0.00 0.00 0.00 0.00 0.00 0.00
30 10.00 0.00 0.00 0.00 0.00 0.00 0.00 0.00 0.00 0.00 0.00 0.00
31 7.00 0.00 0.00 0.00 0.00 0.00 0.00 0.00 0.00 0.00 0.00 0.00
32 9.00 0.00 0.00 0.00 0.00 0.00 0.00 0.00 0.00 0.00 0.00 0.00
33 8.00 0.00 0.00 0.00 0.00 0.00 0.00 0.00 0.00 0.00 0.00 0.00
34 6.00 0.00 0.00 0.00 0.00 0.00 0.00 0.00 0.00 0.00 0.00 0.00
35 5.00 0.00 0.00 0.00 0.00 0.00 0.00 0.00 0.00 0.00 0.00 0.00
36 4.00 0.00 0.00 0.00 0.00 0.00 0.00 0.00 0.00 0.00 0.00 0.00
37 17.00 0.00 0.00 0.00 0.00 0.00 0.00 0.00 0.00 0.00 0.00 0.00
38 9.00 0.00 0.00 0.00 0.00 0.00 0.00 0.00 0.00 0.00 0.00 0.00
39 11.00 0.00 0.00 0.00 0.00 0.00 0.00 0.00 0.00 0.00 0.00 0.00
40 1.00 0.00 0.00 0.00 0.00 0.00 0.00 0.00 0.00 0.00 0.00 0.00
41 3.00 0.00 0.00 0.00 0.00 0.00 0.00 0.00 0.00 0.00 0.00 0.00
42 2.00 0.00 0.00 0.00 0.00 0.00 0.00 0.00 0.00 0.00 0.00 0.00
43 0.00 0.00 0.00 0.00 0.00 0.00 0.00 0.00 0.00 0.00 0.00 0.00
44 180.00 0.00 0.00 0.00 0.00 0.00 0.00 0.00 0.00 0.00 0.00 0.00
45 207.00 0.00 0.00 0.00 0.00 0.00 0.00 0.00 0.00 0.00 0.00 0.00
46 161.00 0.00 0.00 0.00 0.00 0.00 0.00 0.00 0.00 0.00 0.00 0.00
47 37.00 0.00 0.00 0.00 0.00 0.00 0.00 0.00 0.00 0.00 0.00 0.00
48 11.00 0.00 0.00 0.00 0.00 0.00 0.00 0.00 0.00 0.00 0.00 0.00
49 11.00 0.00 0.00 0.00 0.00 0.00 0.00 0.00 0.00 0.00 0.00 0.00
50 11.00 0.00 0.00 0.00 0.00 0.00 0.00 0.00 0.00 0.00 0.00 0.00
51 7.00 0.00 0.00 0.00 0.00 0.00 0.00 0.00 0.00 0.00 0.00 0.00
52 14.00 0.00 0.00 0.00 0.00 0.00 0.00 0.00 0.00 0.00 0.00 0.00
53 16.00 0.00 0.00 0.00 0.00 0.00 0.00 0.00 0.00 0.00 0.00 0.00
54 23.00 0.00 0.00 0.00 0.00 0.00 0.00 0.00 0.00 0.00 0.00 0.00
55 16.00 0.00 0.00 0.00 0.00 0.00 0.00 0.00 0.00 0.00 0.00 0.00
56 27.00 0.00 0.00 0.00 0.00 0.00 0.00 0.00 0.00 0.00 0.00 0.00
57 4.00 0.00 0.00 0.00 0.00 0.00 0.00 0.00 0.00 0.00 0.00 0.00
58 10.00 0.00 0.00 0.00 0.00 0.00 0.00 0.00 0.00 0.00 0.00 0.00
59 30.00 0.00 0.00 0.00 0.00 0.00 0.00 0.00 0.00 0.00 0.00 0.00
60 9.00 0.00 0.00 0.00 0.00 0.00 0.00 0.00 0.00 0.00 0.00 0.00
61 5.00 0.00 0.00 0.00 0.00 0.00 0.00 0.00 0.00 0.00 0.00 0.00
62 4.00 0.00 0.00 0.00 0.00 0.00 0.00 0.00 0.00 0.00 0.00 0.00
63 6.00 0.00 0.00 0.00 0.00 0.00 0.00 0.00 0.00 0.00 0.00 0.00
64 11.00 0.00 0.00 0.00 0.00 0.00 0.00 0.00 0.00 0.00 0.00 0.00
65 2.00 0.00 0.00 0.00 0.00 0.00 0.00 0.00 0.00 0.00 0.00 0.00
66 218.00 0.00 0.00 0.00 0.00 0.00 0.00 0.00 0.00 0.00 0.00 0.00
67 236.00 0.00 0.00 0.00 0.00 0.00 0.00 0.00 0.00 0.00 0.00 0.00
68 143.00 0.00 0.00 0.00 0.00 0.00 0.00 0.00 0.00 0.00 0.00 0.00
69 12.00 0.00 0.00 0.00 0.00 0.00 0.00 0.00 0.00 0.00 0.00 0.00
70 17.00 0.00 0.00 0.00 0.00 0.00 0.00 0.00 0.00 0.00 0.00 0.00
71 14.00 0.00 0.00 0.00 0.00 0.00 0.00 0.00 0.00 0.00 0.00 0.00
72 11.00 0.00 0.00 0.00 0.00 0.00 0.00 0.00 0.00 0.00 0.00 0.00
73 16.00 0.00 0.00 0.00 0.00 0.00 0.00 0.00 0.00 0.00 0.00 0.00
74 16.00 0.00 0.00 0.00 0.00 0.00 0.00 0.00 0.00 0.00 0.00 0.00
75 42.00 0.00 0.00 0.00 0.00 0.00 0.00 0.00 0.00 0.00 0.00 0.00
76 54.00 0.00 0.00 0.00 0.00 0.00 0.00 0.00 0.00 0.00 0.00 0.00
77 86.00 0.00 0.00 0.00 0.00 0.00 0.00 0.00 0.00 0.00 0.00 0.00
78 81.00 0.00 0.00 0.00 0.00 0.00 0.00 0.00 0.00 0.00 0.00 0.00
79 50.00 0.00 0.00 0.00 0.00 0.00 0.00 0.00 0.00 0.00 0.00 0.00
80 25.00 0.00 0.00 0.00 0.00 0.00 0.00 0.00 0.00 0.00 0.00 0.00
81 20.00 0.00 0.00 0.00 0.00 0.00 0.00 0.00 0.00 0.00 0.00 0.00
82 19.00 0.00 0.00 0.00 0.00 0.00 0.00 0.00 0.00 0.00 0.00 0.00
83 6.00 0.00 0.00 0.00 0.00 0.00 0.00 0.00 0.00 0.00 0.00 0.00
84 6.00 0.00 0.00 0.00 0.00 0.00 0.00 0.00 0.00 0.00 0.00 0.00
85 8.00 0.00 0.00 0.00 0.00 0.00 0.00 0.00 0.00 0.00 0.00 0.00
86 11.00 0.00 0.00 0.00 0.00 0.00 0.00 0.00 0.00 0.00 0.00 0.00
87 16.00 0.00 0.00 0.00 0.00 0.00 0.00 0.00 0.00 0.00 0.00 0.00
88 208.00 0.00 0.00 0.00 0.00 0.00 0.00 0.00 0.00 0.00 0.00 0.00
89 173.00 0.00 0.00 0.00 0.00 0.00 0.00 0.00 0.00 0.00 0.00 0.00
90 56.00 0.00 0.00 0.00 0.00 0.00 0.00 0.00 0.00 0.00 0.00 0.00
91 11.00 0.00 0.00 0.00 0.00 0.00 0.00 0.00 0.00 0.00 0.00 0.00
92 11.00 0.00 0.00 0.00 0.00 0.00 0.00 0.00 0.00 0.00 0.00 0.00
93 10.00 0.00 0.00 0.00 0.00 0.00 0.00 0.00 0.00 0.00 0.00 0.00
94 17.00 0.00 0.00 0.00 0.00 0.00 0.00 0.00 0.00 0.00 0.00 0.00
95 27.00 0.00 0.00 0.00 0.00 0.00 0.00 0.00 0.00 0.00 0.00 0.00
96 56.00 0.00 0.00 0.00 0.00 0.00 0.00 0.00 0.00 0.00 0.00 0.00
97 186.00 0.00 0.00 0.00 0.00 0.00 0.00 0.00 0.00 0.00 0.00 0.00
98 215.00 0.00 0.00 0.00 0.00 0.00 0.00 0.00 0.00 0.00 0.00 0.00
99 202.00 0.00 0.00 0.00 0.00 0.00 0.00 0.00 0.00 0.00 0.00 0.00
100 209.00 0.00 0.00 0.00 0.00 0.00 0.00 0.00 0.00 0.00 0.00 0.00
101 185.00 0.00 0.00 0.00 0.00 0.00 0.00 0.00 0.00 0.00 0.00 0.00
102 57.00 0.00 0.00 0.00 0.00 0.00 0.00 0.00 0.00 0.00 0.00 0.00
103 73.00 0.00 0.00 0.00 0.00 0.00 0.00 0.00 0.00 0.00 0.00 0.00
104 46.00 0.00 0.00 0.00 0.00 0.00 0.00 0.00 0.00 0.00 0.00 0.00
105 5.00 0.00 0.00 0.00 0.00 0.00 0.00 0.00 0.00 0.00 0.00 0.00
106 4.00 0.00 0.00 0.00 0.00 0.00 0.00 0.00 0.00 0.00 0.00 0.00
107 4.00 0.00 0.00 0.00 0.00 0.00 0.00 0.00 0.00 0.00 0.00 0.00
108 4.00 0.00 0.00 0.00 0.00 0.00 0.00 0.00 0.00 0.00 0.00 0.00
109 1.00 0.00 0.00 0.00 0.00 0.00 0.00 0.00 0.00 0.00 0.00 0.00
110 188.00 0.00 0.00 0.00 0.00 0.00 0.00 0.00 0.00 0.00 0.00 0.00
111 176.00 0.00 0.00 0.00 0.00 0.00 0.00 0.00 0.00 0.00 0.00 0.00
112 54.00 0.00 0.00 0.00 0.00 0.00 0.00 0.00 0.00 0.00 0.00 0.00
113 16.00 0.00 0.00 0.00 0.00 0.00 0.00 0.00 0.00 0.00 0.00 0.00
114 10.00 0.00 0.00 0.00 0.00 0.00 0.00 0.00 0.00 0.00 0.00 0.00
115 18.00 0.00 0.00 0.00 0.00 0.00 0.00 0.00 0.00 0.00 0.00 0.00
116 29.00 0.00 0.00 0.00 0.00 0.00 0.00 0.00 0.00 0.00 0.00 0.00
117 95.00 0.00 0.00 0.00 0.00 0.00 0.00 0.00 0.00 0.00 0.00 0.00
118 162.00 0.00 0.00 0.00 0.00 0.00 0.00 0.00 0.00 0.00 0.00 0.00
119 191.00 0.00 0.00 0.00 0.00 0.00 0.00 0.00 0.00 0.00 0.00 0.00
120 236.00 0.00 0.00 0.00 0.00 0.00 0.00 0.00 0.00 0.00 0.00 0.00
121 247.00 0.00 0.00 0.00 0.00 0.00 0.00 0.00 0.00 0.00 0.00 0.00
122 223.00 0.00 0.00 0.00 0.00 0.00 0.00 0.00 0.00 0.00 0.00 0.00
123 201.00 0.00 0.00 0.00 0.00 0.00 0.00 0.00 0.00 0.00 0.00 0.00
124 177.00 0.00 0.00 0.00 0.00 0.00 0.00 0.00 0.00 0.00 0.00 0.00
125 109.00 0.00 0.00 0.00 0.00 0.00 0.00 0.00 0.00 0.00 0.00 0.00
126 29.00 0.00 0.00 0.00 0.00 0.00 0.00 0.00 0.00 0.00 0.00 0.00
127 23.00 0.00 0.00 0.00 0.00 0.00 0.00 0.00 0.00 0.00 0.00 0.00
128 8.00 0.00 0.00 0.00 0.00 0.00 0.00 0.00 0.00 0.00 0.00 0.00
129 2.00 0.00 0.00 0.00 0.00 0.00 0.00 0.00 0.00 0.00 0.00 0.00
130 5.00 0.00 0.00 0.00 0.00 0.00 0.00 0.00 0.00 0.00 0.00 0.00
131 2.00 0.00 0.00 0.00 0.00 0.00 0.00 0.00 0.00 0.00 0.00 0.00
132 188.00 0.00 0.00 0.00 0.00 0.00 0.00 0.00 0.00 0.00 0.00 0.00
133 185.00 0.00 0.00 0.00 0.00 0.00 0.00 0.00 0.00 0.00 0.00 0.00
134 31.00 0.00 0.00 0.00 0.00 0.00 0.00 0.00 0.00 0.00 0.00 0.00
135 11.00 0.00 0.00 0.00 0.00 0.00 0.00 0.00 0.00 0.00 0.00 0.00
136 36.00 0.00 0.00 0.00 0.00 0.00 0.00 0.00 0.00 0.00 0.00 0.00
137 34.00 0.00 0.00 0.00 0.00 0.00 0.00 0.00 0.00 0.00 0.00 0.00
138 60.00 0.00 0.00 0.00 0.00 0.00 0.00 0.00 0.00 0.00 0.00 0.00
139 130.00 0.00 0.00 0.00 0.00 0.00 0.00 0.00 0.00 0.00 0.00 0.00
140 241.00 0.00 0.00 0.00 0.00 0.00 0.00 0.00 0.00 0.00 0.00 0.00
141 255.00 0.00 0.00 0.00 0.00 0.00 0.00 0.00 0.00 0.00 0.00 0.00
142 253.00 0.00 0.00 0.00 0.00 0.00 0.00 0.00 0.00 0.00 0.00 0.00
143 250.00 0.00 0.00 0.00 0.00 0.00 0.00 0.00 0.00 0.00 0.00 0.00
144 227.00 0.00 0.00 0.00 0.00 0.00 0.00 0.00 0.00 0.00 0.00 0.00
145 224.00 0.00 0.00 0.00 0.00 0.00 0.00 0.00 0.00 0.00 0.00 0.00
146 175.00 0.00 0.00 0.00 0.00 0.00 0.00 0.00 0.00 0.00 0.00 0.00
147 137.00 0.00 0.00 0.00 0.00 0.00 0.00 0.00 0.00 0.00 0.00 0.00
148 31.00 0.00 0.00 0.00 0.00 0.00 0.00 0.00 0.00 0.00 0.00 0.00
149 9.00 0.00 0.00 0.00 0.00 0.00 0.00 0.00 0.00 0.00 0.00 0.00
150 5.00 0.00 0.00 0.00 0.00 0.00 0.00 0.00 0.00 0.00 0.00 0.00
151 1.00 0.00 0.00 0.00 0.00 0.00 0.00 0.00 0.00 0.00 0.00 0.00
152 1.00 0.00 0.00 0.00 0.00 0.00 0.00 0.00 0.00 0.00 0.00 0.00
153 3.00 0.00 0.00 0.00 0.00 0.00 0.00 0.00 0.00 0.00 0.00 0.00
154 141.00 0.00 0.00 0.00 0.00 0.00 0.00 0.00 0.00 0.00 0.00 0.00
155 194.00 0.00 0.00 0.00 0.00 0.00 0.00 0.00 0.00 0.00 0.00 0.00
156 23.00 0.00 0.00 0.00 0.00 0.00 0.00 0.00 0.00 0.00 0.00 0.00
157 34.00 0.00 0.00 0.00 0.00 0.00 0.00 0.00 0.00 0.00 0.00 0.00
158 33.00 0.00 0.00 0.00 0.00 0.00 0.00 0.00 0.00 0.00 0.00 0.00
159 55.00 0.00 0.00 0.00 0.00 0.00 0.00 0.00 0.00 0.00 0.00 0.00
160 164.00 0.00 0.00 0.00 0.00 0.00 0.00 0.00 0.00 0.00 0.00 0.00
161 232.00 0.00 0.00 0.00 0.00 0.00 0.00 0.00 0.00 0.00 0.00 0.00
162 252.00 0.00 0.00 0.00 0.00 0.00 0.00 0.00 0.00 0.00 0.00 0.00
163 252.00 0.00 0.00 0.00 0.00 0.00 0.00 0.00 0.00 0.00 0.00 0.00
164 255.00 0.00 0.00 0.00 0.00 0.00 0.00 0.00 0.00 0.00 0.00 0.00
165 249.00 0.00 0.00 0.00 0.00 0.00 0.00 0.00 0.00 0.00 0.00 0.00
166 240.00 0.00 0.00 0.00 0.00 0.00 0.00 0.00 0.00 0.00 0.00 0.00
167 220.00 0.00 0.00 0.00 0.00 0.00 0.00 0.00 0.00 0.00 0.00 0.00
168 180.00 0.00 0.00 0.00 0.00 0.00 0.00 0.00 0.00 0.00 0.00 0.00
169 145.00 0.00 0.00 0.00 0.00 0.00 0.00 0.00 0.00 0.00 0.00 0.00
170 77.00 0.00 0.00 0.00 0.00 0.00 0.00 0.00 0.00 0.00 0.00 0.00
171 22.00 0.00 0.00 0.00 0.00 0.00 0.00 0.00 0.00 0.00 0.00 0.00
172 162.00 0.00 0.00 0.00 0.00 0.00 0.00 0.00 0.00 0.00 0.00 0.00
173 6.00 0.00 0.00 0.00 0.00 0.00 0.00 0.00 0.00 0.00 0.00 0.00
174 0.00 0.00 0.00 0.00 0.00 0.00 0.00 0.00 0.00 0.00 0.00 0.00
175 3.00 0.00 0.00 0.00 0.00 0.00 0.00 0.00 0.00 0.00 0.00 0.00
176 178.00 0.00 0.00 0.00 0.00 0.00 0.00 0.00 0.00 0.00 0.00 0.00
177 177.00 0.00 0.00 0.00 0.00 0.00 0.00 0.00 0.00 0.00 0.00 0.00
178 20.00 0.00 0.00 0.00 0.00 0.00 0.00 0.00 0.00 0.00 0.00 0.00
179 38.00 0.00 0.00 0.00 0.00 0.00 0.00 0.00 0.00 0.00 0.00 0.00
180 95.00 0.00 0.00 0.00 0.00 0.00 0.00 0.00 0.00 0.00 0.00 0.00
181 213.00 0.00 0.00 0.00 0.00 0.00 0.00 0.00 0.00 0.00 0.00 0.00
182 235.00 0.00 0.00 0.00 0.00 0.00 0.00 0.00 0.00 0.00 0.00 0.00
183 239.00 0.00 0.00 0.00 0.00 0.00 0.00 0.00 0.00 0.00 0.00 0.00
184 249.00 0.00 0.00 0.00 0.00 0.00 0.00 0.00 0.00 0.00 0.00 0.00
185 255.00 0.00 0.00 0.00 0.00 0.00 0.00 0.00 0.00 0.00 0.00 0.00
186 254.00 0.00 0.00 0.00 0.00 0.00 0.00 0.00 0.00 0.00 0.00 0.00
187 255.00 0.00 0.00 0.00 0.00 0.00 0.00 0.00 0.00 0.00 0.00 0.00
188 249.00 0.00 0.00 0.00 0.00 0.00 0.00 0.00 0.00 0.00 0.00 0.00
189 221.00 0.00 0.00 0.00 0.00 0.00 0.00 0.00 0.00 0.00 0.00 0.00
190 210.00 0.00 0.00 0.00 0.00 0.00 0.00 0.00 0.00 0.00 0.00 0.00
191 152.00 0.00 0.00 0.00 0.00 0.00 0.00 0.00 0.00 0.00 0.00 0.00
192 121.00 0.00 0.00 0.00 0.00 0.00 0.00 0.00 0.00 0.00 0.00 0.00
193 18.00 0.00 0.00 0.00 0.00 0.00 0.00 0.00 0.00 0.00 0.00 0.00
194 167.00 0.00 0.00 0.00 0.00 0.00 0.00 0.00 0.00 0.00 0.00 0.00
195 99.00 0.00 0.00 0.00 0.00 0.00 0.00 0.00 0.00 0.00 0.00 0.00
196 65.00 0.00 0.00 0.00 0.00 0.00 0.00 0.00 0.00 0.00 0.00 0.00
197 1.00 0.00 0.00 0.00 0.00 0.00 0.00 0.00 0.00 0.00 0.00 0.00
198 118.00 0.00 0.00 0.00 0.00 0.00 0.00 0.00 0.00 0.00 0.00 0.00
199 246.00 0.00 0.00 0.00 0.00 0.00 0.00 0.00 0.00 0.00 0.00 0.00
200 54.00 0.00 0.00 0.00 0.00 0.00 0.00 0.00 0.00 0.00 0.00 0.00
201 63.00 0.00 0.00 0.00 0.00 0.00 0.00 0.00 0.00 0.00 0.00 0.00
202 169.00 0.00 0.00 0.00 0.00 0.00 0.00 0.00 0.00 0.00 0.00 0.00
203 214.00 0.00 0.00 0.00 0.00 0.00 0.00 0.00 0.00 0.00 0.00 0.00
204 227.00 0.00 0.00 0.00 0.00 0.00 0.00 0.00 0.00 0.00 0.00 0.00
205 250.00 0.00 0.00 0.00 0.00 0.00 0.00 0.00 0.00 0.00 0.00 0.00
206 254.00 0.00 0.00 0.00 0.00 0.00 0.00 0.00 0.00 0.00 0.00 0.00
207 255.00 0.00 0.00 0.00 0.00 0.00 0.00 0.00 0.00 0.00 0.00 0.00
208 255.00 0.00 0.00 0.00 0.00 0.00 0.00 0.00 0.00 0.00 0.00 0.00
209 255.00 0.00 0.00 0.00 0.00 0.00 0.00 0.00 0.00 0.00 0.00 0.00
210 245.00 0.00 0.00 0.00 0.00 0.00 0.00 0.00 0.00 0.00 0.00 0.00
211 234.00 0.00 0.00 0.00 0.00 0.00 0.00 0.00 0.00 0.00 0.00 0.00
212 216.00 0.00 0.00 0.00 0.00 0.00 0.00 0.00 0.00 0.00 0.00 0.00
213 177.00 0.00 0.00 0.00 0.00 0.00 0.00 0.00 0.00 0.00 0.00 0.00
214 152.00 0.00 0.00 0.00 0.00 0.00 0.00 0.00 0.00 0.00 0.00 0.00
215 97.00 0.00 0.00 0.00 0.00 0.00 0.00 0.00 0.00 0.00 0.00 0.00
216 242.00 0.00 0.00 0.00 0.00 0.00 0.00 0.00 0.00 0.00 0.00 0.00
217 209.00 0.00 0.00 0.00 0.00 0.00 0.00 0.00 0.00 0.00 0.00 0.00
218 10.00 0.00 0.00 0.00 0.00 0.00 0.00 0.00 0.00 0.00 0.00 0.00
219 1.00 0.00 0.00 0.00 0.00 0.00 0.00 0.00 0.00 0.00 0.00 0.00
220 17.00 0.00 0.00 0.00 0.00 0.00 0.00 0.00 0.00 0.00 0.00 0.00
221 17.00 0.00 0.00 0.00 0.00 0.00 0.00 0.00 0.00 0.00 0.00 0.00
222 32.00 0.00 0.00 0.00 0.00 0.00 0.00 0.00 0.00 0.00 0.00 0.00
223 47.00 0.00 0.00 0.00 0.00 0.00 0.00 0.00 0.00 0.00 0.00 0.00
224 133.00 0.00 0.00 0.00 0.00 0.00 0.00 0.00 0.00 0.00 0.00 0.00
225 187.00 0.00 0.00 0.00 0.00 0.00 0.00 0.00 0.00 0.00 0.00 0.00
226 216.00 0.00 0.00 0.00 0.00 0.00 0.00 0.00 0.00 0.00 0.00 0.00
227 242.00 0.00 0.00 0.00 0.00 0.00 0.00 0.00 0.00 0.00 0.00 0.00
228 255.00 0.00 0.00 0.00 0.00 0.00 0.00 0.00 0.00 0.00 0.00 0.00
229 251.00 0.00 0.00 0.00 0.00 0.00 0.00 0.00 0.00 0.00 0.00 0.00
230 254.00 0.00 0.00 0.00 0.00 0.00 0.00 0.00 0.00 0.00 0.00 0.00
231 252.00 0.00 0.00 0.00 0.00 0.00 0.00 0.00 0.00 0.00 0.00 0.00
232 244.00 0.00 0.00 0.00 0.00 0.00 0.00 0.00 0.00 0.00 0.00 0.00
233 170.00 0.00 0.00 0.00 0.00 0.00 0.00 0.00 0.00 0.00 0.00 0.00
234 96.00 0.00 0.00 0.00 0.00 0.00 0.00 0.00 0.00 0.00 0.00 0.00
235 114.00 0.00 0.00 0.00 0.00 0.00 0.00 0.00 0.00 0.00 0.00 0.00
236 182.00 0.00 0.00 0.00 0.00 0.00 0.00 0.00 0.00 0.00 0.00 0.00
237 113.00 0.00 0.00 0.00 0.00 0.00 0.00 0.00 0.00 0.00 0.00 0.00
238 179.00 0.00 0.00 0.00 0.00 0.00 0.00 0.00 0.00 0.00 0.00 0.00
239 147.00 0.00 0.00 0.00 0.00 0.00 0.00 0.00 0.00 0.00 0.00 0.00
240 14.00 0.00 0.00 0.00 0.00 0.00 0.00 0.00 0.00 0.00 0.00 0.00
241 10.00 0.00 0.00 0.00 0.00 0.00 0.00 0.00 0.00 0.00 0.00 0.00
242 255.00 0.00 0.00 0.00 0.00 0.00 0.00 0.00 0.00 0.00 0.00 0.00
243 250.00 0.00 0.00 0.00 0.00 0.00 0.00 0.00 0.00 0.00 0.00 0.00
244 130.00 0.00 0.00 0.00 0.00 0.00 0.00 0.00 0.00 0.00 0.00 0.00
245 43.00 0.00 0.00 0.00 0.00 0.00 0.00 0.00 0.00 0.00 0.00 0.00
246 79.00 0.00 0.00 0.00 0.00 0.00 0.00 0.00 0.00 0.00 0.00 0.00
247 160.00 0.00 0.00 0.00 0.00 0.00 0.00 0.00 0.00 0.00 0.00 0.00
248 210.00 0.00 0.00 0.00 0.00 0.00 0.00 0.00 0.00 0.00 0.00 0.00
249 235.00 0.00 0.00 0.00 0.00 0.00 0.00 0.00 0.00 0.00 0.00 0.00
250 246.00 0.00 0.00 0.00 0.00 0.00 0.00 0.00 0.00 0.00 0.00 0.00
251 250.00 0.00 0.00 0.00 0.00 0.00 0.00 0.00 0.00 0.00 0.00 0.00
252 250.00 0.00 0.00 0.00 0.00 0.00 0.00 0.00 0.00 0.00 0.00 0.00
253 247.00 0.00 0.00 0.00 0.00 0.00 0.00 0.00 0.00 0.00 0.00 0.00
254 162.00 0.00 0.00 0.00 0.00 0.00 0.00 0.00 0.00 0.00 0.00 0.00
255 120.00 0.00 0.00 0.00 0.00 0.00 0.00 0.00 0.00 0.00 0.00 0.00
256 117.00 0.00 0.00 0.00 0.00 0.00 0.00 0.00 0.00 0.00 0.00 0.00
257 146.00 0.00 0.00 0.00 0.00 0.00 0.00 0.00 0.00 0.00 0.00 0.00
258 222.00 0.00 0.00 0.00 0.00 0.00 0.00 0.00 0.00 0.00 0.00 0.00
259 135.00 0.00 0.00 0.00 0.00 0.00 0.00 0.00 0.00 0.00 0.00 0.00
260 81.00 0.00 0.00 0.00 0.00 0.00 0.00 0.00 0.00 0.00 0.00 0.00
261 180.00 0.00 0.00 0.00 0.00 0.00 0.00 0.00 0.00 0.00 0.00 0.00
262 79.00 0.00 0.00 0.00 0.00 0.00 0.00 0.00 0.00 0.00 0.00 0.00
263 0.00 0.00 0.00 0.00 0.00 0.00 0.00 0.00 0.00 0.00 0.00 0.00
264 254.00 0.00 0.00 0.00 0.00 0.00 0.00 0.00 0.00 0.00 0.00 0.00
265 252.00 0.00 0.00 0.00 0.00 0.00 0.00 0.00 0.00 0.00 0.00 0.00
266 202.00 0.00 0.00 0.00 0.00 0.00 0.00 0.00 0.00 0.00 0.00 0.00
267 20.00 0.00 0.00 0.00 0.00 0.00 0.00 0.00 0.00 0.00 0.00 0.00
268 28.00 0.00 0.00 0.00 0.00 0.00 0.00 0.00 0.00 0.00 0.00 0.00
269 103.00 0.00 0.00 0.00 0.00 0.00 0.00 0.00 0.00 0.00 0.00 0.00
270 173.00 0.00 0.00 0.00 0.00 0.00 0.00 0.00 0.00 0.00 0.00 0.00
271 217.00 0.00 0.00 0.00 0.00 0.00 0.00 0.00 0.00 0.00 0.00 0.00
272 248.00 0.00 0.00 0.00 0.00 0.00 0.00 0.00 0.00 0.00 0.00 0.00
273 253.00 0.00 0.00 0.00 0.00 0.00 0.00 0.00 0.00 0.00 0.00 0.00
274 247.00 0.00 0.00 0.00 0.00 0.00 0.00 0.00 0.00 0.00 0.00 0.00
275 191.00 0.00 0.00 0.00 0.00 0.00 0.00 0.00 0.00 0.00 0.00 0.00
276 115.00 0.00 0.00 0.00 0.00 0.00 0.00 0.00 0.00 0.00 0.00 0.00
277 255.00 0.00 0.00 0.00 0.00 0.00 0.00 0.00 0.00 0.00 0.00 0.00
278 240.00 0.00 0.00 0.00 0.00 0.00 0.00 0.00 0.00 0.00 0.00 0.00
279 235.00 0.00 0.00 0.00 0.00 0.00 0.00 0.00 0.00 0.00 0.00 0.00
280 202.00 0.00 0.00 0.00 0.00 0.00 0.00 0.00 0.00 0.00 0.00 0.00
281 156.00 0.00 0.00 0.00 0.00 0.00 0.00 0.00 0.00 0.00 0.00 0.00
282 92.00 0.00 0.00 0.00 0.00 0.00 0.00 0.00 0.00 0.00 0.00 0.00
283 177.00 0.00 0.00 0.00 0.00 0.00 0.00 0.00 0.00 0.00 0.00 0.00
284 91.00 0.00 0.00 0.00 0.00 0.00 0.00 0.00 0.00 0.00 0.00 0.00
285 74.00 0.00 0.00 0.00 0.00 0.00 0.00 0.00 0.00 0.00 0.00 0.00
286 253.00 0.00 0.00 0.00 0.00 0.00 0.00 0.00 0.00 0.00 0.00 0.00
287 253.00 0.00 0.00 0.00 0.00 0.00 0.00 0.00 0.00 0.00 0.00 0.00
288 250.00 0.00 0.00 0.00 0.00 0.00 0.00 0.00 0.00 0.00 0.00 0.00
289 25.00 0.00 0.00 0.00 0.00 0.00 0.00 0.00 0.00 0.00 0.00 0.00
290 12.00 0.00 0.00 0.00 0.00 0.00 0.00 0.00 0.00 0.00 0.00 0.00
291 55.00 0.00 0.00 0.00 0.00 0.00 0.00 0.00 0.00 0.00 0.00 0.00
292 197.00 0.00 0.00 0.00 0.00 0.00 0.00 0.00 0.00 0.00 0.00 0.00
293 163.00 0.00 0.00 0.00 0.00 0.00 0.00 0.00 0.00 0.00 0.00 0.00
294 204.00 0.00 0.00 0.00 0.00 0.00 0.00 0.00 0.00 0.00 0.00 0.00
295 178.00 0.00 0.00 0.00 0.00 0.00 0.00 0.00 0.00 0.00 0.00 0.00
296 191.00 0.00 0.00 0.00 0.00 0.00 0.00 0.00 0.00 0.00 0.00 0.00
297 227.00 0.00 0.00 0.00 0.00 0.00 0.00 0.00 0.00 0.00 0.00 0.00
298 207.00 0.00 0.00 0.00 0.00 0.00 0.00 0.00 0.00 0.00 0.00 0.00
299 187.00 0.00 0.00 0.00 0.00 0.00 0.00 0.00 0.00 0.00 0.00 0.00
300 236.00 0.00 0.00 0.00 0.00 0.00 0.00 0.00 0.00 0.00 0.00 0.00
301 255.00 0.00 0.00 0.00 0.00 0.00 0.00 0.00 0.00 0.00 0.00 0.00
302 232.00 0.00 0.00 0.00 0.00 0.00 0.00 0.00 0.00 0.00 0.00 0.00
303 189.00 0.00 0.00 0.00 0.00 0.00 0.00 0.00 0.00 0.00 0.00 0.00
304 142.00 0.00 0.00 0.00 0.00 0.00 0.00 0.00 0.00 0.00 0.00 0.00
305 44.00 0.00 0.00 0.00 0.00 0.00 0.00 0.00 0.00 0.00 0.00 0.00
306 86.00 0.00 0.00 0.00 0.00 0.00 0.00 0.00 0.00 0.00 0.00 0.00
307 136.00 0.00 0.00 0.00 0.00 0.00 0.00 0.00 0.00 0.00 0.00 0.00
308 252.00 0.00 0.00 0.00 0.00 0.00 0.00 0.00 0.00 0.00 0.00 0.00
309 253.00 0.00 0.00 0.00 0.00 0.00 0.00 0.00 0.00 0.00 0.00 0.00
310 228.00 0.00 0.00 0.00 0.00 0.00 0.00 0.00 0.00 0.00 0.00 0.00
311 146.00 0.00 0.00 0.00 0.00 0.00 0.00 0.00 0.00 0.00 0.00 0.00
312 6.00 0.00 0.00 0.00 0.00 0.00 0.00 0.00 0.00 0.00 0.00 0.00
313 22.00 0.00 0.00 0.00 0.00 0.00 0.00 0.00 0.00 0.00 0.00 0.00
314 79.00 0.00 0.00 0.00 0.00 0.00 0.00 0.00 0.00 0.00 0.00 0.00
315 94.00 0.00 0.00 0.00 0.00 0.00 0.00 0.00 0.00 0.00 0.00 0.00
316 182.00 0.00 0.00 0.00 0.00 0.00 0.00 0.00 0.00 0.00 0.00 0.00
317 60.00 0.00 0.00 0.00 0.00 0.00 0.00 0.00 0.00 0.00 0.00 0.00
318 242.00 0.00 0.00 0.00 0.00 0.00 0.00 0.00 0.00 0.00 0.00 0.00
319 198.00 0.00 0.00 0.00 0.00 0.00 0.00 0.00 0.00 0.00 0.00 0.00
320 192.00 0.00 0.00 0.00 0.00 0.00 0.00 0.00 0.00 0.00 0.00 0.00
321 237.00 0.00 0.00 0.00 0.00 0.00 0.00 0.00 0.00 0.00 0.00 0.00
322 242.00 0.00 0.00 0.00 0.00 0.00 0.00 0.00 0.00 0.00 0.00 0.00
323 228.00 0.00 0.00 0.00 0.00 0.00 0.00 0.00 0.00 0.00 0.00 0.00
324 228.00 0.00 0.00 0.00 0.00 0.00 0.00 0.00 0.00 0.00 0.00 0.00
325 181.00 0.00 0.00 0.00 0.00 0.00 0.00 0.00 0.00 0.00 0.00 0.00
326 157.00 0.00 0.00 0.00 0.00 0.00 0.00 0.00 0.00 0.00 0.00 0.00
327 87.00 0.00 0.00 0.00 0.00 0.00 0.00 0.00 0.00 0.00 0.00 0.00
328 103.00 0.00 0.00 0.00 0.00 0.00 0.00 0.00 0.00 0.00 0.00 0.00
329 126.00 0.00 0.00 0.00 0.00 0.00 0.00 0.00 0.00 0.00 0.00 0.00
330 29.00 0.00 0.00 0.00 0.00 0.00 0.00 0.00 0.00 0.00 0.00 0.00
331 254.00 0.00 0.00 0.00 0.00 0.00 0.00 0.00 0.00 0.00 0.00 0.00
332 226.00 0.00 0.00 0.00 0.00 0.00 0.00 0.00 0.00 0.00 0.00 0.00
333 217.00 0.00 0.00 0.00 0.00 0.00 0.00 0.00 0.00 0.00 0.00 0.00
334 10.00 0.00 0.00 0.00 0.00 0.00 0.00 0.00 0.00 0.00 0.00 0.00
335 15.00 0.00 0.00 0.00 0.00 0.00 0.00 0.00 0.00 0.00 0.00 0.00
336 77.00 0.00 0.00 0.00 0.00 0.00 0.00 0.00 0.00 0.00 0.00 0.00
337 132.00 0.00 0.00 0.00 0.00 0.00 0.00 0.00 0.00 0.00 0.00 0.00
338 204.00 0.00 0.00 0.00 0.00 0.00 0.00 0.00 0.00 0.00 0.00 0.00
339 175.00 0.00 0.00 0.00 0.00 0.00 0.00 0.00 0.00 0.00 0.00 0.00
340 230.00 0.00 0.00 0.00 0.00 0.00 0.00 0.00 0.00 0.00 0.00 0.00
341 133.00 0.00 0.00 0.00 0.00 0.00 0.00 0.00 0.00 0.00 0.00 0.00
342 246.00 0.00 0.00 0.00 0.00 0.00 0.00 0.00 0.00 0.00 0.00 0.00
343 171.00 0.00 0.00 0.00 0.00 0.00 0.00 0.00 0.00 0.00 0.00 0.00
344 158.00 0.00 0.00 0.00 0.00 0.00 0.00 0.00 0.00 0.00 0.00 0.00
345 152.00 0.00 0.00 0.00 0.00 0.00 0.00 0.00 0.00 0.00 0.00 0.00
346 126.00 0.00 0.00 0.00 0.00 0.00 0.00 0.00 0.00 0.00 0.00 0.00
347 114.00 0.00 0.00 0.00 0.00 0.00 0.00 0.00 0.00 0.00 0.00 0.00
348 175.00 0.00 0.00 0.00 0.00 0.00 0.00 0.00 0.00 0.00 0.00 0.00
349 105.00 0.00 0.00 0.00 0.00 0.00 0.00 0.00 0.00 0.00 0.00 0.00
350 143.00 0.00 0.00 0.00 0.00 0.00 0.00 0.00 0.00 0.00 0.00 0.00
351 131.00 0.00 0.00 0.00 0.00 0.00 0.00 0.00 0.00 0.00 0.00 0.00
352 34.00 0.00 0.00 0.00 0.00 0.00 0.00 0.00 0.00 0.00 0.00 0.00
353 249.00 0.00 0.00 0.00 0.00 0.00 0.00 0.00 0.00 0.00 0.00 0.00
354 218.00 0.00 0.00 0.00 0.00 0.00 0.00 0.00 0.00 0.00 0.00 0.00
355 227.00 0.00 0.00 0.00 0.00 0.00 0.00 0.00 0.00 0.00 0.00 0.00
356 60.00 0.00 0.00 0.00 0.00 0.00 0.00 0.00 0.00 0.00 0.00 0.00
357 13.00 0.00 0.00 0.00 0.00 0.00 0.00 0.00 0.00 0.00 0.00 0.00
358 16.00 0.00 0.00 0.00 0.00 0.00 0.00 0.00 0.00 0.00 0.00 0.00
359 129.00 0.00 0.00 0.00 0.00 0.00 0.00 0.00 0.00 0.00 0.00 0.00
360 242.00 0.00 0.00 0.00 0.00 0.00 0.00 0.00 0.00 0.00 0.00 0.00
361 243.00 0.00 0.00 0.00 0.00 0.00 0.00 0.00 0.00 0.00 0.00 0.00
362 247.00 0.00 0.00 0.00 0.00 0.00 0.00 0.00 0.00 0.00 0.00 0.00
363 137.00 0.00 0.00 0.00 0.00 0.00 0.00 0.00 0.00 0.00 0.00 0.00
364 207.00 0.00 0.00 0.00 0.00 0.00 0.00 0.00 0.00 0.00 0.00 0.00
365 181.00 0.00 0.00 0.00 0.00 0.00 0.00 0.00 0.00 0.00 0.00 0.00
366 131.00 0.00 0.00 0.00 0.00 0.00 0.00 0.00 0.00 0.00 0.00 0.00
367 209.00 0.00 0.00 0.00 0.00 0.00 0.00 0.00 0.00 0.00 0.00 0.00
368 149.00 0.00 0.00 0.00 0.00 0.00 0.00 0.00 0.00 0.00 0.00 0.00
369 189.00 0.00 0.00 0.00 0.00 0.00 0.00 0.00 0.00 0.00 0.00 0.00
370 165.00 0.00 0.00 0.00 0.00 0.00 0.00 0.00 0.00 0.00 0.00 0.00
371 105.00 0.00 0.00 0.00 0.00 0.00 0.00 0.00 0.00 0.00 0.00 0.00
372 125.00 0.00 0.00 0.00 0.00 0.00 0.00 0.00 0.00 0.00 0.00 0.00
373 181.00 0.00 0.00 0.00 0.00 0.00 0.00 0.00 0.00 0.00 0.00 0.00
374 24.00 0.00 0.00 0.00 0.00 0.00 0.00 0.00 0.00 0.00 0.00 0.00
375 249.00 0.00 0.00 0.00 0.00 0.00 0.00 0.00 0.00 0.00 0.00 0.00
376 222.00 0.00 0.00 0.00 0.00 0.00 0.00 0.00 0.00 0.00 0.00 0.00
377 204.00 0.00 0.00 0.00 0.00 0.00 0.00 0.00 0.00 0.00 0.00 0.00
378 150.00 0.00 0.00 0.00 0.00 0.00 0.00 0.00 0.00 0.00 0.00 0.00
379 15.00 0.00 0.00 0.00 0.00 0.00 0.00 0.00 0.00 0.00 0.00 0.00
380 13.00 0.00 0.00 0.00 0.00 0.00 0.00 0.00 0.00 0.00 0.00 0.00
381 59.00 0.00 0.00 0.00 0.00 0.00 0.00 0.00 0.00 0.00 0.00 0.00
382 186.00 0.00 0.00 0.00 0.00 0.00 0.00 0.00 0.00 0.00 0.00 0.00
383 233.00 0.00 0.00 0.00 0.00 0.00 0.00 0.00 0.00 0.00 0.00 0.00
384 227.00 0.00 0.00 0.00 0.00 0.00 0.00 0.00 0.00 0.00 0.00 0.00
385 129.00 0.00 0.00 0.00 0.00 0.00 0.00 0.00 0.00 0.00 0.00 0.00
386 102.00 0.00 0.00 0.00 0.00 0.00 0.00 0.00 0.00 0.00 0.00 0.00
387 117.00 0.00 0.00 0.00 0.00 0.00 0.00 0.00 0.00 0.00 0.00 0.00
388 206.00 0.00 0.00 0.00 0.00 0.00 0.00 0.00 0.00 0.00 0.00 0.00
389 90.00 0.00 0.00 0.00 0.00 0.00 0.00 0.00 0.00 0.00 0.00 0.00
390 181.00 0.00 0.00 0.00 0.00 0.00 0.00 0.00 0.00 0.00 0.00 0.00
391 227.00 0.00 0.00 0.00 0.00 0.00 0.00 0.00 0.00 0.00 0.00 0.00
392 161.00 0.00 0.00 0.00 0.00 0.00 0.00 0.00 0.00 0.00 0.00 0.00
393 53.00 0.00 0.00 0.00 0.00 0.00 0.00 0.00 0.00 0.00 0.00 0.00
394 108.00 0.00 0.00 0.00 0.00 0.00 0.00 0.00 0.00 0.00 0.00 0.00
395 124.00 0.00 0.00 0.00 0.00 0.00 0.00 0.00 0.00 0.00 0.00 0.00
396 20.00 0.00 0.00 0.00 0.00 0.00 0.00 0.00 0.00 0.00 0.00 0.00
397 26.00 0.00 0.00 0.00 0.00 0.00 0.00 0.00 0.00 0.00 0.00 0.00
398 196.00 0.00 0.00 0.00 0.00 0.00 0.00 0.00 0.00 0.00 0.00 0.00
399 133.00 0.00 0.00 0.00 0.00 0.00 0.00 0.00 0.00 0.00 0.00 0.00
400 5.00 0.00 0.00 0.00 0.00 0.00 0.00 0.00 0.00 0.00 0.00 0.00
401 93.00 0.00 0.00 0.00 0.00 0.00 0.00 0.00 0.00 0.00 0.00 0.00
402 110.00 0.00 0.00 0.00 0.00 0.00 0.00 0.00 0.00 0.00 0.00 0.00
403 78.00 0.00 0.00 0.00 0.00 0.00 0.00 0.00 0.00 0.00 0.00 0.00
404 112.00 0.00 0.00 0.00 0.00 0.00 0.00 0.00 0.00 0.00 0.00 0.00
405 190.00 0.00 0.00 0.00 0.00 0.00 0.00 0.00 0.00 0.00 0.00 0.00
406 170.00 0.00 0.00 0.00 0.00 0.00 0.00 0.00 0.00 0.00 0.00 0.00
407 174.00 0.00 0.00 0.00 0.00 0.00 0.00 0.00 0.00 0.00 0.00 0.00
408 157.00 0.00 0.00 0.00 0.00 0.00 0.00 0.00 0.00 0.00 0.00 0.00
409 133.00 0.00 0.00 0.00 0.00 0.00 0.00 0.00 0.00 0.00 0.00 0.00
410 93.00 0.00 0.00 0.00 0.00 0.00 0.00 0.00 0.00 0.00 0.00 0.00
411 130.00 0.00 0.00 0.00 0.00 0.00 0.00 0.00 0.00 0.00 0.00 0.00
412 188.00 0.00 0.00 0.00 0.00 0.00 0.00 0.00 0.00 0.00 0.00 0.00
413 243.00 0.00 0.00 0.00 0.00 0.00 0.00 0.00 0.00 0.00 0.00 0.00
414 162.00 0.00 0.00 0.00 0.00 0.00 0.00 0.00 0.00 0.00 0.00 0.00
415 132.00 0.00 0.00 0.00 0.00 0.00 0.00 0.00 0.00 0.00 0.00 0.00
416 187.00 0.00 0.00 0.00 0.00 0.00 0.00 0.00 0.00 0.00 0.00 0.00
417 79.00 0.00 0.00 0.00 0.00 0.00 0.00 0.00 0.00 0.00 0.00 0.00
418 21.00 0.00 0.00 0.00 0.00 0.00 0.00 0.00 0.00 0.00 0.00 0.00
419 28.00 0.00 0.00 0.00 0.00 0.00 0.00 0.00 0.00 0.00 0.00 0.00
420 19.00 0.00 0.00 0.00 0.00 0.00 0.00 0.00 0.00 0.00 0.00 0.00
421 25.00 0.00 0.00 0.00 0.00 0.00 0.00 0.00 0.00 0.00 0.00 0.00
422 87.00 0.00 0.00 0.00 0.00 0.00 0.00 0.00 0.00 0.00 0.00 0.00
423 135.00 0.00 0.00 0.00 0.00 0.00 0.00 0.00 0.00 0.00 0.00 0.00
424 174.00 0.00 0.00 0.00 0.00 0.00 0.00 0.00 0.00 0.00 0.00 0.00
425 148.00 0.00 0.00 0.00 0.00 0.00 0.00 0.00 0.00 0.00 0.00 0.00
426 23.00 0.00 0.00 0.00 0.00 0.00 0.00 0.00 0.00 0.00 0.00 0.00
427 184.00 0.00 0.00 0.00 0.00 0.00 0.00 0.00 0.00 0.00 0.00 0.00
428 187.00 0.00 0.00 0.00 0.00 0.00 0.00 0.00 0.00 0.00 0.00 0.00
429 192.00 0.00 0.00 0.00 0.00 0.00 0.00 0.00 0.00 0.00 0.00 0.00
430 166.00 0.00 0.00 0.00 0.00 0.00 0.00 0.00 0.00 0.00 0.00 0.00
431 114.00 0.00 0.00 0.00 0.00 0.00 0.00 0.00 0.00 0.00 0.00 0.00
432 148.00 0.00 0.00 0.00 0.00 0.00 0.00 0.00 0.00 0.00 0.00 0.00
433 209.00 0.00 0.00 0.00 0.00 0.00 0.00 0.00 0.00 0.00 0.00 0.00
434 230.00 0.00 0.00 0.00 0.00 0.00 0.00 0.00 0.00 0.00 0.00 0.00
435 230.00 0.00 0.00 0.00 0.00 0.00 0.00 0.00 0.00 0.00 0.00 0.00
436 136.00 0.00 0.00 0.00 0.00 0.00 0.00 0.00 0.00 0.00 0.00 0.00
437 125.00 0.00 0.00 0.00 0.00 0.00 0.00 0.00 0.00 0.00 0.00 0.00
438 125.00 0.00 0.00 0.00 0.00 0.00 0.00 0.00 0.00 0.00 0.00 0.00
439 174.00 0.00 0.00 0.00 0.00 0.00 0.00 0.00 0.00 0.00 0.00 0.00
440 21.00 0.00 0.00 0.00 0.00 0.00 0.00 0.00 0.00 0.00 0.00 0.00
441 21.00 0.00 0.00 0.00 0.00 0.00 0.00 0.00 0.00 0.00 0.00 0.00
442 58.00 0.00 0.00 0.00 0.00 0.00 0.00 0.00 0.00 0.00 0.00 0.00
443 131.00 0.00 0.00 0.00 0.00 0.00 0.00 0.00 0.00 0.00 0.00 0.00
444 133.00 0.00 0.00 0.00 0.00 0.00 0.00 0.00 0.00 0.00 0.00 0.00
445 124.00 0.00 0.00 0.00 0.00 0.00 0.00 0.00 0.00 0.00 0.00 0.00
446 212.00 0.00 0.00 0.00 0.00 0.00 0.00 0.00 0.00 0.00 0.00 0.00
447 192.00 0.00 0.00 0.00 0.00 0.00 0.00 0.00 0.00 0.00 0.00 0.00
448 136.00 0.00 0.00 0.00 0.00 0.00 0.00 0.00 0.00 0.00 0.00 0.00
449 29.00 0.00 0.00 0.00 0.00 0.00 0.00 0.00 0.00 0.00 0.00 0.00
450 121.00 0.00 0.00 0.00 0.00 0.00 0.00 0.00 0.00 0.00 0.00 0.00
451 118.00 0.00 0.00 0.00 0.00 0.00 0.00 0.00 0.00 0.00 0.00 0.00
452 220.00 0.00 0.00 0.00 0.00 0.00 0.00 0.00 0.00 0.00 0.00 0.00
453 164.00 0.00 0.00 0.00 0.00 0.00 0.00 0.00 0.00 0.00 0.00 0.00
454 182.00 0.00 0.00 0.00 0.00 0.00 0.00 0.00 0.00 0.00 0.00 0.00
455 211.00 0.00 0.00 0.00 0.00 0.00 0.00 0.00 0.00 0.00 0.00 0.00
456 209.00 0.00 0.00 0.00 0.00 0.00 0.00 0.00 0.00 0.00 0.00 0.00
457 193.00 0.00 0.00 0.00 0.00 0.00 0.00 0.00 0.00 0.00 0.00 0.00
458 35.00 0.00 0.00 0.00 0.00 0.00 0.00 0.00 0.00 0.00 0.00 0.00
459 190.00 0.00 0.00 0.00 0.00 0.00 0.00 0.00 0.00 0.00 0.00 0.00
460 155.00 0.00 0.00 0.00 0.00 0.00 0.00 0.00 0.00 0.00 0.00 0.00
461 154.00 0.00 0.00 0.00 0.00 0.00 0.00 0.00 0.00 0.00 0.00 0.00
462 26.00 0.00 0.00 0.00 0.00 0.00 0.00 0.00 0.00 0.00 0.00 0.00
463 25.00 0.00 0.00 0.00 0.00 0.00 0.00 0.00 0.00 0.00 0.00 0.00
464 54.00 0.00 0.00 0.00 0.00 0.00 0.00 0.00 0.00 0.00 0.00 0.00
465 123.00 0.00 0.00 0.00 0.00 0.00 0.00 0.00 0.00 0.00 0.00 0.00
466 139.00 0.00 0.00 0.00 0.00 0.00 0.00 0.00 0.00 0.00 0.00 0.00
467 236.00 0.00 0.00 0.00 0.00 0.00 0.00 0.00 0.00 0.00 0.00 0.00
468 206.00 0.00 0.00 0.00 0.00 0.00 0.00 0.00 0.00 0.00 0.00 0.00
469 119.00 0.00 0.00 0.00 0.00 0.00 0.00 0.00 0.00 0.00 0.00 0.00
470 210.00 0.00 0.00 0.00 0.00 0.00 0.00 0.00 0.00 0.00 0.00 0.00
471 231.00 0.00 0.00 0.00 0.00 0.00 0.00 0.00 0.00 0.00 0.00 0.00
472 46.00 0.00 0.00 0.00 0.00 0.00 0.00 0.00 0.00 0.00 0.00 0.00
473 58.00 0.00 0.00 0.00 0.00 0.00 0.00 0.00 0.00 0.00 0.00 0.00
474 35.00 0.00 0.00 0.00 0.00 0.00 0.00 0.00 0.00 0.00 0.00 0.00
475 187.00 0.00 0.00 0.00 0.00 0.00 0.00 0.00 0.00 0.00 0.00 0.00
476 164.00 0.00 0.00 0.00 0.00 0.00 0.00 0.00 0.00 0.00 0.00 0.00
477 208.00 0.00 0.00 0.00 0.00 0.00 0.00 0.00 0.00 0.00 0.00 0.00
478 139.00 0.00 0.00 0.00 0.00 0.00 0.00 0.00 0.00 0.00 0.00 0.00
479 127.00 0.00 0.00 0.00 0.00 0.00 0.00 0.00 0.00 0.00 0.00 0.00
480 132.00 0.00 0.00 0.00 0.00 0.00 0.00 0.00 0.00 0.00 0.00 0.00
481 110.00 0.00 0.00 0.00 0.00 0.00 0.00 0.00 0.00 0.00 0.00 0.00
482 194.00 0.00 0.00 0.00 0.00 0.00 0.00 0.00 0.00 0.00 0.00 0.00
483 184.00 0.00 0.00 0.00 0.00 0.00 0.00 0.00 0.00 0.00 0.00 0.00
484 17.00 0.00 0.00 0.00 0.00 0.00 0.00 0.00 0.00 0.00 0.00 0.00
485 33.00 0.00 0.00 0.00 0.00 0.00 0.00 0.00 0.00 0.00 0.00 0.00
486 49.00 0.00 0.00 0.00 0.00 0.00 0.00 0.00 0.00 0.00 0.00 0.00
487 59.00 0.00 0.00 0.00 0.00 0.00 0.00 0.00 0.00 0.00 0.00 0.00
488 243.00 0.00 0.00 0.00 0.00 0.00 0.00 0.00 0.00 0.00 0.00 0.00
489 187.00 0.00 0.00 0.00 0.00 0.00 0.00 0.00 0.00 0.00 0.00 0.00
490 137.00 0.00 0.00 0.00 0.00 0.00 0.00 0.00 0.00 0.00 0.00 0.00
491 227.00 0.00 0.00 0.00 0.00 0.00 0.00 0.00 0.00 0.00 0.00 0.00
492 144.00 0.00 0.00 0.00 0.00 0.00 0.00 0.00 0.00 0.00 0.00 0.00
493 148.00 0.00 0.00 0.00 0.00 0.00 0.00 0.00 0.00 0.00 0.00 0.00
494 203.00 0.00 0.00 0.00 0.00 0.00 0.00 0.00 0.00 0.00 0.00 0.00
495 206.00 0.00 0.00 0.00 0.00 0.00 0.00 0.00 0.00 0.00 0.00 0.00
496 51.00 0.00 0.00 0.00 0.00 0.00 0.00 0.00 0.00 0.00 0.00 0.00
497 127.00 0.00 0.00 0.00 0.00 0.00 0.00 0.00 0.00 0.00 0.00 0.00
498 51.00 0.00 0.00 0.00 0.00 0.00 0.00 0.00 0.00 0.00 0.00 0.00
499 134.00 0.00 0.00 0.00 0.00 0.00 0.00 0.00 0.00 0.00 0.00 0.00
500 209.00 0.00 0.00 0.00 0.00 0.00 0.00 0.00 0.00 0.00 0.00 0.00
501 248.00 0.00 0.00 0.00 0.00 0.00 0.00 0.00 0.00 0.00 0.00 0.00
502 230.00 0.00 0.00 0.00 0.00 0.00 0.00 0.00 0.00 0.00 0.00 0.00
503 185.00 0.00 0.00 0.00 0.00 0.00 0.00 0.00 0.00 0.00 0.00 0.00
504 107.00 0.00 0.00 0.00 0.00 0.00 0.00 0.00 0.00 0.00 0.00 0.00
505 93.00 0.00 0.00 0.00 0.00 0.00 0.00 0.00 0.00 0.00 0.00 0.00
506 18.00 0.00 0.00 0.00 0.00 0.00 0.00 0.00 0.00 0.00 0.00 0.00
507 46.00 0.00 0.00 0.00 0.00 0.00 0.00 0.00 0.00 0.00 0.00 0.00
508 46.00 0.00 0.00 0.00 0.00 0.00 0.00 0.00 0.00 0.00 0.00 0.00
509 72.00 0.00 0.00 0.00 0.00 0.00 0.00 0.00 0.00 0.00 0.00 0.00
510 247.00 0.00 0.00 0.00 0.00 0.00 0.00 0.00 0.00 0.00 0.00 0.00
511 140.00 0.00 0.00 0.00 0.00 0.00 0.00 0.00 0.00 0.00 0.00 0.00
512 230.00 0.00 0.00 0.00 0.00 0.00 0.00 0.00 0.00 0.00 0.00 0.00
513 139.00 0.00 0.00 0.00 0.00 0.00 0.00 0.00 0.00 0.00 0.00 0.00
514 176.00 0.00 0.00 0.00 0.00 0.00 0.00 0.00 0.00 0.00 0.00 0.00
515 223.00 0.00 0.00 0.00 0.00 0.00 0.00 0.00 0.00 0.00 0.00 0.00
516 189.00 0.00 0.00 0.00 0.00 0.00 0.00 0.00 0.00 0.00 0.00 0.00
517 133.00 0.00 0.00 0.00 0.00 0.00 0.00 0.00 0.00 0.00 0.00 0.00
518 102.00 0.00 0.00 0.00 0.00 0.00 0.00 0.00 0.00 0.00 0.00 0.00
519 91.00 0.00 0.00 0.00 0.00 0.00 0.00 0.00 0.00 0.00 0.00 0.00
520 234.00 0.00 0.00 0.00 0.00 0.00 0.00 0.00 0.00 0.00 0.00 0.00
521 255.00 0.00 0.00 0.00 0.00 0.00 0.00 0.00 0.00 0.00 0.00 0.00
522 215.00 0.00 0.00 0.00 0.00 0.00 0.00 0.00 0.00 0.00 0.00 0.00
523 217.00 0.00 0.00 0.00 0.00 0.00 0.00 0.00 0.00 0.00 0.00 0.00
524 193.00 0.00 0.00 0.00 0.00 0.00 0.00 0.00 0.00 0.00 0.00 0.00
525 109.00 0.00 0.00 0.00 0.00 0.00 0.00 0.00 0.00 0.00 0.00 0.00
526 114.00 0.00 0.00 0.00 0.00 0.00 0.00 0.00 0.00 0.00 0.00 0.00
527 198.00 0.00 0.00 0.00 0.00 0.00 0.00 0.00 0.00 0.00 0.00 0.00
528 26.00 0.00 0.00 0.00 0.00 0.00 0.00 0.00 0.00 0.00 0.00 0.00
529 47.00 0.00 0.00 0.00 0.00 0.00 0.00 0.00 0.00 0.00 0.00 0.00
530 128.00 0.00 0.00 0.00 0.00 0.00 0.00 0.00 0.00 0.00 0.00 0.00
531 60.00 0.00 0.00 0.00 0.00 0.00 0.00 0.00 0.00 0.00 0.00 0.00
532 53.00 0.00 0.00 0.00 0.00 0.00 0.00 0.00 0.00 0.00 0.00 0.00
533 97.00 0.00 0.00 0.00 0.00 0.00 0.00 0.00 0.00 0.00 0.00 0.00
534 153.00 0.00 0.00 0.00 0.00 0.00 0.00 0.00 0.00 0.00 0.00 0.00
535 168.00 0.00 0.00 0.00 0.00 0.00 0.00 0.00 0.00 0.00 0.00 0.00
536 194.00 0.00 0.00 0.00 0.00 0.00 0.00 0.00 0.00 0.00 0.00 0.00
537 136.00 0.00 0.00 0.00 0.00 0.00 0.00 0.00 0.00 0.00 0.00 0.00
538 175.00 0.00 0.00 0.00 0.00 0.00 0.00 0.00 0.00 0.00 0.00 0.00
539 152.00 0.00 0.00 0.00 0.00 0.00 0.00 0.00 0.00 0.00 0.00 0.00
540 112.00 0.00 0.00 0.00 0.00 0.00 0.00 0.00 0.00 0.00 0.00 0.00
541 102.00 0.00 0.00 0.00 0.00 0.00 0.00 0.00 0.00 0.00 0.00 0.00
542 190.00 0.00 0.00 0.00 0.00 0.00 0.00 0.00 0.00 0.00 0.00 0.00
543 184.00 0.00 0.00 0.00 0.00 0.00 0.00 0.00 0.00 0.00 0.00 0.00
544 238.00 0.00 0.00 0.00 0.00 0.00 0.00 0.00 0.00 0.00 0.00 0.00
545 193.00 0.00 0.00 0.00 0.00 0.00 0.00 0.00 0.00 0.00 0.00 0.00
546 183.00 0.00 0.00 0.00 0.00 0.00 0.00 0.00 0.00 0.00 0.00 0.00
547 129.00 0.00 0.00 0.00 0.00 0.00 0.00 0.00 0.00 0.00 0.00 0.00
548 118.00 0.00 0.00 0.00 0.00 0.00 0.00 0.00 0.00 0.00 0.00 0.00
549 113.00 0.00 0.00 0.00 0.00 0.00 0.00 0.00 0.00 0.00 0.00 0.00
550 28.00 0.00 0.00 0.00 0.00 0.00 0.00 0.00 0.00 0.00 0.00 0.00
551 124.00 0.00 0.00 0.00 0.00 0.00 0.00 0.00 0.00 0.00 0.00 0.00
552 50.00 0.00 0.00 0.00 0.00 0.00 0.00 0.00 0.00 0.00 0.00 0.00
553 55.00 0.00 0.00 0.00 0.00 0.00 0.00 0.00 0.00 0.00 0.00 0.00
554 79.00 0.00 0.00 0.00 0.00 0.00 0.00 0.00 0.00 0.00 0.00 0.00
555 52.00 0.00 0.00 0.00 0.00 0.00 0.00 0.00 0.00 0.00 0.00 0.00
556 192.00 0.00 0.00 0.00 0.00 0.00 0.00 0.00 0.00 0.00 0.00 0.00
557 235.00 0.00 0.00 0.00 0.00 0.00 0.00 0.00 0.00 0.00 0.00 0.00
558 168.00 0.00 0.00 0.00 0.00 0.00 0.00 0.00 0.00 0.00 0.00 0.00
559 191.00 0.00 0.00 0.00 0.00 0.00 0.00 0.00 0.00 0.00 0.00 0.00
560 222.00 0.00 0.00 0.00 0.00 0.00 0.00 0.00 0.00 0.00 0.00 0.00
561 173.00 0.00 0.00 0.00 0.00 0.00 0.00 0.00 0.00 0.00 0.00 0.00
562 156.00 0.00 0.00 0.00 0.00 0.00 0.00 0.00 0.00 0.00 0.00 0.00
563 131.00 0.00 0.00 0.00 0.00 0.00 0.00 0.00 0.00 0.00 0.00 0.00
564 144.00 0.00 0.00 0.00 0.00 0.00 0.00 0.00 0.00 0.00 0.00 0.00
565 252.00 0.00 0.00 0.00 0.00 0.00 0.00 0.00 0.00 0.00 0.00 0.00
566 220.00 0.00 0.00 0.00 0.00 0.00 0.00 0.00 0.00 0.00 0.00 0.00
567 177.00 0.00 0.00 0.00 0.00 0.00 0.00 0.00 0.00 0.00 0.00 0.00
568 230.00 0.00 0.00 0.00 0.00 0.00 0.00 0.00 0.00 0.00 0.00 0.00
569 214.00 0.00 0.00 0.00 0.00 0.00 0.00 0.00 0.00 0.00 0.00 0.00
570 151.00 0.00 0.00 0.00 0.00 0.00 0.00 0.00 0.00 0.00 0.00 0.00
571 156.00 0.00 0.00 0.00 0.00 0.00 0.00 0.00 0.00 0.00 0.00 0.00
572 28.00 0.00 0.00 0.00 0.00 0.00 0.00 0.00 0.00 0.00 0.00 0.00
573 180.00 0.00 0.00 0.00 0.00 0.00 0.00 0.00 0.00 0.00 0.00 0.00
574 71.00 0.00 0.00 0.00 0.00 0.00 0.00 0.00 0.00 0.00 0.00 0.00
575 127.00 0.00 0.00 0.00 0.00 0.00 0.00 0.00 0.00 0.00 0.00 0.00
576 82.00 0.00 0.00 0.00 0.00 0.00 0.00 0.00 0.00 0.00 0.00 0.00
577 48.00 0.00 0.00 0.00 0.00 0.00 0.00 0.00 0.00 0.00 0.00 0.00
578 67.00 0.00 0.00 0.00 0.00 0.00 0.00 0.00 0.00 0.00 0.00 0.00
579 255.00 0.00 0.00 0.00 0.00 0.00 0.00 0.00 0.00 0.00 0.00 0.00
580 163.00 0.00 0.00 0.00 0.00 0.00 0.00 0.00 0.00 0.00 0.00 0.00
581 146.00 0.00 0.00 0.00 0.00 0.00 0.00 0.00 0.00 0.00 0.00 0.00
582 148.00 0.00 0.00 0.00 0.00 0.00 0.00 0.00 0.00 0.00 0.00 0.00
583 155.00 0.00 0.00 0.00 0.00 0.00 0.00 0.00 0.00 0.00 0.00 0.00
584 233.00 0.00 0.00 0.00 0.00 0.00 0.00 0.00 0.00 0.00 0.00 0.00
585 96.00 0.00 0.00 0.00 0.00 0.00 0.00 0.00 0.00 0.00 0.00 0.00
586 169.00 0.00 0.00 0.00 0.00 0.00 0.00 0.00 0.00 0.00 0.00 0.00
587 132.00 0.00 0.00 0.00 0.00 0.00 0.00 0.00 0.00 0.00 0.00 0.00
588 173.00 0.00 0.00 0.00 0.00 0.00 0.00 0.00 0.00 0.00 0.00 0.00
589 246.00 0.00 0.00 0.00 0.00 0.00 0.00 0.00 0.00 0.00 0.00 0.00
590 213.00 0.00 0.00 0.00 0.00 0.00 0.00 0.00 0.00 0.00 0.00 0.00
591 151.00 0.00 0.00 0.00 0.00 0.00 0.00 0.00 0.00 0.00 0.00 0.00
592 123.00 0.00 0.00 0.00 0.00 0.00 0.00 0.00 0.00 0.00 0.00 0.00
593 82.00 0.00 0.00 0.00 0.00 0.00 0.00 0.00 0.00 0.00 0.00 0.00
594 28.00 0.00 0.00 0.00 0.00 0.00 0.00 0.00 0.00 0.00 0.00 0.00
595 186.00 0.00 0.00 0.00 0.00 0.00 0.00 0.00 0.00 0.00 0.00 0.00
596 120.00 0.00 0.00 0.00 0.00 0.00 0.00 0.00 0.00 0.00 0.00 0.00
597 253.00 0.00 0.00 0.00 0.00 0.00 0.00 0.00 0.00 0.00 0.00 0.00
598 52.00 0.00 0.00 0.00 0.00 0.00 0.00 0.00 0.00 0.00 0.00 0.00
599 49.00 0.00 0.00 0.00 0.00 0.00 0.00 0.00 0.00 0.00 0.00 0.00
600 51.00 0.00 0.00 0.00 0.00 0.00 0.00 0.00 0.00 0.00 0.00 0.00
601 60.00 0.00 0.00 0.00 0.00 0.00 0.00 0.00 0.00 0.00 0.00 0.00
602 232.00 0.00 0.00 0.00 0.00 0.00 0.00 0.00 0.00 0.00 0.00 0.00
603 55.00 0.00 0.00 0.00 0.00 0.00 0.00 0.00 0.00 0.00 0.00 0.00
604 160.00 0.00 0.00 0.00 0.00 0.00 0.00 0.00 0.00 0.00 0.00 0.00
605 115.00 0.00 0.00 0.00 0.00 0.00 0.00 0.00 0.00 0.00 0.00 0.00
606 169.00 0.00 0.00 0.00 0.00 0.00 0.00 0.00 0.00 0.00 0.00 0.00
607 75.00 0.00 0.00 0.00 0.00 0.00 0.00 0.00 0.00 0.00 0.00 0.00
608 76.00 0.00 0.00 0.00 0.00 0.00 0.00 0.00 0.00 0.00 0.00 0.00
609 155.00 0.00 0.00 0.00 0.00 0.00 0.00 0.00 0.00 0.00 0.00 0.00
610 219.00 0.00 0.00 0.00 0.00 0.00 0.00 0.00 0.00 0.00 0.00 0.00
611 190.00 0.00 0.00 0.00 0.00 0.00 0.00 0.00 0.00 0.00 0.00 0.00
612 231.00 0.00 0.00 0.00 0.00 0.00 0.00 0.00 0.00 0.00 0.00 0.00
613 130.00 0.00 0.00 0.00 0.00 0.00 0.00 0.00 0.00 0.00 0.00 0.00
614 135.00 0.00 0.00 0.00 0.00 0.00 0.00 0.00 0.00 0.00 0.00 0.00
615 141.00 0.00 0.00 0.00 0.00 0.00 0.00 0.00 0.00 0.00 0.00 0.00
616 19.00 0.00 0.00 0.00 0.00 0.00 0.00 0.00 0.00 0.00 0.00 0.00
617 216.00 0.00 0.00 0.00 0.00 0.00 0.00 0.00 0.00 0.00 0.00 0.00
618 111.00 0.00 0.00 0.00 0.00 0.00 0.00 0.00 0.00 0.00 0.00 0.00
619 132.00 0.00 0.00 0.00 0.00 0.00 0.00 0.00 0.00 0.00 0.00 0.00
620 106.00 0.00 0.00 0.00 0.00 0.00 0.00 0.00 0.00 0.00 0.00 0.00
621 58.00 0.00 0.00 0.00 0.00 0.00 0.00 0.00 0.00 0.00 0.00 0.00
622 203.00 0.00 0.00 0.00 0.00 0.00 0.00 0.00 0.00 0.00 0.00 0.00
623 61.00 0.00 0.00 0.00 0.00 0.00 0.00 0.00 0.00 0.00 0.00 0.00
624 53.00 0.00 0.00 0.00 0.00 0.00 0.00 0.00 0.00 0.00 0.00 0.00
625 204.00 0.00 0.00 0.00 0.00 0.00 0.00 0.00 0.00 0.00 0.00 0.00
626 112.00 0.00 0.00 0.00 0.00 0.00 0.00 0.00 0.00 0.00 0.00 0.00
627 220.00 0.00 0.00 0.00 0.00 0.00 0.00 0.00 0.00 0.00 0.00 0.00
628 151.00 0.00 0.00 0.00 0.00 0.00 0.00 0.00 0.00 0.00 0.00 0.00
629 112.00 0.00 0.00 0.00 0.00 0.00 0.00 0.00 0.00 0.00 0.00 0.00
630 102.00 0.00 0.00 0.00 0.00 0.00 0.00 0.00 0.00 0.00 0.00 0.00
631 168.00 0.00 0.00 0.00 0.00 0.00 0.00 0.00 0.00 0.00 0.00 0.00
632 180.00 0.00 0.00 0.00 0.00 0.00 0.00 0.00 0.00 0.00 0.00 0.00
633 228.00 0.00 0.00 0.00 0.00 0.00 0.00 0.00 0.00 0.00 0.00 0.00
634 216.00 0.00 0.00 0.00 0.00 0.00 0.00 0.00 0.00 0.00 0.00 0.00
635 139.00 0.00 0.00 0.00 0.00 0.00 0.00 0.00 0.00 0.00 0.00 0.00
636 133.00 0.00 0.00 0.00 0.00 0.00 0.00 0.00 0.00 0.00 0.00 0.00
637 155.00 0.00 0.00 0.00 0.00 0.00 0.00 0.00 0.00 0.00 0.00 0.00
END
#################################################################
SECTION3 (Edges Information)
EndPoint0 EndPoint1 Weight
0 1 1.00
0 22 1.00
1 0 1.00
1 2 1.00
1 23 1.00
2 1 1.00
2 3 1.00
2 24 1.00
3 2 1.00
3 4 1.00
3 25 1.00
4 3 1.00
4 5 1.00
4 26 1.00
5 4 1.00
5 6 1.00
5 27 1.00
6 5 1.00
6 7 1.00
6 28 1.00
7 6 1.00
7 8 1.00
7 29 1.00
8 7 1.00
8 9 1.00
8 30 1.00
9 8 1.00
9 10 1.00
9 31 1.00
10 9 1.00
10 11 1.00
10 32 1.00
11 10 1.00
11 12 1.00
11 33 1.00
12 11 1.00
12 13 1.00
12 34 1.00
13 12 1.00
13 14 1.00
13 35 1.00
14 13 1.00
14 15 1.00
14 36 1.00
15 14 1.00
15 16 1.00
15 37 1.00
16 15 1.00
16 17 1.00
16 38 1.00
17 16 1.00
17 18 1.00
17 39 1.00
18 17 1.00
18 19 1.00
18 40 1.00
19 18 1.00
19 20 1.00
19 41 1.00
20 19 1.00
20 21 1.00
20 42 1.00
21 20 1.00
21 43 1.00
22 0 1.00
22 23 1.00
22 44 1.00
23 1 1.00
23 22 1.00
23 24 1.00
23 45 1.00
24 2 1.00
24 23 1.00
24 25 1.00
24 46 1.00
25 3 1.00
25 24 1.00
25 26 1.00
25 47 1.00
26 4 1.00
26 25 1.00
26 27 1.00
26 48 1.00
27 5 1.00
27 26 1.00
27 28 1.00
27 49 1.00
28 6 1.00
28 27 1.00
28 29 1.00
28 50 1.00
29 7 1.00
29 28 1.00
29 30 1.00
29 51 1.00
30 8 1.00
30 29 1.00
30 31 1.00
30 52 1.00
31 9 1.00
31 30 1.00
31 32 1.00
31 53 1.00
32 10 1.00
32 31 1.00
32 33 1.00
32 54 1.00
33 11 1.00
33 32 1.00
33 34 1.00
33 55 1.00
34 12 1.00
34 33 1.00
34 35 1.00
34 56 1.00
35 13 1.00
35 34 1.00
35 36 1.00
35 57 1.00
36 14 1.00
36 35 1.00
36 37 1.00
36 58 1.00
37 15 1.00
37 36 1.00
37 38 1.00
37 59 1.00
38 16 1.00
38 37 1.00
38 39 1.00
38 60 1.00
39 17 1.00
39 38 1.00
39 40 1.00
39 61 1.00
40 18 1.00
40 39 1.00
40 41 1.00
40 62 1.00
41 19 1.00
41 40 1.00
41 42 1.00
41 63 1.00
42 20 1.00
42 41 1.00
42 43 1.00
42 64 1.00
43 21 1.00
43 42 1.00
43 65 1.00
44 22 1.00
44 45 1.00
44 66 1.00
45 23 1.00
45 44 1.00
45 46 1.00
45 67 1.00
46 24 1.00
46 45 1.00
46 47 1.00
46 68 1.00
47 25 1.00
47 46 1.00
47 48 1.00
47 69 1.00
48 26 1.00
48 47 1.00
48 49 1.00
48 70 1.00
49 27 1.00
49 48 1.00
49 50 1.00
49 71 1.00
50 28 1.00
50 49 1.00
50 51 1.00
50 72 1.00
51 29 1.00
51 50 1.00
51 52 1.00
51 73 1.00
52 30 1.00
52 51 1.00
52 53 1.00
52 74 1.00
53 31 1.00
53 52 1.00
53 54 1.00
53 75 1.00
54 32 1.00
54 53 1.00
54 55 1.00
54 76 1.00
55 33 1.00
55 54 1.00
55 56 1.00
55 77 1.00
56 34 1.00
56 55 1.00
56 57 1.00
56 78 1.00
57 35 1.00
57 56 1.00
57 58 1.00
57 79 1.00
58 36 1.00
58 57 1.00
58 59 1.00
58 80 1.00
59 37 1.00
59 58 1.00
59 60 1.00
59 81 1.00
60 38 1.00
60 59 1.00
60 61 1.00
60 82 1.00
61 39 1.00
61 60 1.00
61 62 1.00
61 83 1.00
62 40 1.00
62 61 1.00
62 63 1.00
62 84 1.00
63 41 1.00
63 62 1.00
63 64 1.00
63 85 1.00
64 42 1.00
64 63 1.00
64 65 1.00
64 86 1.00
65 43 1.00
65 64 1.00
65 87 1.00
66 44 1.00
66 67 1.00
66 88 1.00
67 45 1.00
67 66 1.00
67 68 1.00
67 89 1.00
68 46 1.00
68 67 1.00
68 69 1.00
68 90 1.00
69 47 1.00
69 68 1.00
69 70 1.00
69 91 1.00
70 48 1.00
70 69 1.00
70 71 1.00
70 92 1.00
71 49 1.00
71 70 1.00
71 72 1.00
71 93 1.00
72 50 1.00
72 71 1.00
72 73 1.00
72 94 1.00
73 51 1.00
73 72 1.00
73 74 1.00
73 95 1.00
74 52 1.00
74 73 1.00
74 75 1.00
74 96 1.00
75 53 1.00
75 74 1.00
75 76 1.00
75 97 1.00
76 54 1.00
76 75 1.00
76 77 1.00
76 98 1.00
77 55 1.00
77 76 1.00
77 78 1.00
77 99 1.00
78 56 1.00
78 77 1.00
78 79 1.00
78 100 1.00
79 57 1.00
79 78 1.00
79 80 1.00
79 101 1.00
80 58 1.00
80 79 1.00
80 81 1.00
80 102 1.00
81 59 1.00
81 80 1.00
81 82 1.00
81 103 1.00
82 60 1.00
82 81 1.00
82 83 1.00
82 104 1.00
83 61 1.00
83 82 1.00
83 84 1.00
83 105 1.00
84 62 1.00
84 83 1.00
84 85 1.00
84 106 1.00
85 63 1.00
85 84 1.00
85 86 1.00
85 107 1.00
86 64 1.00
86 85 1.00
86 87 1.00
86 108 1.00
87 65 1.00
87 86 1.00
87 109 1.00
88 66 1.00
88 89 1.00
88 110 1.00
89 67 1.00
89 88 1.00
89 90 1.00
89 111 1.00
90 68 1.00
90 89 1.00
90 91 1.00
90 112 1.00
91 69 1.00
91 90 1.00
91 92 1.00
91 113 1.00
92 70 1.00
92 91 1.00
92 93 1.00
92 114 1.00
93 71 1.00
93 92 1.00
93 94 1.00
93 115 1.00
94 72 1.00
94 93 1.00
94 95 1.00
94 116 1.00
95 73 1.00
95 94 1.00
95 96 1.00
95 117 1.00
96 74 1.00
96 95 1.00
96 97 1.00
96 118 1.00
97 75 1.00
97 96 1.00
97 98 1.00
97 119 1.00
98 76 1.00
98 97 1.00
98 99 1.00
98 120 1.00
99 77 1.00
99 98 1.00
99 100 1.00
99 121 1.00
100 78 1.00
100 99 1.00
100 101 1.00
100 122 1.00
101 79 1.00
101 100 1.00
101 102 1.00
101 123 1.00
102 80 1.00
102 101 1.00
102 103 1.00
102 124 1.00
103 81 1.00
103 102 1.00
103 104 1.00
103 125 1.00
104 82 1.00
104 103 1.00
104 105 1.00
104 126 1.00
105 83 1.00
105 104 1.00
105 106 1.00
105 127 1.00
106 84 1.00
106 105 1.00
106 107 1.00
106 128 1.00
107 85 1.00
107 106 1.00
107 108 1.00
107 129 1.00
108 86 1.00
108 107 1.00
108 109 1.00
108 130 1.00
109 87 1.00
109 108 1.00
109 131 1.00
110 88 1.00
110 111 1.00
110 132 1.00
111 89 1.00
111 110 1.00
111 112 1.00
111 133 1.00
112 90 1.00
112 111 1.00
112 113 1.00
112 134 1.00
113 91 1.00
113 112 1.00
113 114 1.00
113 135 1.00
114 92 1.00
114 113 1.00
114 115 1.00
114 136 1.00
115 93 1.00
115 114 1.00
115 116 1.00
115 137 1.00
116 94 1.00
116 115 1.00
116 117 1.00
116 138 1.00
117 95 1.00
117 116 1.00
117 118 1.00
117 139 1.00
118 96 1.00
118 117 1.00
118 119 1.00
118 140 1.00
119 97 1.00
119 118 1.00
119 120 1.00
119 141 1.00
120 98 1.00
120 119 1.00
120 121 1.00
120 142 1.00
121 99 1.00
121 120 1.00
121 122 1.00
121 143 1.00
122 100 1.00
122 121 1.00
122 123 1.00
122 144 1.00
123 101 1.00
123 122 1.00
123 124 1.00
123 145 1.00
124 102 1.00
124 123 1.00
124 125 1.00
124 146 1.00
125 103 1.00
125 124 1.00
125 126 1.00
125 147 1.00
126 104 1.00
126 125 1.00
126 127 1.00
126 148 1.00
127 105 1.00
127 126 1.00
127 128 1.00
127 149 1.00
128 106 1.00
128 127 1.00
128 129 1.00
128 150 1.00
129 107 1.00
129 128 1.00
129 130 1.00
129 151 1.00
130 108 1.00
130 129 1.00
130 131 1.00
130 152 1.00
131 109 1.00
131 130 1.00
131 153 1.00
132 110 1.00
132 133 1.00
132 154 1.00
133 111 1.00
133 132 1.00
133 134 1.00
133 155 1.00
134 112 1.00
134 133 1.00
134 135 1.00
134 156 1.00
135 113 1.00
135 134 1.00
135 136 1.00
135 157 1.00
136 114 1.00
136 135 1.00
136 137 1.00
136 158 1.00
137 115 1.00
137 136 1.00
137 138 1.00
137 159 1.00
138 116 1.00
138 137 1.00
138 139 1.00
138 160 1.00
139 117 1.00
139 138 1.00
139 140 1.00
139 161 1.00
140 118 1.00
140 139 1.00
140 141 1.00
140 162 1.00
141 119 1.00
141 140 1.00
141 142 1.00
141 163 1.00
142 120 1.00
142 141 1.00
142 143 1.00
142 164 1.00
143 121 1.00
143 142 1.00
143 144 1.00
143 165 1.00
144 122 1.00
144 143 1.00
144 145 1.00
144 166 1.00
145 123 1.00
145 144 1.00
145 146 1.00
145 167 1.00
146 124 1.00
146 145 1.00
146 147 1.00
146 168 1.00
147 125 1.00
147 146 1.00
147 148 1.00
147 169 1.00
148 126 1.00
148 147 1.00
148 149 1.00
148 170 1.00
149 127 1.00
149 148 1.00
149 150 1.00
149 171 1.00
150 128 1.00
150 149 1.00
150 151 1.00
150 172 1.00
151 129 1.00
151 150 1.00
151 152 1.00
151 173 1.00
152 130 1.00
152 151 1.00
152 153 1.00
152 174 1.00
153 131 1.00
153 152 1.00
153 175 1.00
154 132 1.00
154 155 1.00
154 176 1.00
155 133 1.00
155 154 1.00
155 156 1.00
155 177 1.00
156 134 1.00
156 155 1.00
156 157 1.00
156 178 1.00
157 135 1.00
157 156 1.00
157 158 1.00
157 179 1.00
158 136 1.00
158 157 1.00
158 159 1.00
158 180 1.00
159 137 1.00
159 158 1.00
159 160 1.00
159 181 1.00
160 138 1.00
160 159 1.00
160 161 1.00
160 182 1.00
161 139 1.00
161 160 1.00
161 162 1.00
161 183 1.00
162 140 1.00
162 161 1.00
162 163 1.00
162 184 1.00
163 141 1.00
163 162 1.00
163 164 1.00
163 185 1.00
164 142 1.00
164 163 1.00
164 165 1.00
164 186 1.00
165 143 1.00
165 164 1.00
165 166 1.00
165 187 1.00
166 144 1.00
166 165 1.00
166 167 1.00
166 188 1.00
167 145 1.00
167 166 1.00
167 168 1.00
167 189 1.00
168 146 1.00
168 167 1.00
168 169 1.00
168 190 1.00
169 147 1.00
169 168 1.00
169 170 1.00
169 191 1.00
170 148 1.00
170 169 1.00
170 171 1.00
170 192 1.00
171 149 1.00
171 170 1.00
171 172 1.00
171 193 1.00
172 150 1.00
172 171 1.00
172 173 1.00
172 194 1.00
173 151 1.00
173 172 1.00
173 174 1.00
173 195 1.00
174 152 1.00
174 173 1.00
174 175 1.00
174 196 1.00
175 153 1.00
175 174 1.00
175 197 1.00
176 154 1.00
176 177 1.00
176 198 1.00
177 155 1.00
177 176 1.00
177 178 1.00
177 199 1.00
178 156 1.00
178 177 1.00
178 179 1.00
178 200 1.00
179 157 1.00
179 178 1.00
179 180 1.00
179 201 1.00
180 158 1.00
180 179 1.00
180 181 1.00
180 202 1.00
181 159 1.00
181 180 1.00
181 182 1.00
181 203 1.00
182 160 1.00
182 181 1.00
182 183 1.00
182 204 1.00
183 161 1.00
183 182 1.00
183 184 1.00
183 205 1.00
184 162 1.00
184 183 1.00
184 185 1.00
184 206 1.00
185 163 1.00
185 184 1.00
185 186 1.00
185 207 1.00
186 164 1.00
186 185 1.00
186 187 1.00
186 208 1.00
187 165 1.00
187 186 1.00
187 188 1.00
187 209 1.00
188 166 1.00
188 187 1.00
188 189 1.00
188 210 1.00
189 167 1.00
189 188 1.00
189 190 1.00
189 211 1.00
190 168 1.00
190 189 1.00
190 191 1.00
190 212 1.00
191 169 1.00
191 190 1.00
191 192 1.00
191 213 1.00
192 170 1.00
192 191 1.00
192 193 1.00
192 214 1.00
193 171 1.00
193 192 1.00
193 194 1.00
193 215 1.00
194 172 1.00
194 193 1.00
194 195 1.00
194 216 1.00
195 173 1.00
195 194 1.00
195 196 1.00
195 217 1.00
196 174 1.00
196 195 1.00
196 197 1.00
196 218 1.00
197 175 1.00
197 196 1.00
197 219 1.00
198 176 1.00
198 199 1.00
198 220 1.00
199 177 1.00
199 198 1.00
199 200 1.00
199 221 1.00
200 178 1.00
200 199 1.00
200 201 1.00
200 222 1.00
201 179 1.00
201 200 1.00
201 202 1.00
201 223 1.00
202 180 1.00
202 201 1.00
202 203 1.00
202 224 1.00
203 181 1.00
203 202 1.00
203 204 1.00
203 225 1.00
204 182 1.00
204 203 1.00
204 205 1.00
204 226 1.00
205 183 1.00
205 204 1.00
205 206 1.00
205 227 1.00
206 184 1.00
206 205 1.00
206 207 1.00
206 228 1.00
207 185 1.00
207 206 1.00
207 208 1.00
207 229 1.00
208 186 1.00
208 207 1.00
208 209 1.00
208 230 1.00
209 187 1.00
209 208 1.00
209 210 1.00
209 231 1.00
210 188 1.00
210 209 1.00
210 211 1.00
210 232 1.00
211 189 1.00
211 210 1.00
211 212 1.00
211 233 1.00
212 190 1.00
212 211 1.00
212 213 1.00
212 234 1.00
213 191 1.00
213 212 1.00
213 214 1.00
213 235 1.00
214 192 1.00
214 213 1.00
214 215 1.00
214 236 1.00
215 193 1.00
215 214 1.00
215 216 1.00
215 237 1.00
216 194 1.00
216 215 1.00
216 217 1.00
216 238 1.00
217 195 1.00
217 216 1.00
217 218 1.00
217 239 1.00
218 196 1.00
218 217 1.00
218 219 1.00
218 240 1.00
219 197 1.00
219 218 1.00
219 241 1.00
220 198 1.00
220 221 1.00
220 242 1.00
221 199 1.00
221 220 1.00
221 222 1.00
221 243 1.00
222 200 1.00
222 221 1.00
222 223 1.00
222 244 1.00
223 201 1.00
223 222 1.00
223 224 1.00
223 245 1.00
224 202 1.00
224 223 1.00
224 225 1.00
224 246 1.00
225 203 1.00
225 224 1.00
225 226 1.00
225 247 1.00
226 204 1.00
226 225 1.00
226 227 1.00
226 248 1.00
227 205 1.00
227 226 1.00
227 228 1.00
227 249 1.00
228 206 1.00
228 227 1.00
228 229 1.00
228 250 1.00
229 207 1.00
229 228 1.00
229 230 1.00
229 251 1.00
230 208 1.00
230 229 1.00
230 231 1.00
230 252 1.00
231 209 1.00
231 230 1.00
231 232 1.00
231 253 1.00
232 210 1.00
232 231 1.00
232 233 1.00
232 254 1.00
233 211 1.00
233 232 1.00
233 234 1.00
233 255 1.00
234 212 1.00
234 233 1.00
234 235 1.00
234 256 1.00
235 213 1.00
235 234 1.00
235 236 1.00
235 257 1.00
236 214 1.00
236 235 1.00
236 237 1.00
236 258 1.00
237 215 1.00
237 236 1.00
237 238 1.00
237 259 1.00
238 216 1.00
238 237 1.00
238 239 1.00
238 260 1.00
239 217 1.00
239 238 1.00
239 240 1.00
239 261 1.00
240 218 1.00
240 239 1.00
240 241 1.00
240 262 1.00
241 219 1.00
241 240 1.00
241 263 1.00
242 220 1.00
242 243 1.00
242 264 1.00
243 221 1.00
243 242 1.00
243 244 1.00
243 265 1.00
244 222 1.00
244 243 1.00
244 245 1.00
244 266 1.00
245 223 1.00
245 244 1.00
245 246 1.00
245 267 1.00
246 224 1.00
246 245 1.00
246 247 1.00
246 268 1.00
247 225 1.00
247 246 1.00
247 248 1.00
247 269 1.00
248 226 1.00
248 247 1.00
248 249 1.00
248 270 1.00
249 227 1.00
249 248 1.00
249 250 1.00
249 271 1.00
250 228 1.00
250 249 1.00
250 251 1.00
250 272 1.00
251 229 1.00
251 250 1.00
251 252 1.00
251 273 1.00
252 230 1.00
252 251 1.00
252 253 1.00
252 274 1.00
253 231 1.00
253 252 1.00
253 254 1.00
253 275 1.00
254 232 1.00
254 253 1.00
254 255 1.00
254 276 1.00
255 233 1.00
255 254 1.00
255 256 1.00
255 277 1.00
256 234 1.00
256 255 1.00
256 257 1.00
256 278 1.00
257 235 1.00
257 256 1.00
257 258 1.00
257 279 1.00
258 236 1.00
258 257 1.00
258 259 1.00
258 280 1.00
259 237 1.00
259 258 1.00
259 260 1.00
259 281 1.00
260 238 1.00
260 259 1.00
260 261 1.00
260 282 1.00
261 239 1.00
261 260 1.00
261 262 1.00
261 283 1.00
262 240 1.00
262 261 1.00
262 263 1.00
262 284 1.00
263 241 1.00
263 262 1.00
263 285 1.00
264 242 1.00
264 265 1.00
264 286 1.00
265 243 1.00
265 264 1.00
265 266 1.00
265 287 1.00
266 244 1.00
266 265 1.00
266 267 1.00
266 288 1.00
267 245 1.00
267 266 1.00
267 268 1.00
267 289 1.00
268 246 1.00
268 267 1.00
268 269 1.00
268 290 1.00
269 247 1.00
269 268 1.00
269 270 1.00
269 291 1.00
270 248 1.00
270 269 1.00
270 271 1.00
270 292 1.00
271 249 1.00
271 270 1.00
271 272 1.00
271 293 1.00
272 250 1.00
272 271 1.00
272 273 1.00
272 294 1.00
273 251 1.00
273 272 1.00
273 274 1.00
273 295 1.00
274 252 1.00
274 273 1.00
274 275 1.00
274 296 1.00
275 253 1.00
275 274 1.00
275 276 1.00
275 297 1.00
276 254 1.00
276 275 1.00
276 277 1.00
276 298 1.00
277 255 1.00
277 276 1.00
277 278 1.00
277 299 1.00
278 256 1.00
278 277 1.00
278 279 1.00
278 300 1.00
279 257 1.00
279 278 1.00
279 280 1.00
279 301 1.00
280 258 1.00
280 279 1.00
280 281 1.00
280 302 1.00
281 259 1.00
281 280 1.00
281 282 1.00
281 303 1.00
282 260 1.00
282 281 1.00
282 283 1.00
282 304 1.00
283 261 1.00
283 282 1.00
283 284 1.00
283 305 1.00
284 262 1.00
284 283 1.00
284 285 1.00
284 306 1.00
285 263 1.00
285 284 1.00
285 307 1.00
286 264 1.00
286 287 1.00
286 308 1.00
287 265 1.00
287 286 1.00
287 288 1.00
287 309 1.00
288 266 1.00
288 287 1.00
288 289 1.00
288 310 1.00
289 267 1.00
289 288 1.00
289 290 1.00
289 311 1.00
290 268 1.00
290 289 1.00
290 291 1.00
290 312 1.00
291 269 1.00
291 290 1.00
291 292 1.00
291 313 1.00
292 270 1.00
292 291 1.00
292 293 1.00
292 314 1.00
293 271 1.00
293 292 1.00
293 294 1.00
293 315 1.00
294 272 1.00
294 293 1.00
294 295 1.00
294 316 1.00
295 273 1.00
295 294 1.00
295 296 1.00
295 317 1.00
296 274 1.00
296 295 1.00
296 297 1.00
296 318 1.00
297 275 1.00
297 296 1.00
297 298 1.00
297 319 1.00
298 276 1.00
298 297 1.00
298 299 1.00
298 320 1.00
299 277 1.00
299 298 1.00
299 300 1.00
299 321 1.00
300 278 1.00
300 299 1.00
300 301 1.00
300 322 1.00
301 279 1.00
301 300 1.00
301 302 1.00
301 323 1.00
302 280 1.00
302 301 1.00
302 303 1.00
302 324 1.00
303 281 1.00
303 302 1.00
303 304 1.00
303 325 1.00
304 282 1.00
304 303 1.00
304 305 1.00
304 326 1.00
305 283 1.00
305 304 1.00
305 306 1.00
305 327 1.00
306 284 1.00
306 305 1.00
306 307 1.00
306 328 1.00
307 285 1.00
307 306 1.00
307 329 1.00
308 286 1.00
308 309 1.00
308 330 1.00
309 287 1.00
309 308 1.00
309 310 1.00
309 331 1.00
310 288 1.00
310 309 1.00
310 311 1.00
310 332 1.00
311 289 1.00
311 310 1.00
311 312 1.00
311 333 1.00
312 290 1.00
312 311 1.00
312 313 1.00
312 334 1.00
313 291 1.00
313 312 1.00
313 314 1.00
313 335 1.00
314 292 1.00
314 313 1.00
314 315 1.00
314 336 1.00
315 293 1.00
315 314 1.00
315 316 1.00
315 337 1.00
316 294 1.00
316 315 1.00
316 317 1.00
316 338 1.00
317 295 1.00
317 316 1.00
317 318 1.00
317 339 1.00
318 296 1.00
318 317 1.00
318 319 1.00
318 340 1.00
319 297 1.00
319 318 1.00
319 320 1.00
319 341 1.00
320 298 1.00
320 319 1.00
320 321 1.00
320 342 1.00
321 299 1.00
321 320 1.00
321 322 1.00
321 343 1.00
322 300 1.00
322 321 1.00
322 323 1.00
322 344 1.00
323 301 1.00
323 322 1.00
323 324 1.00
323 345 1.00
324 302 1.00
324 323 1.00
324 325 1.00
324 346 1.00
325 303 1.00
325 324 1.00
325 326 1.00
325 347 1.00
326 304 1.00
326 325 1.00
326 327 1.00
326 348 1.00
327 305 1.00
327 326 1.00
327 328 1.00
327 349 1.00
328 306 1.00
328 327 1.00
328 329 1.00
328 350 1.00
329 307 1.00
329 328 1.00
329 351 1.00
330 308 1.00
330 331 1.00
330 352 1.00
331 309 1.00
331 330 1.00
331 332 1.00
331 353 1.00
332 310 1.00
332 331 1.00
332 333 1.00
332 354 1.00
333 311 1.00
333 332 1.00
333 334 1.00
333 355 1.00
334 312 1.00
334 333 1.00
334 335 1.00
334 356 1.00
335 313 1.00
335 334 1.00
335 336 1.00
335 357 1.00
336 314 1.00
336 335 1.00
336 337 1.00
336 358 1.00
337 315 1.00
337 336 1.00
337 338 1.00
337 359 1.00
338 316 1.00
338 337 1.00
338 339 1.00
338 360 1.00
339 317 1.00
339 338 1.00
339 340 1.00
339 361 1.00
340 318 1.00
340 339 1.00
340 341 1.00
340 362 1.00
341 319 1.00
341 340 1.00
341 342 1.00
341 363 1.00
342 320 1.00
342 341 1.00
342 343 1.00
342 364 1.00
343 321 1.00
343 342 1.00
343 344 1.00
343 365 1.00
344 322 1.00
344 343 1.00
344 345 1.00
344 366 1.00
345 323 1.00
345 344 1.00
345 346 1.00
345 367 1.00
346 324 1.00
346 345 1.00
346 347 1.00
346 368 1.00
347 325 1.00
347 346 1.00
347 348 1.00
347 369 1.00
348 326 1.00
348 347 1.00
348 349 1.00
348 370 1.00
349 327 1.00
349 348 1.00
349 350 1.00
349 371 1.00
350 328 1.00
350 349 1.00
350 351 1.00
350 372 1.00
351 329 1.00
351 350 1.00
351 373 1.00
352 330 1.00
352 353 1.00
352 374 1.00
353 331 1.00
353 352 1.00
353 354 1.00
353 375 1.00
354 332 1.00
354 353 1.00
354 355 1.00
354 376 1.00
355 333 1.00
355 354 1.00
355 356 1.00
355 377 1.00
356 334 1.00
356 355 1.00
356 357 1.00
356 378 1.00
357 335 1.00
357 356 1.00
357 358 1.00
357 379 1.00
358 336 1.00
358 357 1.00
358 359 1.00
358 380 1.00
359 337 1.00
359 358 1.00
359 360 1.00
359 381 1.00
360 338 1.00
360 359 1.00
360 361 1.00
360 382 1.00
361 339 1.00
361 360 1.00
361 362 1.00
361 383 1.00
362 340 1.00
362 361 1.00
362 363 1.00
362 384 1.00
363 341 1.00
363 362 1.00
363 364 1.00
363 385 1.00
364 342 1.00
364 363 1.00
364 365 1.00
364 386 1.00
365 343 1.00
365 364 1.00
365 366 1.00
365 387 1.00
366 344 1.00
366 365 1.00
366 367 1.00
366 388 1.00
367 345 1.00
367 366 1.00
367 368 1.00
367 389 1.00
368 346 1.00
368 367 1.00
368 369 1.00
368 390 1.00
369 347 1.00
369 368 1.00
369 370 1.00
369 391 1.00
370 348 1.00
370 369 1.00
370 371 1.00
370 392 1.00
371 349 1.00
371 370 1.00
371 372 1.00
371 393 1.00
372 350 1.00
372 371 1.00
372 373 1.00
372 394 1.00
373 351 1.00
373 372 1.00
373 395 1.00
374 352 1.00
374 375 1.00
374 396 1.00
375 353 1.00
375 374 1.00
375 376 1.00
375 397 1.00
376 354 1.00
376 375 1.00
376 377 1.00
376 398 1.00
377 355 1.00
377 376 1.00
377 378 1.00
377 399 1.00
378 356 1.00
378 377 1.00
378 379 1.00
378 400 1.00
379 357 1.00
379 378 1.00
379 380 1.00
379 401 1.00
380 358 1.00
380 379 1.00
380 381 1.00
380 402 1.00
381 359 1.00
381 380 1.00
381 382 1.00
381 403 1.00
382 360 1.00
382 381 1.00
382 383 1.00
382 404 1.00
383 361 1.00
383 382 1.00
383 384 1.00
383 405 1.00
384 362 1.00
384 383 1.00
384 385 1.00
384 406 1.00
385 363 1.00
385 384 1.00
385 386 1.00
385 407 1.00
386 364 1.00
386 385 1.00
386 387 1.00
386 408 1.00
387 365 1.00
387 386 1.00
387 388 1.00
387 409 1.00
388 366 1.00
388 387 1.00
388 389 1.00
388 410 1.00
389 367 1.00
389 388 1.00
389 390 1.00
389 411 1.00
390 368 1.00
390 389 1.00
390 391 1.00
390 412 1.00
391 369 1.00
391 390 1.00
391 392 1.00
391 413 1.00
392 370 1.00
392 391 1.00
392 393 1.00
392 414 1.00
393 371 1.00
393 392 1.00
393 394 1.00
393 415 1.00
394 372 1.00
394 393 1.00
394 395 1.00
394 416 1.00
395 373 1.00
395 394 1.00
395 417 1.00
396 374 1.00
396 397 1.00
396 418 1.00
397 375 1.00
397 396 1.00
397 398 1.00
397 419 1.00
398 376 1.00
398 397 1.00
398 399 1.00
398 420 1.00
399 377 1.00
399 398 1.00
399 400 1.00
399 421 1.00
400 378 1.00
400 399 1.00
400 401 1.00
400 422 1.00
401 379 1.00
401 400 1.00
401 402 1.00
401 423 1.00
402 380 1.00
402 401 1.00
402 403 1.00
402 424 1.00
403 381 1.00
403 402 1.00
403 404 1.00
403 425 1.00
404 382 1.00
404 403 1.00
404 405 1.00
404 426 1.00
405 383 1.00
405 404 1.00
405 406 1.00
405 427 1.00
406 384 1.00
406 405 1.00
406 407 1.00
406 428 1.00
407 385 1.00
407 406 1.00
407 408 1.00
407 429 1.00
408 386 1.00
408 407 1.00
408 409 1.00
408 430 1.00
409 387 1.00
409 408 1.00
409 410 1.00
409 431 1.00
410 388 1.00
410 409 1.00
410 411 1.00
410 432 1.00
411 389 1.00
411 410 1.00
411 412 1.00
411 433 1.00
412 390 1.00
412 411 1.00
412 413 1.00
412 434 1.00
413 391 1.00
413 412 1.00
413 414 1.00
413 435 1.00
414 392 1.00
414 413 1.00
414 415 1.00
414 436 1.00
415 393 1.00
415 414 1.00
415 416 1.00
415 437 1.00
416 394 1.00
416 415 1.00
416 417 1.00
416 438 1.00
417 395 1.00
417 416 1.00
417 439 1.00
418 396 1.00
418 419 1.00
418 440 1.00
419 397 1.00
419 418 1.00
419 420 1.00
419 441 1.00
420 398 1.00
420 419 1.00
420 421 1.00
420 442 1.00
421 399 1.00
421 420 1.00
421 422 1.00
421 443 1.00
422 400 1.00
422 421 1.00
422 423 1.00
422 444 1.00
423 401 1.00
423 422 1.00
423 424 1.00
423 445 1.00
424 402 1.00
424 423 1.00
424 425 1.00
424 446 1.00
425 403 1.00
425 424 1.00
425 426 1.00
425 447 1.00
426 404 1.00
426 425 1.00
426 427 1.00
426 448 1.00
427 405 1.00
427 426 1.00
427 428 1.00
427 449 1.00
428 406 1.00
428 427 1.00
428 429 1.00
428 450 1.00
429 407 1.00
429 428 1.00
429 430 1.00
429 451 1.00
430 408 1.00
430 429 1.00
430 431 1.00
430 452 1.00
431 409 1.00
431 430 1.00
431 432 1.00
431 453 1.00
432 410 1.00
432 431 1.00
432 433 1.00
432 454 1.00
433 411 1.00
433 432 1.00
433 434 1.00
433 455 1.00
434 412 1.00
434 433 1.00
434 435 1.00
434 456 1.00
435 413 1.00
435 434 1.00
435 436 1.00
435 457 1.00
436 414 1.00
436 435 1.00
436 437 1.00
436 458 1.00
437 415 1.00
437 436 1.00
437 438 1.00
437 459 1.00
438 416 1.00
438 437 1.00
438 439 1.00
438 460 1.00
439 417 1.00
439 438 1.00
439 461 1.00
440 418 1.00
440 441 1.00
440 462 1.00
441 419 1.00
441 440 1.00
441 442 1.00
441 463 1.00
442 420 1.00
442 441 1.00
442 443 1.00
442 464 1.00
443 421 1.00
443 442 1.00
443 444 1.00
443 465 1.00
444 422 1.00
444 443 1.00
444 445 1.00
444 466 1.00
445 423 1.00
445 444 1.00
445 446 1.00
445 467 1.00
446 424 1.00
446 445 1.00
446 447 1.00
446 468 1.00
447 425 1.00
447 446 1.00
447 448 1.00
447 469 1.00
448 426 1.00
448 447 1.00
448 449 1.00
448 470 1.00
449 427 1.00
449 448 1.00
449 450 1.00
449 471 1.00
450 428 1.00
450 449 1.00
450 451 1.00
450 472 1.00
451 429 1.00
451 450 1.00
451 452 1.00
451 473 1.00
452 430 1.00
452 451 1.00
452 453 1.00
452 474 1.00
453 431 1.00
453 452 1.00
453 454 1.00
453 475 1.00
454 432 1.00
454 453 1.00
454 455 1.00
454 476 1.00
455 433 1.00
455 454 1.00
455 456 1.00
455 477 1.00
456 434 1.00
456 455 1.00
456 457 1.00
456 478 1.00
457 435 1.00
457 456 1.00
457 458 1.00
457 479 1.00
458 436 1.00
458 457 1.00
458 459 1.00
458 480 1.00
459 437 1.00
459 458 1.00
459 460 1.00
459 481 1.00
460 438 1.00
460 459 1.00
460 461 1.00
460 482 1.00
461 439 1.00
461 460 1.00
461 483 1.00
462 440 1.00
462 463 1.00
462 484 1.00
463 441 1.00
463 462 1.00
463 464 1.00
463 485 1.00
464 442 1.00
464 463 1.00
464 465 1.00
464 486 1.00
465 443 1.00
465 464 1.00
465 466 1.00
465 487 1.00
466 444 1.00
466 465 1.00
466 467 1.00
466 488 1.00
467 445 1.00
467 466 1.00
467 468 1.00
467 489 1.00
468 446 1.00
468 467 1.00
468 469 1.00
468 490 1.00
469 447 1.00
469 468 1.00
469 470 1.00
469 491 1.00
470 448 1.00
470 469 1.00
470 471 1.00
470 492 1.00
471 449 1.00
471 470 1.00
471 472 1.00
471 493 1.00
472 450 1.00
472 471 1.00
472 473 1.00
472 494 1.00
473 451 1.00
473 472 1.00
473 474 1.00
473 495 1.00
474 452 1.00
474 473 1.00
474 475 1.00
474 496 1.00
475 453 1.00
475 474 1.00
475 476 1.00
475 497 1.00
476 454 1.00
476 475 1.00
476 477 1.00
476 498 1.00
477 455 1.00
477 476 1.00
477 478 1.00
477 499 1.00
478 456 1.00
478 477 1.00
478 479 1.00
478 500 1.00
479 457 1.00
479 478 1.00
479 480 1.00
479 501 1.00
480 458 1.00
480 479 1.00
480 481 1.00
480 502 1.00
481 459 1.00
481 480 1.00
481 482 1.00
481 503 1.00
482 460 1.00
482 481 1.00
482 483 1.00
482 504 1.00
483 461 1.00
483 482 1.00
483 505 1.00
484 462 1.00
484 485 1.00
484 506 1.00
485 463 1.00
485 484 1.00
485 486 1.00
485 507 1.00
486 464 1.00
486 485 1.00
486 487 1.00
486 508 1.00
487 465 1.00
487 486 1.00
487 488 1.00
487 509 1.00
488 466 1.00
488 487 1.00
488 489 1.00
488 510 1.00
489 467 1.00
489 488 1.00
489 490 1.00
489 511 1.00
490 468 1.00
490 489 1.00
490 491 1.00
490 512 1.00
491 469 1.00
491 490 1.00
491 492 1.00
491 513 1.00
492 470 1.00
492 491 1.00
492 493 1.00
492 514 1.00
493 471 1.00
493 492 1.00
493 494 1.00
493 515 1.00
494 472 1.00
494 493 1.00
494 495 1.00
494 516 1.00
495 473 1.00
495 494 1.00
495 496 1.00
495 517 1.00
496 474 1.00
496 495 1.00
496 497 1.00
496 518 1.00
497 475 1.00
497 496 1.00
497 498 1.00
497 519 1.00
498 476 1.00
498 497 1.00
498 499 1.00
498 520 1.00
499 477 1.00
499 498 1.00
499 500 1.00
499 521 1.00
500 478 1.00
500 499 1.00
500 501 1.00
500 522 1.00
501 479 1.00
501 500 1.00
501 502 1.00
501 523 1.00
502 480 1.00
502 501 1.00
502 503 1.00
502 524 1.00
503 481 1.00
503 502 1.00
503 504 1.00
503 525 1.00
504 482 1.00
504 503 1.00
504 505 1.00
504 526 1.00
505 483 1.00
505 504 1.00
505 527 1.00
506 484 1.00
506 507 1.00
506 528 1.00
507 485 1.00
507 506 1.00
507 508 1.00
507 529 1.00
508 486 1.00
508 507 1.00
508 509 1.00
508 530 1.00
509 487 1.00
509 508 1.00
509 510 1.00
509 531 1.00
510 488 1.00
510 509 1.00
510 511 1.00
510 532 1.00
511 489 1.00
511 510 1.00
511 512 1.00
511 533 1.00
512 490 1.00
512 511 1.00
512 513 1.00
512 534 1.00
513 491 1.00
513 512 1.00
513 514 1.00
513 535 1.00
514 492 1.00
514 513 1.00
514 515 1.00
514 536 1.00
515 493 1.00
515 514 1.00
515 516 1.00
515 537 1.00
516 494 1.00
516 515 1.00
516 517 1.00
516 538 1.00
517 495 1.00
517 516 1.00
517 518 1.00
517 539 1.00
518 496 1.00
518 517 1.00
518 519 1.00
518 540 1.00
519 497 1.00
519 518 1.00
519 520 1.00
519 541 1.00
520 498 1.00
520 519 1.00
520 521 1.00
520 542 1.00
521 499 1.00
521 520 1.00
521 522 1.00
521 543 1.00
522 500 1.00
522 521 1.00
522 523 1.00
522 544 1.00
523 501 1.00
523 522 1.00
523 524 1.00
523 545 1.00
524 502 1.00
524 523 1.00
524 525 1.00
524 546 1.00
525 503 1.00
525 524 1.00
525 526 1.00
525 547 1.00
526 504 1.00
526 525 1.00
526 527 1.00
526 548 1.00
527 505 1.00
527 526 1.00
527 549 1.00
528 506 1.00
528 529 1.00
528 550 1.00
529 507 1.00
529 528 1.00
529 530 1.00
529 551 1.00
530 508 1.00
530 529 1.00
530 531 1.00
530 552 1.00
531 509 1.00
531 530 1.00
531 532 1.00
531 553 1.00
532 510 1.00
532 531 1.00
532 533 1.00
532 554 1.00
533 511 1.00
533 532 1.00
533 534 1.00
533 555 1.00
534 512 1.00
534 533 1.00
534 535 1.00
534 556 1.00
535 513 1.00
535 534 1.00
535 536 1.00
535 557 1.00
536 514 1.00
536 535 1.00
536 537 1.00
536 558 1.00
537 515 1.00
537 536 1.00
537 538 1.00
537 559 1.00
538 516 1.00
538 537 1.00
538 539 1.00
538 560 1.00
539 517 1.00
539 538 1.00
539 540 1.00
539 561 1.00
540 518 1.00
540 539 1.00
540 541 1.00
540 562 1.00
541 519 1.00
541 540 1.00
541 542 1.00
541 563 1.00
542 520 1.00
542 541 1.00
542 543 1.00
542 564 1.00
543 521 1.00
543 542 1.00
543 544 1.00
543 565 1.00
544 522 1.00
544 543 1.00
544 545 1.00
544 566 1.00
545 523 1.00
545 544 1.00
545 546 1.00
545 567 1.00
546 524 1.00
546 545 1.00
546 547 1.00
546 568 1.00
547 525 1.00
547 546 1.00
547 548 1.00
547 569 1.00
548 526 1.00
548 547 1.00
548 549 1.00
548 570 1.00
549 527 1.00
549 548 1.00
549 571 1.00
550 528 1.00
550 551 1.00
550 572 1.00
551 529 1.00
551 550 1.00
551 552 1.00
551 573 1.00
552 530 1.00
552 551 1.00
552 553 1.00
552 574 1.00
553 531 1.00
553 552 1.00
553 554 1.00
553 575 1.00
554 532 1.00
554 553 1.00
554 555 1.00
554 576 1.00
555 533 1.00
555 554 1.00
555 556 1.00
555 577 1.00
556 534 1.00
556 555 1.00
556 557 1.00
556 578 1.00
557 535 1.00
557 556 1.00
557 558 1.00
557 579 1.00
558 536 1.00
558 557 1.00
558 559 1.00
558 580 1.00
559 537 1.00
559 558 1.00
559 560 1.00
559 581 1.00
560 538 1.00
560 559 1.00
560 561 1.00
560 582 1.00
561 539 1.00
561 560 1.00
561 562 1.00
561 583 1.00
562 540 1.00
562 561 1.00
562 563 1.00
562 584 1.00
563 541 1.00
563 562 1.00
563 564 1.00
563 585 1.00
564 542 1.00
564 563 1.00
564 565 1.00
564 586 1.00
565 543 1.00
565 564 1.00
565 566 1.00
565 587 1.00
566 544 1.00
566 565 1.00
566 567 1.00
566 588 1.00
567 545 1.00
567 566 1.00
567 568 1.00
567 589 1.00
568 546 1.00
568 567 1.00
568 569 1.00
568 590 1.00
569 547 1.00
569 568 1.00
569 570 1.00
569 591 1.00
570 548 1.00
570 569 1.00
570 571 1.00
570 592 1.00
571 549 1.00
571 570 1.00
571 593 1.00
572 550 1.00
572 573 1.00
572 594 1.00
573 551 1.00
573 572 1.00
573 574 1.00
573 595 1.00
574 552 1.00
574 573 1.00
574 575 1.00
574 596 1.00
575 553 1.00
575 574 1.00
575 576 1.00
575 597 1.00
576 554 1.00
576 575 1.00
576 577 1.00
576 598 1.00
577 555 1.00
577 576 1.00
577 578 1.00
577 599 1.00
578 556 1.00
578 577 1.00
578 579 1.00
578 600 1.00
579 557 1.00
579 578 1.00
579 580 1.00
579 601 1.00
580 558 1.00
580 579 1.00
580 581 1.00
580 602 1.00
581 559 1.00
581 580 1.00
581 582 1.00
581 603 1.00
582 560 1.00
582 581 1.00
582 583 1.00
582 604 1.00
583 561 1.00
583 582 1.00
583 584 1.00
583 605 1.00
584 562 1.00
584 583 1.00
584 585 1.00
584 606 1.00
585 563 1.00
585 584 1.00
585 586 1.00
585 607 1.00
586 564 1.00
586 585 1.00
586 587 1.00
586 608 1.00
587 565 1.00
587 586 1.00
587 588 1.00
587 609 1.00
588 566 1.00
588 587 1.00
588 589 1.00
588 610 1.00
589 567 1.00
589 588 1.00
589 590 1.00
589 611 1.00
590 568 1.00
590 589 1.00
590 591 1.00
590 612 1.00
591 569 1.00
591 590 1.00
591 592 1.00
591 613 1.00
592 570 1.00
592 591 1.00
592 593 1.00
592 614 1.00
593 571 1.00
593 592 1.00
593 615 1.00
594 572 1.00
594 595 1.00
594 616 1.00
595 573 1.00
595 594 1.00
595 596 1.00
595 617 1.00
596 574 1.00
596 595 1.00
596 597 1.00
596 618 1.00
597 575 1.00
597 596 1.00
597 598 1.00
597 619 1.00
598 576 1.00
598 597 1.00
598 599 1.00
598 620 1.00
599 577 1.00
599 598 1.00
599 600 1.00
599 621 1.00
600 578 1.00
600 599 1.00
600 601 1.00
600 622 1.00
601 579 1.00
601 600 1.00
601 602 1.00
601 623 1.00
602 580 1.00
602 601 1.00
602 603 1.00
602 624 1.00
603 581 1.00
603 602 1.00
603 604 1.00
603 625 1.00
604 582 1.00
604 603 1.00
604 605 1.00
604 626 1.00
605 583 1.00
605 604 1.00
605 606 1.00
605 627 1.00
606 584 1.00
606 605 1.00
606 607 1.00
606 628 1.00
607 585 1.00
607 606 1.00
607 608 1.00
607 629 1.00
608 586 1.00
608 607 1.00
608 609 1.00
608 630 1.00
609 587 1.00
609 608 1.00
609 610 1.00
609 631 1.00
610 588 1.00
610 609 1.00
610 611 1.00
610 632 1.00
611 589 1.00
611 610 1.00
611 612 1.00
611 633 1.00
612 590 1.00
612 611 1.00
612 613 1.00
612 634 1.00
613 591 1.00
613 612 1.00
613 614 1.00
613 635 1.00
614 592 1.00
614 613 1.00
614 615 1.00
614 636 1.00
615 593 1.00
615 614 1.00
615 637 1.00
616 594 1.00
616 617 1.00
617 595 1.00
617 616 1.00
617 618 1.00
618 596 1.00
618 617 1.00
618 619 1.00
619 597 1.00
619 618 1.00
619 620 1.00
620 598 1.00
620 619 1.00
620 621 1.00
621 599 1.00
621 620 1.00
621 622 1.00
622 600 1.00
622 621 1.00
622 623 1.00
623 601 1.00
623 622 1.00
623 624 1.00
624 602 1.00
624 623 1.00
624 625 1.00
625 603 1.00
625 624 1.00
625 626 1.00
626 604 1.00
626 625 1.00
626 627 1.00
627 605 1.00
627 626 1.00
627 628 1.00
628 606 1.00
628 627 1.00
628 629 1.00
629 607 1.00
629 628 1.00
629 630 1.00
630 608 1.00
630 629 1.00
630 631 1.00
631 609 1.00
631 630 1.00
631 632 1.00
632 610 1.00
632 631 1.00
632 633 1.00
633 611 1.00
633 632 1.00
633 634 1.00
634 612 1.00
634 633 1.00
634 635 1.00
635 613 1.00
635 634 1.00
635 636 1.00
636 614 1.00
636 635 1.00
636 637 1.00
637 615 1.00
637 636 1.00
END
#################################################################
SECTION4 (TrueSubGraph Information)
EndPoint0 EndPoint1 Weight
END
#################################################################
