an2i_left_angry_sunglasses
1749.15836904
1842.69069569
1871.10421944
1890.03095213
1929.28173163
1935.96952455
1979.6666386
an2i_left_happy_sunglasses
1555.03858473
1594.5231262
1689.31080622
1726.14512715
1740.04999928
1753.52017382
1799.7810978
an2i_left_neutral_sunglasses
1452.23792816
1482.00978404
1516.34461782
1608.74764957
1832.54004049
1836.55710502
1838.6299247
an2i_left_sad_sunglasses
1564.97827461
1642.46065402
1646.66815115
1678.80522992
1721.65124227
1773.04540269
1811.01131968
an2i_right_angry_sunglasses
1217.62473694
1376.27141219
1663.59790815
1683.31785471
1921.72552671
1951.85117261
1956.08793258
an2i_right_happy_sunglasses
1297.82163644
1476.94414248
1602.25840613
1787.87779224
1904.51463633
1917.07198613
1919.50280021
an2i_right_neutral_sunglasses
1361.73345409
1488.4223191
1548.22898823
1870.69612711
1880.34890379
1884.90265001
1908.04061802
an2i_right_sad_sunglasses
1201.77576943
1389.63880199
1663.41516165
1668.7950743
1925.28387517
1949.6330424
1959.65430625
an2i_straight_angry_sunglasses
1468.40866246
1568.33765497
1655.9486707
1720.93462979
1797.76527945
1799.86471714
1870.00160428
an2i_straight_happy_sunglasses
1373.53121552
1549.09231487
1603.08140779
1698.96027028
1713.9186095
1791.99162944
1848.26350935
an2i_straight_neutral_sunglasses
1556.07776155
1597.18251931
1682.15367907
1712.01693917
1746.00114547
1750.44994216
1862.53161047
an2i_straight_sad_sunglasses
1519.71313082
1604.9563857
1712.12733171
1728.54042475
1785.7978609
1811.87609952
1864.53640351
an2i_up_angry_sunglasses
1038.34435521
1431.51737677
1433.06803746
1452.30816289
1616.9901051
1634.54366721
1679.34451498
an2i_up_happy_sunglasses
1106.47232229
1368.90941994
1462.3200744
1549.08618224
1595.08777188
1611.66963116
1614.99783282
an2i_up_neutral_sunglasses
1217.62145185
1348.61262044
1527.63706423
1576.66229739
1588.27516508
1591.63469427
1620.82633246
an2i_up_sad_sunglasses
1219.42322432
1342.80043193
1478.80830401
1480.22329397
1488.58489849
1536.66033983
1549.35534981
at33_left_angry_sunglasses
1101.86614432
1464.73035061
1528.29709154
1610.13446643
1621.53353342
1647.61646022
1664.8120014
at33_left_happy_sunglasses
1315.19884428
1365.24686412
1383.35534119
1409.59568671
1454.78073949
1458.11042106
1461.8679831
at33_left_neutral_sunglasses
1134.2389519
1171.23567227
1291.56494223
1313.31032129
1406.12730576
1432.70024778
1438.37130116
at33_left_sad_sunglasses
1205.47169191
1260.94052199
1321.64216034
1376.17876746
1385.47970032
1451.09613741
1485.71733516
at33_right_angry_sunglasses
820.902552073
1736.70982032
1913.56186208
1924.89480232
1927.19225818
1927.46880649
1999.74298349
at33_right_happy_sunglasses
1058.64677773
1264.64738168
1336.73782022
1546.65542381
1597.28582289
1603.46250346
1651.06935045
at33_right_neutral_sunglasses
881.997732423
1151.54722005
1212.43309094
1539.44308112
1547.46211585
1565.91794166
1656.57085571
at33_right_sad_sunglasses
1111.94829016
1378.43752125
1403.61640059
1508.49958568
1628.78605102
1674.94179003
1688.5277611
at33_straight_angry_sunglasses
1245.48705332
1283.16795471
1412.81279722
1478.58750164
1499.47224049
1599.61245306
1604.62518988
at33_straight_happy_sunglasses
1136.55356231
1229.82234489
1285.20543105
1386.97728893
1455.95535646
1479.65468945
1481.17925991
at33_straight_neutral_sunglasses
1172.69817089
1213.92174377
1263.25215218
1408.59681953
1442.13279555
1502.98270116
1507.68000584
at33_straight_sad_sunglasses
1231.90421706
1351.55761993
1362.32191497
1522.52257783
1530.97387306
1582.903661
1609.6257329
at33_up_angry_sunglasses
1178.36751483
1198.36597081
1201.71752088
1288.97866546
1335.04531758
1463.62905137
1473.61528222
at33_up_happy_sunglasses
1163.80582573
1190.41421362
1397.05583281
1412.21775941
1416.8182664
1432.92184016
1454.83779165
at33_up_neutral_sunglasses
898.356833335
968.082124615
1339.61113761
1344.60626207
1434.21895121
1439.8902736
1440.21178998
at33_up_sad_sunglasses
1013.86784149
1051.56930347
1409.81523612
1415.88311664
1416.75297776
1421.56603786
1430.08216547
boland_left_angry_sunglasses
1602.54329115
1609.76520027
1625.35996013
1640.17346644
1789.11849803
1791.78263191
1826.15990538
boland_left_happy_sunglasses
1582.78520337
1593.2187546
1605.43234052
1620.99198024
1816.47928697
1816.47956223
1824.76053223
boland_left_neutral_sunglasses
1626.68097671
1637.11514561
1648.23754356
1664.84383652
1814.79723385
1815.75962065
1839.6015873
boland_left_sad_sunglasses
1573.86022251
1585.11923842
1594.54131336
1623.1531043
1799.38128255
1812.25163816
1821.01949468
boland_right_angry_sunglasses
1319.45367482
1501.40400959
1503.39349473
1590.22545571
1714.75916676
1720.42087874
1762.65424857
boland_right_happy_sunglasses
1274.97843119
1344.01116067
1352.85623774
1434.83762147
1657.02082063
1697.51288655
1699.85440553
boland_right_neutral_sunglasses
1400.13856457
1521.65239132
1523.9442247
1619.94351753
1649.014251
1683.33211221
1683.41616958
boland_right_sad_sunglasses
1322.93234899
1416.7483898
1426.95620115
1515.70610608
1645.64030092
1690.4499401
1697.44366622
boland_straight_angry_sunglasses
1175.552636
1180.45033779
1202.37348607
1213.63009191
1751.1690381
1781.42274601
1792.33172153
boland_straight_happy_sunglasses
1168.64708103
1178.43328195
1192.68855952
1212.51144324
1751.04854302
1800.65849066
1822.71034451
boland_straight_neutral_sunglasses
1201.8331831
1203.39602791
1223.02289431
1247.84093538
1796.79102847
1812.1920428
1815.17161723
boland_straight_sad_sunglasses
1160.46197697
1168.1750725
1187.50747366
1225.73814496
1749.81741905
1804.23141531
1804.50852035
boland_up_angry_sunglasses
990.123224654
997.181528108
1016.70546374
1019.34488766
1614.47359842
1626.77933353
1643.90267352
boland_up_happy_sunglasses
825.21572937
836.215283285
839.060188544
849.180781695
1604.85232966
1631.23572791
1654.9661628
boland_up_neutral_sunglasses
778.863274266
801.874678488
811.899624338
854.410322971
1558.94708056
1657.64863587
1672.12589239
boland_up_sad_sunglasses
839.219280045
865.66506225
866.887535958
871.961008303
1615.96813087
1645.35315358
1647.40098337
bpm_left_angry_sunglasses
681.295090251
728.767452621
839.075681926
988.034918411
1188.47717689
1189.86301733
1208.51272232
bpm_left_happy_sunglasses
519.346705005
694.551653947
830.175884979
897.353330634
1151.9444431
1156.50507997
1171.93472514
bpm_left_neutral_sunglasses
635.120461015
755.770467801
807.371042334
971.991255105
1140.90008327
1143.06474007
1171.98122852
bpm_left_sad_sunglasses
528.604767288
613.708399812
861.264767653
890.527933307
1101.95734945
1129.16960639
1131.69297957
bpm_right_angry_sunglasses
669.726809976
806.974596874
959.243973137
1059.90990183
1180.70487422
1183.98690871
1230.68964406
bpm_right_happy_sunglasses
485.495623049
626.498204307
671.859360283
785.150304082
1137.08003236
1170.2354464
1261.53676126
bpm_right_neutral_sunglasses
483.039335872
601.42414318
682.354746448
840.015476048
1146.29053909
1179.44478463
1275.94984227
bpm_right_sad_sunglasses
544.95229149
700.636139519
738.153100651
875.0965661
1144.1765598
1165.53592823
1272.88373389
bpm_straight_angry_sunglasses
623.882200419
624.70553063
630.595750065
668.481862132
988.656664368
1027.05939458
1042.74061971
bpm_straight_happy_sunglasses
599.127699243
659.639295373
659.643843297
663.003016584
974.714830091
1011.22005518
1033.00193611
bpm_straight_neutral_sunglasses
703.590079521
761.54645295
768.709958307
793.674996456
1036.05598304
1062.08144697
1077.03946074
bpm_straight_sad_sunglasses
615.711783223
663.459870678
670.396897368
677.079758965
946.780861657
979.617782607
1004.76663957
bpm_up_angry_sunglasses
602.230852747
686.313339518
703.862912789
708.40454544
937.731838001
938.981895459
959.359161107
bpm_up_happy_sunglasses
657.546956498
686.780168613
734.441965032
816.355314799
1022.59571679
1032.81750566
1042.83987266
bpm_up_neutral_sunglasses
660.894847915
710.863559342
741.26446023
741.474207239
952.804282106
956.195063781
984.528313458
bpm_up_sad_sunglasses
619.954837065
677.521955364
709.301769348
719.899298513
911.68580114
918.265212234
940.238267675
ch4f_left_angry_sunglasses
1386.89617492
1426.95550036
1561.63311953
1564.58205282
1568.06504967
1570.42287299
1576.98382997
ch4f_left_happy_sunglasses
1343.70792957
1380.79397449
1525.27440154
1530.04640453
1575.12380466
1576.81260776
1583.9381301
ch4f_left_neutral_sunglasses
1324.50254813
1351.92677316
1492.30827914
1505.43017108
1588.23266558
1591.00282841
1597.51932696
ch4f_left_sad_sunglasses
1375.89607166
1415.97987274
1554.02992249
1557.9470466
1558.65294405
1559.33447342
1566.22061026
ch4f_right_angry_sunglasses
1363.37925758
1399.79105584
1409.85531173
1463.1589114
1497.33463194
1524.07283291
1536.20864468
ch4f_right_happy_sunglasses
1360.49072029
1385.08952779
1422.19829841
1456.64168552
1481.56538836
1485.25889999
1497.97897182
ch4f_right_neutral_sunglasses
1367.88961543
1405.97226146
1415.22683694
1462.88311221
1496.04612228
1524.963934
1538.35561558
ch4f_right_sad_sunglasses
1361.43343576
1395.20285263
1411.83426789
1468.33851683
1486.31053283
1513.23362373
1525.38683618
ch4f_straight_angry_sunglasses
1213.42449291
1213.92956962
1235.45538163
1247.87819918
1383.51906384
1399.65817255
1400.27533007
ch4f_straight_happy_sunglasses
1108.16199177
1111.24209783
1136.65562067
1148.62439466
1378.66565925
1390.34348274
1394.11262099
ch4f_straight_neutral_sunglasses
1086.05846988
1091.06690904
1112.80815957
1115.221951
1383.63470613
1388.05655504
1396.07592917
ch4f_straight_sad_sunglasses
1191.81164619
1193.13410814
1215.40445943
1229.42018854
1377.93069492
1390.88281318
1391.97737051
ch4f_up_angry_sunglasses
1049.45176164
1050.79017887
1081.08094054
1092.87647975
1475.67814919
1478.91142399
1479.23493739
ch4f_up_happy_sunglasses
1058.13562458
1063.49800188
1094.30434523
1094.83743085
1476.87846487
1488.85425747
1489.95872426
ch4f_up_neutral_sunglasses
1064.65440402
1068.03370733
1097.9234946
1102.93109486
1454.35690255
1472.60823032
1474.14483685
ch4f_up_sad_sunglasses
1049.29452491
1050.13522939
1081.69681519
1086.64023485
1471.31369871
1477.34186971
1477.59162152
cheyer_left_angry_sunglasses
1678.14957617
1745.36242655
1766.22025807
1793.24482433
1798.60001112
1808.22647918
1814.7594882
cheyer_left_happy_sunglasses
1614.32245849
1637.97313775
1661.91666458
1709.79560182
1717.77035718
1719.40047691
1723.01596046
cheyer_left_neutral_sunglasses
1645.75909537
1726.1164503
1757.17699735
1766.47954984
1772.85758029
1774.03297602
1775.76265306
cheyer_left_sad_sunglasses
1716.19054886
1842.15037388
1848.61353452
1872.25612564
1906.86444196
1907.04483429
1919.6247029
cheyer_right_angry_sunglasses
1659.8108326
1661.60946073
1666.30279361
1684.25176265
1714.77083017
1719.98197665
1729.83120564
cheyer_right_happy_sunglasses
1626.11561705
1627.7229494
1631.43372529
1642.67556139
1647.26348833
1668.45707167
1687.97008267
cheyer_right_neutral_sunglasses
1631.9895833
1652.09563888
1660.35538365
1679.52403972
1681.44967216
1701.43615807
1710.94389154
cheyer_right_sad_sunglasses
1662.79794323
1718.68176228
1735.89458205
1739.83533704
1781.95117778
1783.58319122
1793.64461363
cheyer_straight_angry_sunglasses
1725.21129141
1726.65514797
1766.21714407
1777.06780962
1790.16312106
1819.95769182
1824.91260065
cheyer_straight_happy_sunglasses
1709.79384722
1745.92038765
1791.13288173
1793.07863743
1794.26057193
1803.20021074
1810.12264778
cheyer_straight_neutral_sunglasses
1735.89198973
1755.62581435
1788.79065293
1790.34242535
1792.40174068
1798.30169883
1799.89277458
cheyer_straight_sad_sunglasses
1687.74316767
1748.83532672
1767.95729586
1794.06967535
1794.91698972
1811.04141311
1818.73554977
cheyer_up_angry_sunglasses
1534.49600847
1554.05405311
1568.69053672
1622.76492444
1627.60652493
1633.39982858
1633.7756884
cheyer_up_happy_sunglasses
1487.25182804
1491.17068104
1520.85502268
1531.60373465
1542.98671414
1589.28159871
1590.32386639
cheyer_up_neutral_sunglasses
1496.13268128
1514.2552625
1531.23185704
1547.71928979
1558.47585801
1579.56481349
1596.45764115
cheyer_up_sad_sunglasses
1526.21525349
1540.75208908
1554.73599045
1557.35320335
1567.58636126
1568.40205305
1587.27754347
choon_left_happy_sunglasses
1741.47983049
1772.83135126
1780.10842366
1787.79696834
1802.36511284
1804.03187333
1815.94438241
choon_left_neutral_sunglasses
1327.35564187
1418.78081464
1424.84139468
1446.62676596
1473.01629319
1502.09220756
1504.50789297
choon_left_sad_sunglasses
1722.91642281
1750.02114273
1781.13755785
1787.4716781
1792.52364001
1794.93621057
1809.78534639
choon_right_angry_sunglasses
1840.09157381
1866.16424786
1891.76980629
1913.62692289
1940.34713389
1958.82822116
1981.39723428
choon_right_happy_sunglasses
1831.28206457
1880.79504466
1891.23240243
1924.24634598
1954.37253358
1954.79538571
1974.54779633
choon_right_neutral_sunglasses
1790.82634557
1862.68059527
1877.11560646
1923.75856073
1930.44891152
1936.85828082
1940.95440441
choon_right_sad_sunglasses
1840.18776216
1894.94775654
1911.57814384
1919.18706748
1942.94956188
1970.39843686
1972.24592787
choon_straight_angry_sunglasses
1701.10493503
1734.21826769
1743.65076779
1767.21702119
1781.54736114
1793.02983801
1805.06287979
choon_straight_happy_sunglasses
1704.67064268
1727.364177
1756.88815808
1756.99060897
1779.54010913
1782.66710297
1827.69636428
choon_straight_neutral_sunglasses
1130.6095701
1168.12670546
1172.69177536
1196.80282419
1364.65673339
1373.44239049
1459.31148149
choon_straight_sad_sunglasses
1710.80945754
1733.25301096
1750.85350615
1757.73319932
1763.90731049
1771.19564137
1775.68690934
choon_up_angry_sunglasses
1560.02211523
1727.85329238
1755.72549107
1763.94586085
1776.16468831
1781.79432034
1782.67523683
choon_up_happy_sunglasses
1637.7338001
1701.99941246
1712.50576641
1719.1067448
1730.29101599
1762.68658587
1791.58840139
choon_up_neutral_sunglasses
1619.05744185
1737.23314498
1749.55394315
1759.4339999
1775.21688816
1780.34069773
1798.49353627
choon_up_sad_sunglasses
1596.93800756
1726.16308615
1749.06031914
1749.60309785
1766.19223189
1768.86941293
1801.69253759
danieln_left_angry_sunglasses
1390.34671935
1817.98954892
1835.02861013
1853.33591127
1872.97810986
1881.92720369
1906.2709671
danieln_left_happy_sunglasses
1523.06007761
1528.46818743
1531.68240833
1547.95316467
1628.849901
1654.52651837
1666.14885289
danieln_left_neutral_sunglasses
1254.53616927
1593.8302921
1610.20806109
1645.42547689
1718.28402774
1718.83157988
1747.30277857
danieln_left_sad_sunglasses
1231.67852949
1747.07527027
1796.47543818
1820.4666984
1821.97392956
1827.76913203
1867.25600816
danieln_right_angry_sunglasses
1224.95673393
1365.49807763
1373.57198574
1386.17170654
1814.7233949
1815.71528605
1821.85592186
danieln_right_happy_sunglasses
1304.97777759
1566.5200286
1589.31840737
1594.16623976
1624.53747264
1632.89497519
1633.70284936
danieln_right_neutral_sunglasses
831.691649591
1026.9016506
1232.95417595
1579.12570747
1587.56354204
1613.06261503
1659.15761759
danieln_right_sad_sunglasses
1370.5943966
1401.81988857
1426.98703568
1591.20520361
1686.04418685
1706.73313673
1732.86525731
danieln_straight_angry_sunglasses
1449.12145799
1580.19270977
1621.94235409
1626.95728278
1665.24772932
1666.14255092
1688.40368396
danieln_straight_neutral_sunglasses
1084.19370963
1199.59034674
1251.52986381
1290.72963862
1471.61068221
1521.80846364
1609.46885649
danieln_straight_sad_sunglasses
1106.10849377
1347.22678121
1519.47852897
1595.45416731
1613.24548659
1631.18269976
1634.83638325
danieln_up_angry_sunglasses
748.416996066
882.449998583
940.304737838
1330.84747436
1650.95608664
1706.06359788
1716.58760336
danieln_up_happy_sunglasses
809.35838786
940.388749401
970.527691516
1363.1969777
1633.31289103
1719.70113683
1730.86625711
danieln_up_neutral_sunglasses
692.479602588
714.163146627
732.235617817
1172.38730802
1661.75238829
1760.56241014
1807.39978975
danieln_up_sad_sunglasses
883.23269867
1016.47577443
1148.19771817
1225.00571427
1528.00981672
1616.63322989
1632.29746064
glickman_left_angry_sunglasses
1383.13014572
1425.08069947
1495.94953123
1530.73936384
1769.38181295
1791.12087811
1822.08369731
glickman_left_happy_sunglasses
809.371360996
929.419173463
1023.90331575
1069.76259048
1569.02549374
1593.19835551
1595.35826697
glickman_left_neutral_sunglasses
928.549944806
1030.29461806
1136.53728491
1194.27509394
1608.80887616
1615.81248912
1636.5350592
glickman_left_sad_sunglasses
889.53021309
935.668744802
1001.81934499
1018.50380461
1538.94541814
1552.84738465
1577.13284158
glickman_right_angry_sunglasses
978.811013424
1016.51315781
1199.26477477
1744.67274868
1752.6808038
1768.24460978
1796.81189889
glickman_right_happy_sunglasses
892.717760549
1029.17928467
1228.03705156
1711.95706722
1719.7947552
1731.48693325
1758.79646349
glickman_right_neutral_sunglasses
987.378346937
1109.34395027
1184.2259075
1821.06726949
1829.72047045
1842.170459
1855.32153548
glickman_right_sad_sunglasses
928.692091061
1045.10669312
1228.50681724
1693.6590566
1700.88212408
1712.94745979
1744.75872257
glickman_straight_angry_sunglasses
1214.35620804
1294.11436898
1341.76339196
1475.3050532
1502.40507188
1504.54644328
1517.97661379
glickman_straight_happy_sunglasses
1047.13418433
1057.90500519
1172.11774153
1434.18548312
1458.37409467
1470.22719333
1470.28228582
glickman_straight_neutral_sunglasses
1019.03532814
1075.66537548
1152.92627691
1445.10657046
1470.18978367
1472.07574533
1483.58518461
glickman_straight_sad_sunglasses
1157.94948076
1246.85604622
1271.64814316
1478.11400102
1508.5164898
1512.56305654
1526.0979654
glickman_up_angry_sunglasses
861.598514391
912.626429598
958.612539038
1011.67484895
1150.77104586
1280.02578099
1289.64142303
glickman_up_happy_sunglasses
839.323537142
885.158177955
924.83512044
967.956610598
1174.63781652
1285.16769334
1296.52497084
glickman_up_neutral_sunglasses
779.733287734
822.085761949
873.94278989
946.734387249
1128.7763286
1230.11056414
1242.88334127
glickman_up_sad_sunglasses
857.272418779
901.413889398
947.202195943
1005.22932707
1169.43405115
1272.11870515
1282.22345946
karyadi_left_angry_sunglasses
1755.15355454
1804.40876744
1813.79574374
1845.7234354
1898.26473391
1905.87748819
1907.05558388
karyadi_left_happy_sunglasses
1115.58773747
1492.57864114
1557.07835384
2052.89697744
2058.89339209
2088.11422101
2091.20754589
karyadi_left_neutral_sunglasses
1516.26382929
1521.0335302
1530.68122089
1542.95592938
1546.55035482
1546.72428054
1555.137936
karyadi_left_sad_sunglasses
1005.55656231
1248.54154917
1440.91290507
1568.53116003
1581.33298201
1630.0536801
1639.71765862
karyadi_right_angry_sunglasses
861.471996063
1133.58810862
1149.62602615
1329.14032367
1339.67570703
1440.35655308
1564.99552715
karyadi_right_neutral_sunglasses
1032.71971028
1275.15959785
1298.39516327
1337.2718497
1458.62023844
1485.17776714
1571.7165775
karyadi_right_sad_sunglasses
934.773769422
997.146929996
1468.70010554
1473.6017101
1590.67501395
1607.98351982
1742.15383936
karyadi_straight_angry_sunglasses
1144.56454602
1144.66632693
1318.14035671
1464.07137804
1648.64095545
1652.10199443
1670.9003561
karyadi_straight_happy_sunglasses
990.349433281
1037.46855374
1248.06930897
1289.92170305
1558.45981661
1565.50151709
1587.01921854
karyadi_straight_neutral_sunglasses
996.238425278
1028.59904725
1132.708259
1293.02320165
1510.73889207
1512.44504032
1559.85448039
karyadi_straight_sad_sunglasses
846.29722911
1045.92638364
1191.56997277
1352.79414546
1434.10634194
1457.87550909
1520.26346401
karyadi_up_angry_sunglasses
784.198316754
901.458817695
920.494432357
934.80265297
1058.4970477
1111.86285125
1155.47955412
karyadi_up_happy_sunglasses
619.753983448
672.455946512
934.617568848
999.324271696
1062.45423431
1085.5367336
1107.27458203
karyadi_up_neutral_sunglasses
760.850182362
957.109189173
1061.02497614
1105.24838837
1130.27872669
1137.34119771
1251.00239808
karyadi_up_sad_sunglasses
567.963026966
1059.31534493
1104.75381873
1116.08646618
1153.52113115
1170.60155476
1329.79923297
kawamura_left_angry_sunglasses
1051.56502414
1071.49615025
1081.1211773
1090.977085
1532.1468598
1588.3437915
1594.75107775
kawamura_left_happy_sunglasses
1101.57069678
1121.23057397
1147.60141164
1219.92786672
1503.01929462
1557.05330673
1563.7768383
kawamura_left_neutral_sunglasses
1080.27265077
1123.47897177
1141.57522748
1245.41519181
1494.51932072
1547.41655672
1554.98263656
kawamura_left_sad_sunglasses
1077.64187001
1098.70560206
1111.71983881
1209.62308179
1485.57497286
1540.36326884
1548.64521437
kawamura_right_angry_sunglasses
1313.07044746
1367.06985922
1397.89770727
1419.12578724
1771.99435665
1783.07739596
1817.61602106
kawamura_right_happy_sunglasses
1355.3851851
1406.65880725
1426.55353913
1461.60493978
1766.62588003
1791.84346415
1797.05481274
kawamura_right_neutral_sunglasses
1394.86164188
1442.1515177
1460.73919643
1486.26679974
1769.10796731
1786.43639685
1819.32185168
kawamura_right_sad_sunglasses
1332.05592976
1385.93542418
1406.65169818
1445.38403201
1746.74239658
1776.27813137
1801.69475772
kawamura_straight_angry_sunglasses
1232.0336846
1255.23902106
1263.21177955
1271.33945113
1555.76894171
1584.8873777
1602.80972046
kawamura_straight_happy_sunglasses
1171.6164048
1183.09002193
1187.293561
1212.31720272
1528.41650083
1554.08300937
1575.10666305
kawamura_straight_neutral_sunglasses
1170.75744713
1179.55754417
1185.83051065
1211.84116121
1521.15055139
1546.32920169
1567.18569417
kawamura_straight_sad_sunglasses
1201.21854798
1203.30752512
1209.14184445
1229.40758091
1554.23325148
1575.96256301
1594.56294953
kawamura_up_angry_sunglasses
1275.24546657
1276.32245142
1279.92109132
1298.93340861
1385.12779194
1392.90882688
1422.28232078
kawamura_up_happy_sunglasses
1288.45256024
1288.64192078
1291.87344581
1310.93439958
1384.1235494
1389.46032689
1418.14808818
kawamura_up_neutral_sunglasses
1290.86017833
1291.5270032
1291.82158211
1310.44381795
1386.80135564
1388.14912744
1415.71254144
kawamura_up_sad_sunglasses
1289.40102373
1289.84068784
1290.6455749
1312.22711449
1375.78304976
1381.2128728
1408.03302518
kk49_left_angry_sunglasses
1206.1683133
1395.41606699
1655.21176893
1667.04379067
1744.66615718
1761.17290463
1771.81291337
kk49_left_happy_sunglasses
886.238116987
966.426406924
1145.1091651
1634.55865603
1679.70771267
1735.83668587
1738.06271463
kk49_left_neutral_sunglasses
1044.91195801
1275.19410287
1429.06123032
1684.31054144
1740.0933883
1742.91738186
1754.73074858
kk49_left_sad_sunglasses
1047.59104616
1108.13266354
1128.14848314
1682.02288926
1682.39799096
1710.04210474
1718.76583629
kk49_right_angry_sunglasses
1255.31470158
1286.58073979
1628.53216118
1684.6622807
1701.16959766
1854.41473247
1879.4086836
kk49_right_happy_sunglasses
1489.6627135
1525.49467387
1597.71367898
1652.93254551
1794.58268129
1798.00166852
1842.0230726
kk49_right_neutral_sunglasses
1323.31062113
1537.17110303
1554.3937725
1635.06268993
1723.55968855
1738.05322128
1772.06010056
kk49_right_sad_sunglasses
1312.68617727
1397.90700692
1436.90187556
1619.11642571
1713.9690779
1774.73012033
1783.46040046
kk49_straight_angry_sunglasses
1487.2494747
1621.01881544
1689.56059376
1689.66268823
1755.35067722
1822.55150819
1839.66437156
kk49_straight_happy_sunglasses
1187.48431569
1332.59821402
1397.87803474
1520.48216037
1561.14925616
1621.97688023
1654.91842699
kk49_straight_neutral_sunglasses
1233.46382193
1335.87274843
1426.48168583
1557.76313989
1603.65519985
1689.7884483
1701.94241971
kk49_straight_sad_sunglasses
1282.13376837
1305.47845635
1496.18915916
1499.34085518
1502.78574654
1551.71034668
1630.48612383
kk49_up_angry_sunglasses
1086.23892399
1099.42439485
1129.97345102
1196.63277575
1480.25335669
1564.83066177
1624.45036859
kk49_up_happy_sunglasses
993.852101673
1198.31423258
1216.74360487
1243.01126302
1533.96773108
1548.9544861
1669.65804882
kk49_up_neutral_sunglasses
1297.81470172
1536.57801624
1564.62775126
1636.20231023
1738.11248198
1739.58299601
1740.08907818
kk49_up_sad_sunglasses
946.626114155
1202.1963234
1237.17743271
1246.66675579
1506.76109586
1546.36800277
1690.93553987
megak_left_angry_sunglasses
1229.96951182
1308.20640573
1333.45603602
1495.68512729
1776.39381895
1846.59389147
1855.84670703
megak_left_happy_sunglasses
1085.42756552
1148.41368853
1164.8506342
1469.19774027
1801.10965796
1853.27979539
1886.64411058
megak_left_neutral_sunglasses
993.318176618
1064.6050911
1077.16247614
1456.65644543
1814.5699215
1830.65999028
1919.67497249
megak_left_sad_sunglasses
1046.60880944
1111.14400507
1257.88711735
1320.50407042
1782.00392817
1854.53713902
1863.83690274
megak_right_angry_sunglasses
1475.1657534
1490.22112453
1520.83989953
1697.91106952
1706.55706028
1826.6255774
1927.27060892
megak_right_happy_sunglasses
1449.75066822
1467.18846778
1490.99429912
1708.01522241
1717.50953418
1831.23865184
1877.47143787
megak_right_neutral_sunglasses
1246.02688575
1264.62800855
1309.96259489
1553.93629213
1776.81034441
1913.12806681
1937.58690128
megak_right_sad_sunglasses
1313.82342801
1318.94996114
1344.11085852
1558.36709411
1746.42635115
1889.60022227
1958.98494124
megak_straight_angry_sunglasses
1286.88461021
1471.0095173
1482.73969394
1621.12985291
1635.12721218
1673.69979387
1697.29637954
megak_straight_happy_sunglasses
1172.07806907
1217.19760105
1315.77353675
1455.79325455
1506.61906267
1525.58447816
1537.69307731
megak_straight_neutral_sunglasses
1138.55127245
1242.10386039
1338.3116229
1467.14757267
1532.7077347
1558.26570263
1558.66673795
megak_up_angry_sunglasses
1034.17019876
1128.47817879
1270.51446273
1386.36286736
1404.7024596
1526.91846541
1560.40411432
megak_up_happy_sunglasses
956.118716478
1053.09258852
1150.24171373
1255.16253928
1318.44377961
1444.57156278
1449.96413749
megak_up_neutral_sunglasses
828.869712319
978.311811234
1081.08001554
1236.65799638
1287.28706977
1431.03633776
1432.76306485
mitchell_left_angry_sunglasses
764.149200091
973.232243609
1087.42310073
1251.63692819
1271.59073605
1317.46954424
1351.5772268
mitchell_left_happy_sunglasses
660.064390798
980.215282476
1076.51103106
1237.73018061
1256.16320596
1267.3890484
1279.32560359
mitchell_left_neutral_sunglasses
740.950065794
932.485924827
1105.40761713
1268.91607287
1281.78079249
1321.11808708
1354.25920709
mitchell_left_sad_sunglasses
956.844292453
1016.84413752
1104.13133277
1229.70240302
1261.21330472
1263.40492321
1301.56060174
mitchell_right_happy_sunglasses
661.516439705
928.517097312
957.486814531
1160.37407761
1404.84661084
1438.85683791
1497.18636115
mitchell_right_neutral_sunglasses
1046.39237383
1289.86627214
1304.37341279
1376.69132343
1419.36147616
1472.78851163
1519.77564134
mitchell_right_sad_sunglasses
999.302756926
1217.26414553
1252.52584804
1333.26816507
1469.36108564
1510.96492348
1554.25802234
mitchell_straight_angry_sunglasses
981.776960414
1010.93372681
1145.24931783
1175.69128601
1283.28835419
1321.72765727
1376.60379195
mitchell_straight_happy_sunglasses
959.373232897
1007.42443885
1163.14100607
1179.12552343
1284.51702986
1355.74739535
1387.70061613
mitchell_straight_neutral_sunglasses
973.050872257
1084.8193398
1217.02259634
1246.50471319
1352.18896608
1392.17168481
1431.12054
mitchell_straight_sad_sunglasses
900.447111162
975.252787743
1030.87244604
1097.93351347
1193.05615962
1268.11986815
1301.09953501
mitchell_up_angry_sunglasses
736.127706312
861.037745979
1000.78719017
1078.0500916
1314.20850705
1329.6586028
1332.50478423
mitchell_up_sad_sunglasses
647.534555063
718.404482169
780.744516471
933.416841502
1259.74203709
1260.31146944
1311.00762774
night_left_angry_sunglasses
887.469436093
932.473592119
1075.38876691
1160.64809482
1251.54664316
1267.6549215
1271.62769709
night_left_happy_sunglasses
902.652203232
945.645811073
1026.08869012
1209.63093545
1221.94353388
1300.67905342
1316.14360919
night_left_neutral_sunglasses
1055.77222922
1114.86860212
1214.17008693
1247.56963733
1305.04099552
1331.27007027
1331.94819719
night_left_sad_sunglasses
925.241049673
978.787004409
1079.84906353
1122.85484369
1208.43535202
1233.77064319
1262.46346482
night_right_angry_sunglasses
928.001077586
1070.1976453
1084.70595094
1327.78913989
1403.27866085
1445.13701773
1456.61903049
night_right_happy_sunglasses
805.722656998
887.837823029
932.223149251
1164.96738152
1301.592102
1341.32919151
1342.32410393
night_right_neutral_sunglasses
884.03110805
981.242070032
989.985858485
1204.96099522
1360.73252331
1368.74175797
1370.66188391
night_right_sad_sunglasses
830.985559441
832.097350074
859.284586153
1037.12535404
1288.82892581
1302.58281886
1310.2473049
night_straight_angry_sunglasses
889.705569276
971.988168652
1100.59711066
1239.76933338
1289.12295767
1325.52932823
1348.60780066
night_straight_happy_sunglasses
984.955328936
996.004016056
1108.06723623
1276.139099
1312.73950196
1345.68978595
1382.17292695
night_straight_neutral_sunglasses
1022.45488898
1075.75508365
1082.55207727
1287.84975832
1311.44386079
1340.52415122
1386.29939046
night_straight_sad_sunglasses
897.89475998
916.650424099
1013.56055567
1219.68315558
1256.01871005
1291.4848044
1305.17048695
night_up_angry_sunglasses
716.166879994
738.469362939
846.299592343
934.708510713
1157.28259297
1160.9875107
1190.36675021
night_up_happy_sunglasses
682.667561848
707.47226094
774.698005677
857.871785292
1131.77957218
1139.06189472
1159.71505121
night_up_neutral_sunglasses
846.693569126
865.660441513
953.763073305
1002.99700897
1217.91337951
1247.29387075
1259.5888218
night_up_sad_sunglasses
709.178397866
797.838329488
891.647912575
997.591599804
1189.84578833
1193.96147342
1207.16030418
phoebe_left_angry_sunglasses
1171.10546067
1522.22337388
1531.76434219
1563.54437097
1575.50848935
1583.00473783
1608.78960713
phoebe_left_happy_sunglasses
975.610578048
1030.67259593
1144.55799329
1197.327023
1232.17571799
1251.83105889
1254.47239906
phoebe_left_neutral_sunglasses
1057.19014373
1079.85878706
1239.82902047
1254.32651252
1280.32847348
1280.81848831
1292.67861435
phoebe_left_sad_sunglasses
1118.31927463
1135.13391281
1136.51660789
1172.40138178
1270.53177843
1270.86230568
1284.8058219
phoebe_right_angry_sunglasses
954.226388233
981.43873981
1760.07357801
1835.68788197
1964.37216433
1998.29026921
2016.54729674
phoebe_right_happy_sunglasses
1045.84367857
1176.48969396
1378.30693244
1464.71976842
1559.17991265
1592.30524712
1640.74312432
phoebe_right_neutral_sunglasses
1028.43035739
1070.33919857
1474.45990112
1494.10039823
1508.29274347
1529.91960573
1578.52652813
phoebe_right_sad_sunglasses
1116.48152694
1162.94066917
1335.84055935
1403.89921291
1670.20328104
1747.48247488
1759.95170388
phoebe_straight_angry_sunglasses
1287.90333488
1449.93034315
1505.25313486
1559.45984238
1561.05317014
1564.60186629
1571.56896126
phoebe_straight_happy_sunglasses
1111.40856574
1216.32397
1238.56449166
1308.57250468
1339.56410821
1415.49920523
1490.00570469
phoebe_straight_neutral_sunglasses
1141.94089164
1268.51409137
1271.60607108
1332.09534193
1469.4604452
1494.68224048
1499.17243838
phoebe_straight_sad_sunglasses
1175.79037247
1261.00039651
1368.41441092
1379.83694689
1451.30079584
1453.21368009
1566.88863676
phoebe_up_angry_sunglasses
955.600858099
1062.4354098
1367.49771481
1393.71230891
1453.00619407
1458.49408638
1470.39960555
phoebe_up_happy_sunglasses
878.011389448
1088.46038054
1120.49587237
1237.15924601
1247.76680514
1317.94385313
1358.34899786
phoebe_up_neutral_sunglasses
832.359297419
951.035751168
1070.2317506
1082.46478003
1215.11686681
1249.76717832
1254.94860453
phoebe_up_sad_sunglasses
871.958141197
1052.2970113
1183.3418779
1269.99133855
1305.50181923
1352.88691323
1362.87820439
saavik_left_angry_sunglasses
1801.34033431
1838.68458415
1860.3365287
1886.70665446
1886.75886112
1935.72157089
1950.07948556
saavik_left_happy_sunglasses
1793.61980364
1823.54764128
1859.3662899
1875.74465213
1898.87572
1915.63018352
1939.73374462
saavik_left_neutral_sunglasses
1786.33591466
1812.58268777
1885.14720911
1897.06905515
1908.75273412
1919.29752774
1924.84155192
saavik_left_sad_sunglasses
1783.65663736
1825.06903979
1849.46370605
1876.09887799
1898.48413214
1910.15025587
1941.77959614
saavik_right_angry_sunglasses
1977.88852062
2067.08635524
2076.06671376
2083.53161723
2126.34098865
2165.58652563
2174.72756915
saavik_right_happy_sunglasses
2095.46224018
2097.06842998
2187.6935343
2193.77596851
2198.83537356
2203.47793272
2206.63204907
saavik_right_neutral_sunglasses
1917.08789574
2009.35536927
2025.23208547
2040.04607791
2099.35109022
2138.88382106
2155.71287513
saavik_right_sad_sunglasses
2053.87244005
2083.28634614
2148.69146226
2168.45497993
2183.33025445
2193.64422822
2199.35058597
saavik_straight_angry_sunglasses
1582.98799743
1712.92819464
1749.05917567
1773.5822507
1795.33311672
1820.13076453
1828.90595712
saavik_straight_happy_sunglasses
1702.70079579
1707.48001452
1765.75507928
1766.21516243
1779.25546227
1800.26359181
1853.74566756
saavik_straight_neutral_sunglasses
1490.82795788
1494.81738015
1496.18915916
1532.57756737
1550.9142465
1568.86519497
1587.63692323
saavik_straight_sad_sunglasses
1634.54060824
1745.23895212
1771.62862926
1787.66020261
1793.21108629
1805.09861226
1853.72597759
saavik_up_angry_sunglasses
1753.53243483
1776.81484685
1786.59004811
1796.9560373
1834.91062453
1899.02290665
1963.52310911
saavik_up_happy_sunglasses
1751.67148747
1768.26157567
1780.20616784
1789.0707085
1829.50375785
1880.73150662
1944.04526696
saavik_up_neutral_sunglasses
1736.14803516
1769.91186221
1791.47453233
1806.30257709
1823.51994779
1841.81215112
1905.2367307
saavik_up_sad_sunglasses
1785.28317082
1793.14472366
1811.13527932
1821.26027794
1857.87916722
1903.91123743
1971.50932029
steffi_left_angry_sunglasses
1440.91776309
1601.15021157
1781.01347552
1910.08245895
1929.60384535
1930.87001116
1931.38007653
steffi_left_happy_sunglasses
1246.62985685
1420.52595893
1611.15455497
1892.7575122
1897.80425756
1907.27134934
1951.06099341
steffi_left_neutral_sunglasses
1174.64292447
1181.25441798
1503.65720828
1723.52893796
1835.66200593
1840.02336942
1864.2475694
steffi_left_sad_sunglasses
1254.64935341
1291.79642359
1547.14963724
1579.06111345
1707.89665964
1745.37216662
1774.41342421
steffi_right_angry_sunglasses
1289.81316476
1404.31477953
1441.41874554
1504.12532723
1590.30688862
1596.30918058
1598.95653474
steffi_right_happy_sunglasses
759.94407689
902.383510488
922.664619458
1264.77231152
1437.89464148
1503.92652746
1732.76455412
steffi_right_neutral_sunglasses
1188.85154666
1291.91601894
1326.29973988
1336.70640007
1380.69185556
1544.07512771
1590.15911154
steffi_right_sad_sunglasses
1186.23479969
1285.52401767
1324.93773439
1330.59573124
1344.30539685
1553.05795127
1596.57351851
steffi_straight_angry_sunglasses
1497.22309627
1641.46093466
1791.16721721
1803.04464726
1810.86664335
1815.38756193
1831.18677365
steffi_straight_happy_sunglasses
1377.53475455
1427.68974221
1483.66977458
1584.5529338
1683.10278949
1711.92523201
1782.96747026
steffi_straight_neutral_sunglasses
1515.27258274
1516.10949473
1524.83605676
1547.27631663
1572.75522571
1679.81070362
1745.89089006
steffi_straight_sad_sunglasses
1327.80608524
1450.74325778
1468.96392059
1509.01192838
1512.56272597
1555.91837832
1586.12704409
steffi_up_angry_sunglasses
1344.30390909
1354.10413189
1578.0114068
1595.99436089
1600.13436936
1668.95386395
1808.89938913
steffi_up_happy_sunglasses
1123.04140618
1329.87818991
1397.25301932
1411.61042784
1527.59320501
1532.71980479
1632.33421823
steffi_up_neutral_sunglasses
996.422099313
1190.89965992
1213.69353628
1250.26917102
1259.70313963
1294.84246146
1322.36870804
steffi_up_sad_sunglasses
1032.0532932
1133.25592873
1266.67320174
1430.35520064
1436.6481824
1445.75689519
1544.86633726
sz24_left_angry_sunglasses
1062.20289964
1073.86731024
1113.03279377
1352.55572898
1802.87520367
1839.97255414
1862.82715248
sz24_left_happy_sunglasses
1054.26846676
1100.3145005
1183.53960643
1493.52301623
1764.29079236
1806.47612771
1823.5580605
sz24_left_sad_sunglasses
1013.35087704
1024.27047209
1184.74680839
1279.72028194
1781.14738301
1819.32569926
1871.1958743
sz24_right_angry_sunglasses
1153.41969812
1256.63678125
1608.43619706
1913.85814521
1941.1105069
1942.54034707
1953.20275445
sz24_right_happy_sunglasses
1251.07913419
1501.62611858
1644.02250593
1825.32983321
1864.53747616
1986.47703234
1995.41574615
sz24_right_neutral_sunglasses
1272.07625558
1609.72233631
1631.10974493
1776.17397796
1885.60361688
1916.17979323
1928.18619433
sz24_right_sad_sunglasses
1192.00587247
1282.69287049
1526.13859135
1878.59655062
1897.08776813
1910.50595393
1918.22652468
sz24_straight_angry_sunglasses
1279.56594203
1414.69431327
1431.67035312
1608.82659103
1613.25664418
1689.18501059
1690.99586043
sz24_straight_happy_sunglasses
1303.31577141
1314.79466077
1360.64580255
1536.61706355
1538.82747571
1615.01764696
1679.30253379
sz24_straight_neutral_sunglasses
1192.4915094
1364.59627729
1400.19570061
1453.04817539
1454.72162285
1592.70053682
1672.90645285
sz24_straight_sad_sunglasses
1236.03559819
1274.37906449
1324.8913163
1503.37320716
1522.20333727
1591.52411229
1661.01956641
sz24_up_angry_sunglasses
2132.4291313
2201.95049899
2210.39792798
2214.39449963
2220.93111104
2224.33742944
2226.86304024
sz24_up_happy_sunglasses
802.378339688
1107.23348938
1122.3515492
1286.40351368
1293.85547879
1333.72148517
1606.18274178
sz24_up_neutral_sunglasses
784.745181572
1027.6609363
1058.51594225
1279.70309056
1285.95878628
1398.48596704
1550.30158356
sz24_up_sad_sunglasses
768.874502113
1059.37953539
1078.03153943
1268.43959257
1283.89446607
1382.35668335
1593.85193792
tammo_left_angry_sunglasses
1376.47847786
1459.93493006
1551.91784576
1573.49006988
1582.21774734
1632.356885
1677.0623125
tammo_left_happy_sunglasses
1020.87609434
1034.68400973
1270.88237064
1273.02160233
1321.68453119
1340.36338356
1449.64650864
tammo_left_neutral_sunglasses
1183.24046584
1302.96699881
1456.64820736
1487.08506818
1490.29594376
1510.23110814
1565.49576812
tammo_left_sad_sunglasses
1150.45512733
1326.53533688
1417.03457968
1438.72895293
1485.50833051
1503.00864934
1540.17012047
tammo_right_angry_sunglasses
897.201203744
1239.3986445
1575.65700582
1597.41916853
1653.03992692
1653.98972185
1655.74273364
tammo_right_happy_sunglasses
997.326927341
1099.66631302
1479.18389661
1490.54822129
1575.15300844
1576.60267664
1579.60786273
tammo_right_neutral_sunglasses
843.144115795
1264.78100871
1593.72550962
1623.65020863
1632.18840824
1632.99234536
1636.1961985
tammo_right_sad_sunglasses
1036.57175343
1236.61958581
1590.16225587
1601.51771767
1660.63542055
1661.27992825
1662.48037582
tammo_straight_angry_sunglasses
1184.0
1259.94841164
1290.87644645
1423.24664061
1499.73697694
1516.40067265
1539.425867
tammo_straight_happy_sunglasses
1010.78533824
1034.26640669
1110.39587535
1224.18544347
1353.0676258
1433.40503697
1487.69116419
tammo_straight_neutral_sunglasses
1197.52954035
1205.87188374
1239.1727079
1378.02104483
1434.68811942
1470.74266954
1473.27152962
tammo_straight_sad_sunglasses
1024.67751024
1059.91886482
1142.04728449
1248.96877463
1332.01914401
1397.96173052
1427.65191836
tammo_up_angry_sunglasses
1166.76390071
1241.0012087
1259.12549017
1269.68933208
1326.35553303
1329.20540173
1341.68140779
tammo_up_happy_sunglasses
879.913632125
1010.14404913
1031.91278701
1058.02882758
1181.70935513
1188.54406734
1229.09560247
tammo_up_neutral_sunglasses
986.245912539
1096.45474143
1121.05040029
1176.16240375
1200.78057946
1205.48994189
1247.87258965
tammo_up_sad_sunglasses
1279.19662288
1305.17508404
1309.98358768
1345.45345516
1372.15924732
1385.93758878
1394.7906653
