#################################################################
#APDM Input Graph, this input graph includes 3 sections:
#section1 : general information
#section2 : nodes
#section3 : edges
#section4 : trueSubGraph (Optional)
#
#if nodes haven't information set weight to null
#################################################################
SECTION1 (General Information)
numNodes = 100
numEdges = 400
usedAlgorithm = Test
dataSource = RandomData
END
#################################################################
SECTION2 (Nodes Information)
NodeID Weight 
0 238.000000
1 245.000000
2 172.000000
3 37.000000
4 159.000000
5 255.000000
6 255.000000
7 222.000000
8 195.000000
9 138.000000
10 134.000000
11 20.000000
12 171.000000
13 177.000000
14 255.000000
15 64.000000
16 127.000000
17 29.000000
18 63.000000
19 70.000000
20 156.000000
21 29.000000
22 193.000000
23 184.000000
24 139.000000
25 104.000000
26 153.000000
27 159.000000
28 163.000000
29 235.000000
30 202.000000
31 255.000000
32 255.000000
33 173.000000
34 255.000000
35 42.000000
36 126.000000
37 0.000000
38 219.000000
39 89.000000
40 39.000000
41 210.000000
42 56.000000
43 188.000000
44 153.000000
45 255.000000
46 200.000000
47 139.000000
48 68.000000
49 146.000000
50 164.000000
51 189.000000
52 255.000000
53 246.000000
54 52.000000
55 150.000000
56 205.000000
57 96.000000
58 207.000000
59 134.000000
60 80.000000
61 118.000000
62 95.000000
63 240.000000
64 255.000000
65 17.000000
66 251.000000
67 17.000000
68 216.000000
69 230.000000
70 181.000000
71 210.000000
72 189.000000
73 107.000000
74 142.000000
75 203.000000
76 133.000000
77 189.000000
78 251.000000
79 171.000000
80 106.000000
81 77.000000
82 206.000000
83 205.000000
84 254.000000
85 84.000000
86 84.000000
87 133.000000
88 26.000000
89 104.000000
90 51.000000
91 152.000000
92 142.000000
93 15.000000
94 140.000000
95 251.000000
96 169.000000
97 119.000000
98 70.000000
99 96.000000
END
#################################################################
SECTION3 (Edges Information)
EndPoint0 EndPoint1 Weight
0 34 1.000000
0 62 1.000000
0 63 1.000000
0 91 1.000000
0 69 1.000000
0 9 1.000000
0 90 1.000000
1 90 1.000000
1 64 1.000000
1 44 1.000000
1 59 1.000000
2 7 1.000000
2 42 1.000000
3 46 1.000000
3 84 1.000000
4 48 1.000000
4 97 1.000000
5 28 1.000000
5 24 1.000000
6 55 1.000000
6 82 1.000000
6 1 1.000000
7 18 1.000000
7 34 1.000000
7 45 1.000000
7 12 1.000000
7 16 1.000000
8 9 1.000000
9 41 1.000000
9 91 1.000000
9 96 1.000000
10 73 1.000000
11 14 1.000000
11 38 1.000000
11 77 1.000000
11 85 1.000000
12 61 1.000000
12 95 1.000000
12 70 1.000000
12 31 1.000000
13 33 1.000000
14 30 1.000000
14 95 1.000000
14 43 1.000000
14 47 1.000000
14 64 1.000000
14 90 1.000000
14 58 1.000000
14 59 1.000000
14 66 1.000000
15 68 1.000000
16 12 1.000000
17 62 1.000000
18 46 1.000000
18 7 1.000000
18 86 1.000000
18 51 1.000000
18 72 1.000000
18 76 1.000000
18 80 1.000000
18 63 1.000000
18 93 1.000000
19 5 1.000000
20 45 1.000000
21 81 1.000000
21 60 1.000000
21 19 1.000000
22 32 1.000000
22 78 1.000000
22 76 1.000000
22 23 1.000000
22 77 1.000000
22 25 1.000000
22 45 1.000000
23 43 1.000000
23 18 1.000000
23 65 1.000000
23 85 1.000000
23 77 1.000000
24 68 1.000000
24 81 1.000000
24 0 1.000000
25 4 1.000000
25 58 1.000000
25 46 1.000000
25 93 1.000000
26 58 1.000000
26 94 1.000000
26 52 1.000000
26 13 1.000000
26 82 1.000000
27 92 1.000000
27 93 1.000000
27 66 1.000000
27 90 1.000000
28 51 1.000000
28 18 1.000000
28 64 1.000000
28 59 1.000000
28 54 1.000000
28 43 1.000000
29 64 1.000000
30 86 1.000000
30 14 1.000000
31 52 1.000000
31 55 1.000000
31 0 1.000000
31 90 1.000000
31 77 1.000000
31 25 1.000000
31 93 1.000000
32 61 1.000000
32 22 1.000000
32 27 1.000000
32 64 1.000000
32 53 1.000000
32 93 1.000000
32 14 1.000000
33 92 1.000000
33 37 1.000000
33 25 1.000000
34 7 1.000000
34 0 1.000000
34 86 1.000000
34 36 1.000000
34 14 1.000000
35 82 1.000000
35 85 1.000000
36 63 1.000000
37 93 1.000000
37 82 1.000000
37 24 1.000000
37 71 1.000000
37 98 1.000000
37 10 1.000000
38 89 1.000000
38 31 1.000000
39 45 1.000000
39 86 1.000000
39 50 1.000000
39 14 1.000000
39 99 1.000000
39 0 1.000000
39 55 1.000000
40 48 1.000000
40 71 1.000000
40 97 1.000000
40 12 1.000000
40 47 1.000000
41 28 1.000000
41 77 1.000000
41 22 1.000000
42 82 1.000000
43 28 1.000000
43 78 1.000000
43 38 1.000000
43 56 1.000000
43 69 1.000000
43 39 1.000000
44 28 1.000000
44 90 1.000000
44 33 1.000000
45 98 1.000000
45 39 1.000000
45 82 1.000000
45 55 1.000000
45 24 1.000000
45 84 1.000000
45 41 1.000000
45 65 1.000000
45 23 1.000000
46 51 1.000000
46 18 1.000000
46 57 1.000000
46 37 1.000000
46 27 1.000000
46 47 1.000000
46 58 1.000000
47 14 1.000000
47 72 1.000000
47 87 1.000000
48 92 1.000000
48 49 1.000000
48 31 1.000000
48 59 1.000000
48 46 1.000000
49 45 1.000000
49 76 1.000000
49 23 1.000000
49 92 1.000000
50 5 1.000000
51 77 1.000000
51 46 1.000000
51 26 1.000000
51 90 1.000000
51 34 1.000000
51 22 1.000000
52 62 1.000000
52 31 1.000000
52 6 1.000000
52 86 1.000000
52 26 1.000000
52 45 1.000000
52 63 1.000000
52 92 1.000000
53 39 1.000000
53 46 1.000000
53 40 1.000000
54 1 1.000000
55 31 1.000000
55 6 1.000000
55 59 1.000000
55 37 1.000000
55 82 1.000000
55 81 1.000000
55 14 1.000000
56 74 1.000000
56 80 1.000000
56 90 1.000000
57 83 1.000000
58 64 1.000000
58 82 1.000000
58 81 1.000000
58 40 1.000000
58 66 1.000000
58 22 1.000000
58 59 1.000000
59 11 1.000000
59 67 1.000000
59 18 1.000000
59 27 1.000000
59 78 1.000000
59 53 1.000000
60 71 1.000000
60 98 1.000000
60 32 1.000000
60 40 1.000000
61 82 1.000000
61 32 1.000000
61 23 1.000000
61 55 1.000000
61 98 1.000000
62 0 1.000000
62 52 1.000000
62 49 1.000000
62 45 1.000000
63 70 1.000000
63 32 1.000000
63 20 1.000000
63 86 1.000000
64 1 1.000000
64 58 1.000000
64 92 1.000000
64 78 1.000000
64 98 1.000000
64 15 1.000000
64 49 1.000000
64 52 1.000000
64 40 1.000000
65 89 1.000000
65 77 1.000000
65 26 1.000000
65 11 1.000000
66 76 1.000000
66 68 1.000000
66 93 1.000000
66 23 1.000000
67 7 1.000000
67 25 1.000000
68 22 1.000000
68 64 1.000000
68 11 1.000000
68 39 1.000000
69 46 1.000000
69 11 1.000000
70 28 1.000000
70 92 1.000000
71 7 1.000000
71 17 1.000000
71 37 1.000000
71 67 1.000000
71 60 1.000000
71 92 1.000000
72 68 1.000000
72 34 1.000000
72 64 1.000000
72 98 1.000000
73 79 1.000000
74 43 1.000000
74 48 1.000000
75 91 1.000000
76 51 1.000000
76 74 1.000000
76 94 1.000000
76 52 1.000000
77 95 1.000000
77 51 1.000000
77 52 1.000000
77 8 1.000000
77 18 1.000000
77 71 1.000000
77 75 1.000000
77 45 1.000000
77 61 1.000000
77 26 1.000000
78 22 1.000000
78 96 1.000000
78 21 1.000000
78 66 1.000000
78 12 1.000000
80 0 1.000000
80 32 1.000000
81 49 1.000000
81 72 1.000000
81 43 1.000000
81 53 1.000000
82 58 1.000000
82 61 1.000000
82 44 1.000000
82 31 1.000000
82 83 1.000000
82 77 1.000000
82 98 1.000000
82 55 1.000000
82 28 1.000000
82 21 1.000000
82 60 1.000000
83 31 1.000000
83 56 1.000000
84 3 1.000000
84 37 1.000000
85 61 1.000000
85 26 1.000000
85 62 1.000000
85 58 1.000000
86 39 1.000000
86 30 1.000000
86 78 1.000000
86 90 1.000000
86 93 1.000000
86 95 1.000000
87 0 1.000000
87 18 1.000000
88 52 1.000000
89 48 1.000000
89 33 1.000000
89 39 1.000000
90 92 1.000000
90 1 1.000000
90 91 1.000000
90 98 1.000000
90 2 1.000000
90 22 1.000000
90 14 1.000000
90 21 1.000000
90 52 1.000000
90 39 1.000000
91 71 1.000000
91 51 1.000000
91 64 1.000000
91 99 1.000000
92 90 1.000000
92 44 1.000000
92 4 1.000000
92 34 1.000000
92 65 1.000000
92 29 1.000000
92 6 1.000000
92 41 1.000000
92 87 1.000000
93 82 1.000000
93 37 1.000000
93 85 1.000000
93 18 1.000000
93 55 1.000000
93 48 1.000000
93 89 1.000000
93 72 1.000000
94 9 1.000000
94 2 1.000000
95 14 1.000000
95 77 1.000000
95 40 1.000000
95 35 1.000000
96 78 1.000000
96 98 1.000000
96 27 1.000000
97 14 1.000000
97 35 1.000000
98 96 1.000000
98 45 1.000000
98 88 1.000000
98 32 1.000000
98 71 1.000000
98 56 1.000000
98 77 1.000000
98 82 1.000000
98 3 1.000000
99 18 1.000000
99 32 1.000000
END
#################################################################
SECTION4 (TrueSubGraph Information)
EndPoint0 EndPoint1 Weight
90 1 1.0
62 52 1.0
92 90 1.0
61 32 1.0
46 18 1.0
34 0 1.0
78 96 1.0
51 46 1.0
22 78 1.0
77 51 1.0
55 6 1.0
39 86 1.0
14 95 1.0
6 4 1.0
31 55 1.0
7 34 1.0
32 22 1.0
95 77 1.0
52 31 1.0
82 61 1.0
1 64 1.0
86 30 1.0
0 62 1.0
96 98 1.0
30 14 1.0
98 45 1.0
18 7 1.0
64 58 1.0
45 39 1.0
58 82 1.0
END
#################################################################
