#################################################################
#APDM Input Graph, this input graph includes 3 sections:
#section1 : general information
#section2 : nodes
#section3 : edges
#section4 : trueSubGraph (Optional)
#
#if nodes haven't information set weight to null
#################################################################
SECTION1 (General Information)
numNodes = 110
numEdges = 398
usedAlgorithm = Test
dataSource = PixelData
END
#################################################################
SECTION2 (Nodes Information)
NodeID GVal1 GVal2 GVal3 GVal4 GVal5 GVal6 GVal7 GVal8 GVal9 GVal10 GVal11 GVal12 
0 160.00 159.00 161.00 160.00 159.00 158.00 161.00 159.00 159.00 159.00 158.00 158.00
1 157.00 160.00 159.00 159.00 158.00 159.00 160.00 160.00 160.00 159.00 158.00 160.00
2 159.00 161.00 159.00 158.00 159.00 160.00 160.00 160.00 159.00 159.00 159.00 160.00
3 159.00 160.00 161.00 159.00 159.00 160.00 158.00 158.00 160.00 161.00 158.00 160.00
4 159.00 159.00 158.00 160.00 161.00 157.00 159.00 159.00 157.00 160.00 161.00 159.00
5 160.00 161.00 158.00 161.00 158.00 159.00 158.00 160.00 159.00 159.00 160.00 160.00
6 159.00 161.00 159.00 160.00 160.00 159.00 160.00 160.00 162.00 161.00 159.00 158.00
7 161.00 160.00 159.00 159.00 160.00 158.00 162.00 159.00 159.00 158.00 159.00 159.00
8 160.00 158.00 159.00 159.00 159.00 159.00 160.00 160.00 161.00 159.00 160.00 161.00
9 159.00 160.00 160.00 157.00 160.00 160.00 160.00 160.00 161.00 161.00 161.00 161.00
10 160.00 160.00 159.00 159.00 161.00 161.00 161.00 158.00 158.00 161.00 159.00 159.00
11 159.00 160.00 158.00 161.00 158.00 160.00 160.00 159.00 159.00 158.00 160.00 160.00
12 10.00 157.00 160.00 161.00 160.00 160.00 159.00 160.00 158.00 158.00 158.00 160.00
13 8.00 159.00 158.00 158.00 159.00 158.00 158.00 161.00 159.00 159.00 160.00 158.00
14 9.00 161.00 158.00 157.00 159.00 159.00 160.00 160.00 160.00 159.00 158.00 158.00
15 11.00 157.00 160.00 160.00 159.00 159.00 158.00 160.00 159.00 160.00 160.00 160.00
16 10.00 161.00 158.00 159.00 158.00 159.00 160.00 160.00 159.00 161.00 160.00 160.00
17 8.00 160.00 160.00 161.00 159.00 159.00 159.00 158.00 160.00 158.00 160.00 160.00
18 9.00 159.00 159.00 160.00 159.00 158.00 157.00 158.00 161.00 158.00 159.00 158.00
19 8.00 160.00 159.00 160.00 159.00 160.00 158.00 160.00 159.00 162.00 160.00 160.00
20 160.00 160.00 160.00 160.00 159.00 159.00 160.00 160.00 159.00 159.00 160.00 160.00
21 160.00 158.00 160.00 159.00 160.00 160.00 159.00 159.00 159.00 160.00 161.00 158.00
22 158.00 158.00 159.00 157.00 160.00 159.00 159.00 160.00 160.00 159.00 159.00 160.00
23 159.00 158.00 159.00 160.00 159.00 160.00 160.00 160.00 159.00 160.00 160.00 161.00
24 159.00 161.00 160.00 161.00 160.00 159.00 161.00 161.00 162.00 161.00 158.00 159.00
25 159.00 158.00 159.00 159.00 159.00 159.00 160.00 158.00 159.00 159.00 160.00 159.00
26 9.00 161.00 161.00 161.00 160.00 159.00 161.00 160.00 160.00 159.00 159.00 160.00
27 9.00 161.00 159.00 159.00 160.00 157.00 158.00 158.00 159.00 159.00 159.00 158.00
28 9.00 159.00 160.00 158.00 159.00 161.00 160.00 159.00 157.00 160.00 160.00 159.00
29 8.00 159.00 159.00 160.00 158.00 160.00 159.00 159.00 160.00 159.00 158.00 161.00
30 11.00 160.00 159.00 161.00 160.00 160.00 159.00 161.00 159.00 158.00 160.00 160.00
31 159.00 162.00 160.00 160.00 159.00 160.00 158.00 159.00 160.00 159.00 161.00 158.00
32 160.00 160.00 161.00 161.00 160.00 160.00 159.00 158.00 160.00 159.00 162.00 159.00
33 160.00 160.00 159.00 158.00 159.00 158.00 159.00 160.00 157.00 160.00 159.00 158.00
34 160.00 160.00 160.00 161.00 159.00 160.00 160.00 159.00 160.00 160.00 160.00 159.00
35 158.00 161.00 159.00 159.00 160.00 161.00 161.00 161.00 160.00 160.00 159.00 160.00
36 159.00 160.00 159.00 159.00 160.00 159.00 159.00 160.00 158.00 159.00 160.00 160.00
37 10.00 159.00 158.00 161.00 160.00 160.00 160.00 160.00 161.00 162.00 159.00 160.00
38 9.00 159.00 158.00 162.00 160.00 158.00 159.00 160.00 158.00 159.00 161.00 159.00
39 9.00 158.00 158.00 159.00 159.00 159.00 160.00 159.00 161.00 160.00 160.00 160.00
40 8.00 159.00 159.00 159.00 160.00 158.00 160.00 157.00 159.00 162.00 161.00 161.00
41 11.00 159.00 160.00 160.00 160.00 160.00 160.00 160.00 159.00 159.00 160.00 160.00
42 159.00 159.00 160.00 159.00 161.00 159.00 160.00 160.00 159.00 160.00 159.00 159.00
43 162.00 160.00 160.00 160.00 158.00 162.00 159.00 159.00 158.00 160.00 159.00 159.00
44 159.00 158.00 159.00 158.00 159.00 159.00 157.00 160.00 158.00 158.00 159.00 159.00
45 160.00 159.00 161.00 160.00 160.00 159.00 161.00 159.00 159.00 160.00 159.00 158.00
46 160.00 159.00 159.00 159.00 159.00 158.00 161.00 159.00 158.00 160.00 159.00 158.00
47 160.00 159.00 159.00 158.00 160.00 158.00 160.00 161.00 159.00 160.00 158.00 157.00
48 159.00 158.00 157.00 159.00 163.00 161.00 161.00 159.00 159.00 160.00 160.00 160.00
49 160.00 160.00 160.00 159.00 160.00 160.00 161.00 158.00 160.00 159.00 162.00 161.00
50 160.00 160.00 158.00 161.00 160.00 160.00 158.00 159.00 159.00 158.00 160.00 160.00
51 10.00 161.00 158.00 161.00 160.00 160.00 161.00 158.00 159.00 159.00 159.00 158.00
52 10.00 161.00 160.00 160.00 159.00 160.00 160.00 159.00 159.00 159.00 159.00 160.00
53 161.00 161.00 159.00 160.00 159.00 161.00 160.00 159.00 161.00 162.00 161.00 159.00
54 159.00 161.00 159.00 160.00 159.00 160.00 158.00 159.00 159.00 158.00 158.00 160.00
55 160.00 159.00 157.00 158.00 161.00 159.00 160.00 159.00 159.00 159.00 159.00 160.00
56 159.00 159.00 159.00 157.00 157.00 161.00 159.00 160.00 161.00 160.00 160.00 160.00
57 161.00 159.00 160.00 158.00 157.00 159.00 159.00 161.00 160.00 159.00 160.00 158.00
58 159.00 160.00 159.00 161.00 159.00 161.00 162.00 160.00 158.00 158.00 159.00 160.00
59 159.00 159.00 161.00 160.00 159.00 159.00 159.00 160.00 160.00 161.00 159.00 160.00
60 158.00 159.00 159.00 159.00 159.00 159.00 160.00 160.00 161.00 159.00 160.00 159.00
61 159.00 160.00 160.00 159.00 160.00 159.00 159.00 159.00 160.00 159.00 159.00 158.00
62 10.00 160.00 159.00 160.00 162.00 159.00 159.00 159.00 159.00 159.00 160.00 160.00
63 160.00 160.00 160.00 159.00 159.00 161.00 160.00 158.00 159.00 159.00 160.00 158.00
64 158.00 159.00 159.00 159.00 158.00 161.00 161.00 160.00 160.00 159.00 161.00 159.00
65 158.00 159.00 161.00 159.00 159.00 159.00 160.00 159.00 162.00 159.00 158.00 158.00
66 158.00 160.00 160.00 161.00 159.00 159.00 160.00 162.00 159.00 160.00 159.00 159.00
67 160.00 159.00 159.00 161.00 159.00 161.00 159.00 161.00 158.00 160.00 160.00 160.00
68 159.00 161.00 159.00 159.00 158.00 159.00 161.00 158.00 160.00 157.00 158.00 158.00
69 159.00 160.00 159.00 160.00 160.00 160.00 161.00 160.00 161.00 159.00 160.00 159.00
70 159.00 159.00 159.00 159.00 159.00 160.00 161.00 160.00 160.00 160.00 161.00 160.00
71 159.00 160.00 160.00 161.00 160.00 159.00 159.00 157.00 160.00 161.00 162.00 159.00
72 157.00 159.00 159.00 161.00 158.00 160.00 158.00 159.00 160.00 158.00 160.00 159.00
73 8.00 160.00 159.00 161.00 159.00 161.00 159.00 160.00 159.00 160.00 161.00 160.00
74 160.00 159.00 159.00 159.00 160.00 160.00 161.00 158.00 161.00 160.00 160.00 160.00
75 159.00 159.00 160.00 160.00 158.00 161.00 159.00 159.00 160.00 158.00 160.00 161.00
76 159.00 162.00 158.00 158.00 160.00 159.00 157.00 158.00 160.00 160.00 160.00 159.00
77 160.00 158.00 159.00 160.00 159.00 158.00 161.00 161.00 161.00 160.00 159.00 162.00
78 160.00 159.00 158.00 161.00 159.00 160.00 161.00 160.00 161.00 159.00 161.00 160.00
79 162.00 161.00 160.00 158.00 159.00 159.00 158.00 160.00 158.00 159.00 160.00 161.00
80 158.00 159.00 158.00 159.00 161.00 159.00 159.00 160.00 159.00 160.00 160.00 159.00
81 159.00 158.00 159.00 159.00 158.00 160.00 158.00 159.00 158.00 158.00 160.00 160.00
82 160.00 158.00 160.00 160.00 159.00 158.00 159.00 158.00 160.00 158.00 160.00 160.00
83 160.00 161.00 160.00 161.00 159.00 159.00 158.00 160.00 160.00 159.00 161.00 157.00
84 9.00 160.00 160.00 161.00 159.00 159.00 159.00 161.00 160.00 159.00 160.00 161.00
85 10.00 158.00 158.00 158.00 159.00 160.00 159.00 159.00 162.00 161.00 160.00 159.00
86 10.00 159.00 158.00 160.00 159.00 160.00 158.00 160.00 160.00 159.00 160.00 159.00
87 10.00 158.00 159.00 159.00 160.00 159.00 159.00 159.00 160.00 161.00 159.00 160.00
88 160.00 159.00 159.00 159.00 161.00 161.00 161.00 160.00 160.00 159.00 160.00 159.00
89 157.00 161.00 160.00 160.00 160.00 159.00 160.00 159.00 160.00 159.00 160.00 159.00
90 161.00 159.00 159.00 160.00 161.00 161.00 157.00 163.00 158.00 158.00 159.00 158.00
91 160.00 160.00 160.00 157.00 158.00 159.00 159.00 160.00 160.00 160.00 158.00 160.00
92 160.00 159.00 159.00 158.00 158.00 160.00 160.00 159.00 161.00 161.00 159.00 158.00
93 160.00 160.00 160.00 158.00 160.00 157.00 161.00 160.00 159.00 159.00 160.00 159.00
94 159.00 160.00 159.00 160.00 160.00 159.00 160.00 159.00 161.00 158.00 160.00 160.00
95 9.00 159.00 159.00 159.00 160.00 158.00 159.00 160.00 158.00 159.00 159.00 159.00
96 11.00 160.00 159.00 160.00 160.00 160.00 160.00 159.00 160.00 158.00 159.00 158.00
97 8.00 160.00 158.00 159.00 162.00 160.00 161.00 161.00 158.00 159.00 160.00 158.00
98 9.00 156.00 160.00 161.00 159.00 160.00 161.00 158.00 160.00 159.00 160.00 160.00
99 159.00 161.00 160.00 159.00 162.00 159.00 160.00 159.00 159.00 160.00 159.00 159.00
100 160.00 160.00 160.00 160.00 161.00 160.00 160.00 160.00 160.00 160.00 160.00 158.00
101 160.00 162.00 159.00 160.00 159.00 159.00 159.00 160.00 160.00 160.00 160.00 159.00
102 161.00 159.00 158.00 159.00 160.00 159.00 158.00 160.00 159.00 160.00 160.00 160.00
103 160.00 159.00 161.00 159.00 162.00 161.00 159.00 161.00 159.00 159.00 159.00 159.00
104 158.00 160.00 159.00 160.00 159.00 160.00 160.00 160.00 158.00 159.00 158.00 159.00
105 161.00 159.00 159.00 161.00 160.00 160.00 160.00 158.00 160.00 159.00 158.00 160.00
106 158.00 161.00 160.00 161.00 161.00 160.00 160.00 160.00 159.00 159.00 160.00 160.00
107 160.00 161.00 161.00 160.00 160.00 160.00 160.00 159.00 159.00 158.00 161.00 159.00
108 159.00 159.00 159.00 158.00 162.00 160.00 160.00 160.00 157.00 158.00 160.00 159.00
109 159.00 160.00 159.00 161.00 159.00 158.00 160.00 157.00 159.00 158.00 160.00 159.00
END
#################################################################
SECTION3 (Edges Information)
EndPoint0 EndPoint1 Weight
0 1 1.00
0 11 1.00
1 0 1.00
1 2 1.00
1 12 1.00
2 1 1.00
2 3 1.00
2 13 1.00
3 2 1.00
3 4 1.00
3 14 1.00
4 3 1.00
4 5 1.00
4 15 1.00
5 4 1.00
5 6 1.00
5 16 1.00
6 5 1.00
6 7 1.00
6 17 1.00
7 6 1.00
7 8 1.00
7 18 1.00
8 7 1.00
8 9 1.00
8 19 1.00
9 8 1.00
9 10 1.00
9 20 1.00
10 9 1.00
10 21 1.00
11 0 1.00
11 12 1.00
11 22 1.00
12 1 1.00
12 11 1.00
12 13 1.00
12 23 1.00
13 2 1.00
13 12 1.00
13 14 1.00
13 24 1.00
14 3 1.00
14 13 1.00
14 15 1.00
14 25 1.00
15 4 1.00
15 14 1.00
15 16 1.00
15 26 1.00
16 5 1.00
16 15 1.00
16 17 1.00
16 27 1.00
17 6 1.00
17 16 1.00
17 18 1.00
17 28 1.00
18 7 1.00
18 17 1.00
18 19 1.00
18 29 1.00
19 8 1.00
19 18 1.00
19 20 1.00
19 30 1.00
20 9 1.00
20 19 1.00
20 21 1.00
20 31 1.00
21 10 1.00
21 20 1.00
21 32 1.00
22 11 1.00
22 23 1.00
22 33 1.00
23 12 1.00
23 22 1.00
23 24 1.00
23 34 1.00
24 13 1.00
24 23 1.00
24 25 1.00
24 35 1.00
25 14 1.00
25 24 1.00
25 26 1.00
25 36 1.00
26 15 1.00
26 25 1.00
26 27 1.00
26 37 1.00
27 16 1.00
27 26 1.00
27 28 1.00
27 38 1.00
28 17 1.00
28 27 1.00
28 29 1.00
28 39 1.00
29 18 1.00
29 28 1.00
29 30 1.00
29 40 1.00
30 19 1.00
30 29 1.00
30 31 1.00
30 41 1.00
31 20 1.00
31 30 1.00
31 32 1.00
31 42 1.00
32 21 1.00
32 31 1.00
32 43 1.00
33 22 1.00
33 34 1.00
33 44 1.00
34 23 1.00
34 33 1.00
34 35 1.00
34 45 1.00
35 24 1.00
35 34 1.00
35 36 1.00
35 46 1.00
36 25 1.00
36 35 1.00
36 37 1.00
36 47 1.00
37 26 1.00
37 36 1.00
37 38 1.00
37 48 1.00
38 27 1.00
38 37 1.00
38 39 1.00
38 49 1.00
39 28 1.00
39 38 1.00
39 40 1.00
39 50 1.00
40 29 1.00
40 39 1.00
40 41 1.00
40 51 1.00
41 30 1.00
41 40 1.00
41 42 1.00
41 52 1.00
42 31 1.00
42 41 1.00
42 43 1.00
42 53 1.00
43 32 1.00
43 42 1.00
43 54 1.00
44 33 1.00
44 45 1.00
44 55 1.00
45 34 1.00
45 44 1.00
45 46 1.00
45 56 1.00
46 35 1.00
46 45 1.00
46 47 1.00
46 57 1.00
47 36 1.00
47 46 1.00
47 48 1.00
47 58 1.00
48 37 1.00
48 47 1.00
48 49 1.00
48 59 1.00
49 38 1.00
49 48 1.00
49 50 1.00
49 60 1.00
50 39 1.00
50 49 1.00
50 51 1.00
50 61 1.00
51 40 1.00
51 50 1.00
51 52 1.00
51 62 1.00
52 41 1.00
52 51 1.00
52 53 1.00
52 63 1.00
53 42 1.00
53 52 1.00
53 54 1.00
53 64 1.00
54 43 1.00
54 53 1.00
54 65 1.00
55 44 1.00
55 56 1.00
55 66 1.00
56 45 1.00
56 55 1.00
56 57 1.00
56 67 1.00
57 46 1.00
57 56 1.00
57 58 1.00
57 68 1.00
58 47 1.00
58 57 1.00
58 59 1.00
58 69 1.00
59 48 1.00
59 58 1.00
59 60 1.00
59 70 1.00
60 49 1.00
60 59 1.00
60 61 1.00
60 71 1.00
61 50 1.00
61 60 1.00
61 62 1.00
61 72 1.00
62 51 1.00
62 61 1.00
62 63 1.00
62 73 1.00
63 52 1.00
63 62 1.00
63 64 1.00
63 74 1.00
64 53 1.00
64 63 1.00
64 65 1.00
64 75 1.00
65 54 1.00
65 64 1.00
65 76 1.00
66 55 1.00
66 67 1.00
66 77 1.00
67 56 1.00
67 66 1.00
67 68 1.00
67 78 1.00
68 57 1.00
68 67 1.00
68 69 1.00
68 79 1.00
69 58 1.00
69 68 1.00
69 70 1.00
69 80 1.00
70 59 1.00
70 69 1.00
70 71 1.00
70 81 1.00
71 60 1.00
71 70 1.00
71 72 1.00
71 82 1.00
72 61 1.00
72 71 1.00
72 73 1.00
72 83 1.00
73 62 1.00
73 72 1.00
73 74 1.00
73 84 1.00
74 63 1.00
74 73 1.00
74 75 1.00
74 85 1.00
75 64 1.00
75 74 1.00
75 76 1.00
75 86 1.00
76 65 1.00
76 75 1.00
76 87 1.00
77 66 1.00
77 78 1.00
77 88 1.00
78 67 1.00
78 77 1.00
78 79 1.00
78 89 1.00
79 68 1.00
79 78 1.00
79 80 1.00
79 90 1.00
80 69 1.00
80 79 1.00
80 81 1.00
80 91 1.00
81 70 1.00
81 80 1.00
81 82 1.00
81 92 1.00
82 71 1.00
82 81 1.00
82 83 1.00
82 93 1.00
83 72 1.00
83 82 1.00
83 84 1.00
83 94 1.00
84 73 1.00
84 83 1.00
84 85 1.00
84 95 1.00
85 74 1.00
85 84 1.00
85 86 1.00
85 96 1.00
86 75 1.00
86 85 1.00
86 87 1.00
86 97 1.00
87 76 1.00
87 86 1.00
87 98 1.00
88 77 1.00
88 89 1.00
88 99 1.00
89 78 1.00
89 88 1.00
89 90 1.00
89 100 1.00
90 79 1.00
90 89 1.00
90 91 1.00
90 101 1.00
91 80 1.00
91 90 1.00
91 92 1.00
91 102 1.00
92 81 1.00
92 91 1.00
92 93 1.00
92 103 1.00
93 82 1.00
93 92 1.00
93 94 1.00
93 104 1.00
94 83 1.00
94 93 1.00
94 95 1.00
94 105 1.00
95 84 1.00
95 94 1.00
95 96 1.00
95 106 1.00
96 85 1.00
96 95 1.00
96 97 1.00
96 107 1.00
97 86 1.00
97 96 1.00
97 98 1.00
97 108 1.00
98 87 1.00
98 97 1.00
98 109 1.00
99 88 1.00
99 100 1.00
100 89 1.00
100 99 1.00
100 101 1.00
101 90 1.00
101 100 1.00
101 102 1.00
102 91 1.00
102 101 1.00
102 103 1.00
103 92 1.00
103 102 1.00
103 104 1.00
104 93 1.00
104 103 1.00
104 105 1.00
105 94 1.00
105 104 1.00
105 106 1.00
106 95 1.00
106 105 1.00
106 107 1.00
107 96 1.00
107 106 1.00
107 108 1.00
108 97 1.00
108 107 1.00
108 109 1.00
109 98 1.00
109 108 1.00
END
#################################################################
SECTION4 (TrueSubGraph Information)
EndPoint0 EndPoint1 Weight
40 39 1.0
73 62 1.0
97 96 1.0
51 52 1.0
37 26 1.0
87 98 1.0
19 18 1.0
17 28 1.0
16 15 1.0
41 30 1.0
30 19 1.0
18 17 1.0
27 16 1.0
95 84 1.0
86 87 1.0
39 38 1.0
13 12 1.0
96 95 1.0
85 86 1.0
29 40 1.0
84 73 1.0
28 29 1.0
26 27 1.0
14 13 1.0
52 41 1.0
38 37 1.0
98 97 1.0
15 14 1.0
62 51 1.0
END
#################################################################
