#################################################################
#APDM Input Graph, this input graph includes 3 sections:
#section1 : general information
#section2 : nodes
#section3 : edges
#section4 : trueSubGraph (Optional)
#
#if nodes haven't information set weight to null
#################################################################
SECTION1 (General Information)
numNodes = 100
numEdges = 360
usedAlgorithm = Test
dataSource = PixelData
END
#################################################################
SECTION2 (Nodes Information)
NodeID GVal1 GVal2 GVal3 GVal4 GVal5 GVal6 GVal7 GVal8 GVal9 GVal10 GVal11 GVal12 
0 93.00 107.00 125.00 103.00 105.00 100.00 127.00 111.00 115.00 109.00 113.00 119.00
1 98.00 87.00 92.00 89.00 111.00 115.00 109.00 102.00 116.00 119.00 115.00 109.00
2 117.00 104.00 117.00 97.00 115.00 106.00 121.00 104.00 91.00 113.00 104.00 107.00
3 107.00 90.00 97.00 113.00 116.00 107.00 123.00 121.00 105.00 111.00 108.00 97.00
4 108.00 109.00 117.00 122.00 126.00 112.00 137.00 121.00 122.00 105.00 99.00 108.00
5 124.00 117.00 103.00 118.00 111.00 126.00 110.00 115.00 89.00 104.00 120.00 93.00
6 82.00 108.00 101.00 94.00 111.00 123.00 89.00 122.00 114.00 101.00 126.00 108.00
7 94.00 118.00 111.00 108.00 120.00 105.00 95.00 114.00 115.00 108.00 117.00 114.00
8 107.00 108.00 118.00 125.00 94.00 108.00 115.00 114.00 116.00 118.00 105.00 118.00
9 116.00 100.00 110.00 113.00 105.00 117.00 88.00 119.00 123.00 112.00 105.00 115.00
10 103.00 113.00 107.00 108.00 123.00 96.00 113.00 112.00 122.00 116.00 111.00 108.00
11 110.00 104.00 111.00 96.00 120.00 106.00 119.00 129.00 109.00 105.00 136.00 108.00
12 131.00 113.00 125.00 102.00 113.00 114.00 124.00 116.00 104.00 97.00 108.00 107.00
13 104.00 108.00 103.00 121.00 132.00 100.00 103.00 102.00 146.00 110.00 100.00 116.00
14 119.00 94.00 117.00 86.00 114.00 121.00 106.00 102.00 103.00 95.00 92.00 116.00
15 100.00 111.00 108.00 92.00 100.00 107.00 92.00 97.00 103.00 117.00 116.00 111.00
16 122.00 117.00 97.00 118.00 111.00 107.00 126.00 110.00 115.00 112.00 115.00 115.00
17 108.00 110.00 89.00 98.00 98.00 116.00 110.00 119.00 106.00 104.00 104.00 108.00
18 107.00 92.00 121.00 110.00 103.00 94.00 113.00 113.00 105.00 106.00 91.00 119.00
19 112.00 114.00 97.00 108.00 110.00 111.00 108.00 102.00 106.00 106.00 97.00 113.00
20 107.00 126.00 116.00 98.00 107.00 93.00 126.00 104.00 98.00 94.00 116.00 105.00
21 123.00 101.00 100.00 99.00 111.00 104.00 104.00 100.00 119.00 109.00 108.00 115.00
22 109.00 100.00 114.00 118.00 103.00 125.00 130.00 108.00 100.00 118.00 112.00 119.00
23 100.00 117.00 104.00 128.00 124.00 105.00 112.00 110.00 101.00 115.00 103.00 88.00
24 108.00 103.00 109.00 93.00 109.00 128.00 97.00 111.00 80.00 111.00 107.00 97.00
25 103.00 104.00 114.00 117.00 109.00 107.00 106.00 106.00 117.00 108.00 91.00 92.00
26 123.00 87.00 102.00 108.00 106.00 110.00 102.00 102.00 104.00 110.00 108.00 100.00
27 106.00 107.00 107.00 108.00 98.00 113.00 112.00 119.00 106.00 110.00 131.00 91.00
28 122.00 108.00 127.00 129.00 102.00 130.00 111.00 113.00 106.00 97.00 104.00 96.00
29 123.00 112.00 114.00 85.00 112.00 99.00 109.00 110.00 116.00 118.00 107.00 108.00
30 94.00 94.00 109.00 106.00 122.00 88.00 103.00 98.00 101.00 99.00 90.00 116.00
31 94.00 121.00 117.00 110.00 118.00 116.00 104.00 108.00 113.00 115.00 114.00 104.00
32 108.00 123.00 115.00 122.00 112.00 103.00 122.00 102.00 110.00 117.00 101.00 105.00
33 115.00 133.00 105.00 124.00 111.00 92.00 119.00 115.00 101.00 106.00 119.00 111.00
34 95.00 110.00 120.00 110.00 106.00 111.00 105.00 95.00 112.00 98.00 112.00 112.00
35 113.00 106.00 113.00 106.00 116.00 100.00 85.00 126.00 111.00 98.00 100.00 111.00
36 111.00 109.00 114.00 94.00 116.00 110.00 119.00 104.00 103.00 111.00 126.00 92.00
37 116.00 100.00 102.00 114.00 114.00 109.00 110.00 119.00 131.00 112.00 124.00 113.00
38 96.00 117.00 102.00 106.00 97.00 105.00 99.00 117.00 113.00 117.00 102.00 138.00
39 136.00 111.00 107.00 115.00 111.00 122.00 118.00 110.00 114.00 102.00 123.00 104.00
40 111.00 90.00 91.00 115.00 102.00 116.00 101.00 113.00 117.00 110.00 122.00 106.00
41 102.00 106.00 108.00 112.00 115.00 122.00 109.00 119.00 100.00 101.00 105.00 112.00
42 127.00 105.00 118.00 113.00 123.00 91.00 119.00 114.00 117.00 132.00 104.00 125.00
43 107.00 108.00 107.00 113.00 94.00 113.00 115.00 86.00 118.00 120.00 115.00 135.00
44 16.50 87.00 85.00 100.00 103.00 98.00 103.00 122.00 109.00 118.00 112.00 115.00
45 22.50 106.00 126.00 105.00 125.00 114.00 138.00 108.00 107.00 103.00 124.00 107.00
46 22.50 111.00 142.00 102.00 134.00 116.00 109.00 114.00 124.00 119.00 98.00 111.00
47 9.00 108.00 134.00 125.00 114.00 103.00 107.00 109.00 101.00 120.00 133.00 87.00
48 13.50 114.00 102.00 111.00 99.00 94.00 108.00 109.00 110.00 133.00 108.00 106.00
49 118.00 101.00 121.00 112.00 107.00 131.00 109.00 107.00 92.00 120.00 103.00 107.00
50 103.00 117.00 114.00 87.00 93.00 96.00 115.00 94.00 102.00 121.00 109.00 87.00
51 114.00 116.00 86.00 106.00 106.00 112.00 106.00 112.00 120.00 114.00 114.00 126.00
52 101.00 86.00 110.00 118.00 89.00 118.00 104.00 102.00 97.00 102.00 127.00 127.00
53 121.00 117.00 104.00 126.00 103.00 109.00 117.00 99.00 100.00 109.00 115.00 120.00
54 99.00 102.00 118.00 90.00 125.00 105.00 114.00 107.00 97.00 108.00 105.00 125.00
55 104.00 110.00 108.00 116.00 111.00 106.00 125.00 116.00 102.00 113.00 106.00 118.00
56 118.00 132.00 117.00 112.00 118.00 100.00 118.00 111.00 100.00 104.00 99.00 109.00
57 113.00 108.00 91.00 99.00 124.00 117.00 110.00 107.00 107.00 116.00 110.00 117.00
58 96.00 119.00 93.00 106.00 118.00 111.00 100.00 108.00 115.00 99.00 136.00 83.00
59 97.00 106.00 109.00 117.00 109.00 95.00 122.00 116.00 108.00 111.00 124.00 111.00
60 128.00 120.00 93.00 100.00 112.00 131.00 98.00 93.00 93.00 84.00 97.00 117.00
61 126.00 107.00 103.00 100.00 107.00 115.00 118.00 107.00 115.00 87.00 139.00 114.00
62 108.00 89.00 103.00 97.00 97.00 123.00 100.00 110.00 106.00 105.00 100.00 102.00
63 118.00 86.00 129.00 112.00 126.00 122.00 114.00 117.00 115.00 127.00 116.00 123.00
64 98.00 108.00 100.00 105.00 115.00 112.00 109.00 116.00 121.00 113.00 99.00 115.00
65 123.00 96.00 107.00 127.00 123.00 114.00 115.00 105.00 98.00 111.00 103.00 99.00
66 124.00 99.00 94.00 114.00 113.00 97.00 96.00 91.00 115.00 112.00 130.00 129.00
67 92.00 124.00 101.00 92.00 97.00 120.00 106.00 99.00 109.00 123.00 107.00 106.00
68 104.00 104.00 103.00 107.00 123.00 110.00 114.00 108.00 96.00 118.00 95.00 102.00
69 108.00 107.00 101.00 104.00 116.00 103.00 92.00 123.00 109.00 117.00 113.00 130.00
70 109.00 113.00 109.00 113.00 117.00 106.00 108.00 112.00 92.00 87.00 98.00 117.00
71 133.00 107.00 101.00 92.00 96.00 96.00 81.00 108.00 91.00 108.00 93.00 109.00
72 102.00 126.00 92.00 119.00 93.00 123.00 111.00 106.00 101.00 99.00 99.00 124.00
73 112.00 100.00 105.00 88.00 94.00 112.00 106.00 116.00 102.00 119.00 117.00 108.00
74 124.00 115.00 113.00 110.00 109.00 101.00 125.00 131.00 105.00 112.00 112.00 113.00
75 122.00 113.00 108.00 109.00 97.00 108.00 106.00 100.00 111.00 107.00 97.00 117.00
76 112.00 117.00 114.00 109.00 102.00 96.00 109.00 117.00 100.00 115.00 117.00 112.00
77 109.00 121.00 107.00 108.00 132.00 107.00 108.00 103.00 95.00 110.00 106.00 109.00
78 123.00 125.00 129.00 101.00 119.00 101.00 106.00 92.00 109.00 134.00 101.00 103.00
79 122.00 104.00 112.00 103.00 127.00 105.00 93.00 102.00 98.00 104.00 101.00 92.00
80 105.00 119.00 110.00 106.00 115.00 103.00 121.00 115.00 118.00 114.00 106.00 101.00
81 117.00 97.00 105.00 121.00 99.00 100.00 112.00 103.00 137.00 110.00 132.00 114.00
82 104.00 122.00 111.00 128.00 130.00 124.00 104.00 110.00 112.00 111.00 115.00 115.00
83 104.00 109.00 116.00 123.00 102.00 120.00 105.00 107.00 109.00 98.00 109.00 115.00
84 112.00 109.00 108.00 87.00 105.00 121.00 90.00 123.00 119.00 96.00 115.00 109.00
85 125.00 103.00 113.00 115.00 135.00 103.00 97.00 106.00 103.00 130.00 89.00 114.00
86 117.00 120.00 100.00 106.00 107.00 101.00 109.00 102.00 109.00 105.00 111.00 114.00
87 115.00 106.00 115.00 100.00 99.00 130.00 94.00 110.00 106.00 118.00 107.00 119.00
88 100.00 95.00 107.00 122.00 93.00 114.00 112.00 111.00 93.00 101.00 118.00 96.00
89 109.00 126.00 113.00 109.00 86.00 92.00 128.00 122.00 120.00 136.00 129.00 116.00
90 124.00 130.00 106.00 120.00 121.00 115.00 121.00 103.00 94.00 108.00 107.00 104.00
91 122.00 122.00 108.00 134.00 111.00 97.00 108.00 115.00 106.00 116.00 113.00 124.00
92 104.00 97.00 107.00 105.00 112.00 111.00 108.00 96.00 77.00 112.00 104.00 118.00
93 102.00 107.00 111.00 102.00 109.00 97.00 104.00 130.00 109.00 113.00 110.00 120.00
94 98.00 110.00 128.00 100.00 134.00 117.00 105.00 117.00 135.00 99.00 118.00 105.00
95 108.00 123.00 94.00 106.00 109.00 92.00 122.00 113.00 113.00 112.00 110.00 122.00
96 102.00 118.00 108.00 112.00 107.00 109.00 111.00 99.00 113.00 123.00 85.00 109.00
97 109.00 109.00 103.00 123.00 119.00 107.00 109.00 87.00 99.00 111.00 117.00 91.00
98 107.00 122.00 108.00 96.00 99.00 112.00 119.00 109.00 98.00 118.00 126.00 111.00
99 114.00 106.00 85.00 114.00 110.00 126.00 106.00 104.00 99.00 107.00 110.00 122.00
END
#################################################################
SECTION3 (Edges Information)
EndPoint0 EndPoint1 Weight
0 1 1.00
0 10 1.00
1 0 1.00
1 2 1.00
1 11 1.00
2 1 1.00
2 3 1.00
2 12 1.00
3 2 1.00
3 4 1.00
3 13 1.00
4 3 1.00
4 5 1.00
4 14 1.00
5 4 1.00
5 6 1.00
5 15 1.00
6 5 1.00
6 7 1.00
6 16 1.00
7 6 1.00
7 8 1.00
7 17 1.00
8 7 1.00
8 9 1.00
8 18 1.00
9 8 1.00
9 19 1.00
10 0 1.00
10 11 1.00
10 20 1.00
11 1 1.00
11 10 1.00
11 12 1.00
11 21 1.00
12 2 1.00
12 11 1.00
12 13 1.00
12 22 1.00
13 3 1.00
13 12 1.00
13 14 1.00
13 23 1.00
14 4 1.00
14 13 1.00
14 15 1.00
14 24 1.00
15 5 1.00
15 14 1.00
15 16 1.00
15 25 1.00
16 6 1.00
16 15 1.00
16 17 1.00
16 26 1.00
17 7 1.00
17 16 1.00
17 18 1.00
17 27 1.00
18 8 1.00
18 17 1.00
18 19 1.00
18 28 1.00
19 9 1.00
19 18 1.00
19 29 1.00
20 10 1.00
20 21 1.00
20 30 1.00
21 11 1.00
21 20 1.00
21 22 1.00
21 31 1.00
22 12 1.00
22 21 1.00
22 23 1.00
22 32 1.00
23 13 1.00
23 22 1.00
23 24 1.00
23 33 1.00
24 14 1.00
24 23 1.00
24 25 1.00
24 34 1.00
25 15 1.00
25 24 1.00
25 26 1.00
25 35 1.00
26 16 1.00
26 25 1.00
26 27 1.00
26 36 1.00
27 17 1.00
27 26 1.00
27 28 1.00
27 37 1.00
28 18 1.00
28 27 1.00
28 29 1.00
28 38 1.00
29 19 1.00
29 28 1.00
29 39 1.00
30 20 1.00
30 31 1.00
30 40 1.00
31 21 1.00
31 30 1.00
31 32 1.00
31 41 1.00
32 22 1.00
32 31 1.00
32 33 1.00
32 42 1.00
33 23 1.00
33 32 1.00
33 34 1.00
33 43 1.00
34 24 1.00
34 33 1.00
34 35 1.00
34 44 1.00
35 25 1.00
35 34 1.00
35 36 1.00
35 45 1.00
36 26 1.00
36 35 1.00
36 37 1.00
36 46 1.00
37 27 1.00
37 36 1.00
37 38 1.00
37 47 1.00
38 28 1.00
38 37 1.00
38 39 1.00
38 48 1.00
39 29 1.00
39 38 1.00
39 49 1.00
40 30 1.00
40 41 1.00
40 50 1.00
41 31 1.00
41 40 1.00
41 42 1.00
41 51 1.00
42 32 1.00
42 41 1.00
42 43 1.00
42 52 1.00
43 33 1.00
43 42 1.00
43 44 1.00
43 53 1.00
44 34 1.00
44 43 1.00
44 45 1.00
44 54 1.00
45 35 1.00
45 44 1.00
45 46 1.00
45 55 1.00
46 36 1.00
46 45 1.00
46 47 1.00
46 56 1.00
47 37 1.00
47 46 1.00
47 48 1.00
47 57 1.00
48 38 1.00
48 47 1.00
48 49 1.00
48 58 1.00
49 39 1.00
49 48 1.00
49 59 1.00
50 40 1.00
50 51 1.00
50 60 1.00
51 41 1.00
51 50 1.00
51 52 1.00
51 61 1.00
52 42 1.00
52 51 1.00
52 53 1.00
52 62 1.00
53 43 1.00
53 52 1.00
53 54 1.00
53 63 1.00
54 44 1.00
54 53 1.00
54 55 1.00
54 64 1.00
55 45 1.00
55 54 1.00
55 56 1.00
55 65 1.00
56 46 1.00
56 55 1.00
56 57 1.00
56 66 1.00
57 47 1.00
57 56 1.00
57 58 1.00
57 67 1.00
58 48 1.00
58 57 1.00
58 59 1.00
58 68 1.00
59 49 1.00
59 58 1.00
59 69 1.00
60 50 1.00
60 61 1.00
60 70 1.00
61 51 1.00
61 60 1.00
61 62 1.00
61 71 1.00
62 52 1.00
62 61 1.00
62 63 1.00
62 72 1.00
63 53 1.00
63 62 1.00
63 64 1.00
63 73 1.00
64 54 1.00
64 63 1.00
64 65 1.00
64 74 1.00
65 55 1.00
65 64 1.00
65 66 1.00
65 75 1.00
66 56 1.00
66 65 1.00
66 67 1.00
66 76 1.00
67 57 1.00
67 66 1.00
67 68 1.00
67 77 1.00
68 58 1.00
68 67 1.00
68 69 1.00
68 78 1.00
69 59 1.00
69 68 1.00
69 79 1.00
70 60 1.00
70 71 1.00
70 80 1.00
71 61 1.00
71 70 1.00
71 72 1.00
71 81 1.00
72 62 1.00
72 71 1.00
72 73 1.00
72 82 1.00
73 63 1.00
73 72 1.00
73 74 1.00
73 83 1.00
74 64 1.00
74 73 1.00
74 75 1.00
74 84 1.00
75 65 1.00
75 74 1.00
75 76 1.00
75 85 1.00
76 66 1.00
76 75 1.00
76 77 1.00
76 86 1.00
77 67 1.00
77 76 1.00
77 78 1.00
77 87 1.00
78 68 1.00
78 77 1.00
78 79 1.00
78 88 1.00
79 69 1.00
79 78 1.00
79 89 1.00
80 70 1.00
80 81 1.00
80 90 1.00
81 71 1.00
81 80 1.00
81 82 1.00
81 91 1.00
82 72 1.00
82 81 1.00
82 83 1.00
82 92 1.00
83 73 1.00
83 82 1.00
83 84 1.00
83 93 1.00
84 74 1.00
84 83 1.00
84 85 1.00
84 94 1.00
85 75 1.00
85 84 1.00
85 86 1.00
85 95 1.00
86 76 1.00
86 85 1.00
86 87 1.00
86 96 1.00
87 77 1.00
87 86 1.00
87 88 1.00
87 97 1.00
88 78 1.00
88 87 1.00
88 89 1.00
88 98 1.00
89 79 1.00
89 88 1.00
89 99 1.00
90 80 1.00
90 91 1.00
91 81 1.00
91 90 1.00
91 92 1.00
92 82 1.00
92 91 1.00
92 93 1.00
93 83 1.00
93 92 1.00
93 94 1.00
94 84 1.00
94 93 1.00
94 95 1.00
95 85 1.00
95 94 1.00
95 96 1.00
96 86 1.00
96 95 1.00
96 97 1.00
97 87 1.00
97 96 1.00
97 98 1.00
98 88 1.00
98 97 1.00
98 99 1.00
99 89 1.00
99 98 1.00
END
#################################################################
SECTION4 (TrueSubGraph Information)
EndPoint0 EndPoint1 Weight
44 45 1.0
45 46 1.0
46 47 1.0
47 48 1.0
END
#################################################################
