s**********************************************: 2
Current result: {204,236,268}
Current function value: 1.1403812806538219E7
s**********************************************: 3
Current result: {708,739,740,770,771}
Current function value: 1.1535444498181775E7
s**********************************************: 4
Current result: {237,238,269,301,333,365,397,429,430,431,463,464,465,466}
Current function value: 2.0874638314800404E7
s**********************************************: 5
Current result: {205,206,237,269,301,333,365,397,429,461}
Current function value: 1.71583371967596E7
s**********************************************: 6
Current result: {268,298,299,300,330,362,394,395,396,397,398,430,431,463}
Current function value: 2.0479578785198655E7
s**********************************************: 7
Current result: {235,236,267,268,269,301,333,365,394,395,396,397,398,430,431}
Current function value: 1.8393656263223477E7
s**********************************************: 8
Current result: {362,363,364,365,366,367,368,394,400,401,402,426,432,458,462,463,464,465,466,490,498,499,500,501,522,533,534,535,554,586,615,616,617,618,647,679,710,711,742,772,773,774,804,834,835,836,865,866,897}
Current function value: 2.9977814248176627E7
s**********************************************: 9
Current result: {303,335,365,366,367,397,400,401,429,432,437,461,462,463,464,465,466,467,468,469}
Current function value: 3.3264623572912242E7
s**********************************************: 10
Current result: {205,235,236,237,238,239,267,299,331,363,388,389,390,391,392,393,394,395,417,418,419,420,448,449,480,512,544,576,608,609,641,673,674,706,707,739,771}
Current function value: 1.6407602841837764E7
s**********************************************: 11
Current result: {176,204,206,207,208,236,237,238,267,268,299,331,363,394,395,426,455,456,457,458,487,519,551,583,615,645,646,647,674,675,676,677,706,738,739,771,802,803,834,866,898}
Current function value: 1.722799222034955E7
s**********************************************: 12
Current result: {207,208,239,271,303,335,336,338,367,368,370,398,399,400,402,429,430,432,433,434,461,462,463,465,466,467}
Current function value: 3.494275452814805E7
s**********************************************: 13
Current result: {235,267,299,300,331,363,395,419,420,421,422,423,424,425,426,427,428,429,430,431,451,463,464,483,515,547,578,579,609,610,641,673,705,737,769,801,833,834,866}
Current function value: 2.2328231796661224E7
s**********************************************: 14
Current result: {340,363,372,395,404,427,428,429,430,431,432,433,436,437,462,465,466,467,468,469,470,471,472,504,536,537,569,601,632,633}
Current function value: 3.433603022995992E7
s**********************************************: 15
Current result: {395,396,397,398,399,427,431,432,459,490,491,519,520,521,522,551,554,583,586,587,615,646,647,678,710,740,741,742,772,800,801,802,803,804,832}
Current function value: 2.7953007234135345E7
s**********************************************: 16
Current result: {328,360,361,362,363,364,394,395,396,397,426,429,430,431,458,463,464,465,466,467,468,469,490,501,502,503,504,521,522,536,537,538,553,570,584,585,602,616,634,645,646,647,648,677,709,740,741,771,772,803}
Current function value: 2.7635764042739943E7
s**********************************************: 17
Current result: {361,362,363,393,395,396,397,425,429,430,437,457,461,469,489,493,494,495,496,497,498,499,500,501,521,553,583,584,585,615,646,647,678,710,742,771,772,773,774,802,803,833,834,865}
Current function value: 3.2159663059171297E7
sRESULT**********************************************: 
result subgraph is: [204, 236, 268]
------------------------------ test ends --------------------------------
