
------------------------------ test starts ------------------------------ 
s**********************************************: 2
Current result: {3523,3586,3587,3588}
Current function value: 1.7773769569012678E8
s**********************************************: 3
Current result: {1049,1112,1113,1176,1239,1240}
Current function value: 1.7894090316329175E8
s**********************************************: 4
Current result: {3581,3583,3645,3646,3647,3710,3772,3773,3774}
Current function value: 1.9227861176996365E8
s**********************************************: 5
Current result: {668,669,670,733,797,861,922,923,924,925}
Current function value: 1.7967253295036936E8
s**********************************************: 6
Current result: {2887,2888,2889,2890,2891,2892,2893,2950,2951,3014,3078,3141,3142,3205}
Current function value: 1.7953361226154676E8
s**********************************************: 7
Current result: {1044,1045,1046,1110,1111,1175,1239,1303,1304,1305,1365,1366,1367}
Current function value: 1.8406083519685864E8
s**********************************************: 8
Current result: {3137,3138,3139,3140,3141,3142,3201,3206,3207,3265,3329,3393,3457,3458,3459,3523,3587}
Current function value: 1.8184367619813648E8
s**********************************************: 9
Current result: {3012,3013,3014,3076,3140,3204,3267,3268,3269,3270,3271,3332,3335,3396,3460,3522,3523,3524}
Current function value: 1.913860143150163E8
s**********************************************: 10
Current result: {3395,3396,3397,3398,3461,3462,3522,3524,3525,3586,3587,3588,3648,3649,3650,3713,3714,3715,3778,3779}
Current function value: 1.8791554155221954E8
s**********************************************: 11
Current result: {1761,1762,1763,1764,1765,1766,1767,1768,1769,1770,1771,1823,1824,1825,1829,1835,1836,1837,1838,1839,1840,1841,1893,1905,1957,1969,2033,2034,2035,2036,2099,2163,2227,2291,2355,2356}
Current function value: 2.2608617873394105E8
s**********************************************: 12
Current result: {1048,1049,1112,1176,1177,1240,1241,1304,1368,1431,1432,1495,1496,1560,1561,1625,1689,1699,1753,1754,1755,1756,1757,1758,1759,1760,1761,1762,1763,1827}
Current function value: 2.623701737303625E8
s**********************************************: 13
Current result: {2635,2636,2637,2638,2699,2759,2760,2761,2762,2763,2823,2887,2951,3015,3079,3142,3143,3206,3270,3332,3333,3334,3396,3459,3460,3461,3523,3525,3586,3587,3650,3713,3714}
Current function value: 1.9694957993516022E8
s**********************************************: 14
Current result: {1109,1173,1237,1301,1365,1429,1493,1557,1558,1559,1560,1561,1562,1626,1627,1628,1692,1693,1757,1758,1759,1760,1761,1762,1763,1821,1884,1885}
Current function value: 2.7584338117791426E8
s**********************************************: 15
Current result: {602,603,604,607,666,668,669,670,671,672,730,735,736,739,794,798,799,800,801,802,803,858,862,919,920,921,922,983}
Current function value: 1.8660679163614303E8
s**********************************************: 16
Current result: {669,670,733,734,735,736,797,860,861,920,921,922,923,924,984,1048,1112,1113,1177,1241,1305,1369,1433,1497,1561,1625,1626,1627,1691,1755,1756,1757,1821}
Current function value: 2.209162499077934E8
s**********************************************: 17
Current result: {856,857,858,920,922,923,924,980,981,982,983,984,988,1043,1044,1108,1109,1173,1237,1238,1302,1366,1430,1494,1558,1621,1622,1623,1624,1625,1626,1690,1754,1755,1756,1757,1819}
Current function value: 2.4421681111127466E8
sRESULT**********************************************: 
result subgraph is: [3523, 3586, 3587, 3588]
------------------------------ test ends --------------------------------
