
------------------------------ test starts ------------------------------ 
s**********************************************: 2
Current result: {458,459,460,491}
Current function value: 1.870972071883269E7
s**********************************************: 3
Current result: {458,459,460,461,462,463,464,465}
Current function value: 2.729759768991545E7
s**********************************************: 4
Current result: {481,513,514,515,516,517,549,581,613,643,644,645}
Current function value: 1.2341300569984263E7
s**********************************************: 5
Current result: {459,487,488,489,490,491,519,551,582,583,611,612,613,614,643,675,707,739}
Current function value: 1.7940743809579153E7
s**********************************************: 6
Current result: {325,357,389,421,453,454,455,456,457,458,485,490}
Current function value: 1.6968317271778602E7
s**********************************************: 7
Current result: {352,353,354,386,389,418,421,450,451,452,453,485,517,518}
Current function value: 1.328113736889645E7
s**********************************************: 8
Current result: {387,419,420,421,422,423,424,425,450,451,457,458,459,460,481,482}
Current function value: 2.4241591808348652E7
s**********************************************: 9
Current result: {370,402,434,459,460,461,462,463,464,466,489,490,491,496,497,498,519,520,521}
Current function value: 3.6836520942409225E7
s**********************************************: 10
Current result: {368,369,370,400,432,459,464,490,491,492,493,494,495,496,528,529,561,562,563,595,627,659,660,661,662,663,664,665,696}
Current function value: 3.4611984889313065E7
s**********************************************: 11
Current result: {353,354,355,356,357,358,385,390,391,392,393,425,426,431,457,458,459,460,461,462,463,491}
Current function value: 3.0349910329133365E7
s**********************************************: 12
Current result: {299,300,331,332,363,394,395,425,426,427,453,454,455,456,457,459,460,461,462,463,464,483,484,485,490,491,515,547,579,611,643}
Current function value: 3.8783747373416945E7
s**********************************************: 13
Current result: {354,355,363,364,387,394,395,419,426,431,451,458,460,461,462,463,483,484,485,486,487,488,489,490,491,492}
Current function value: 4.192453041949825E7
s**********************************************: 14
Current result: {269,270,271,301,333,334,365,397,423,428,429,453,454,455,456,457,458,459,460,461,462,463,464,481,482,483,484,485,514,546,578,610,642,643,675,707,739,740}
Current function value: 2.6454742502108753E7
s**********************************************: 15
Current result: {299,330,331,352,353,354,355,362,385,394,417,418,426,431,449,450,451,452,453,454,455,456,457,458,459,460,461,462,463,481}
Current function value: 3.274198994877227E7
s**********************************************: 16
Current result: {298,299,330,331,362,366,394,395,396,397,398,399,426,431,432,453,454,455,456,457,458,464,481,485,490,491,496,513,514,515,516,517,523,547,548,580,611,612,643,675,707,739,771,772}
Current function value: 3.2943843662747875E7
s**********************************************: 17
Current result: {298,330,353,355,356,357,360,361,362,384,385,386,387,389,390,391,392,422,454,485,486,518,550,551,583,613,614,615,616,645,648,680,711,712,743}
Current function value: 2.6512535278815072E7
sRESULT**********************************************: 
result subgraph is: [481, 513, 514, 515, 516, 517, 549, 581, 613, 643, 644, 645]
------------------------------ test ends --------------------------------
