
------------------------------ test starts ------------------------------
s**********************************************: 2
Current result: {427,459,460,461}
Current function value: 2.1922714214970324E7
s**********************************************: 3
Current result: {298,330,358,359,360,361,362,388,389,390}
Current function value: 1.4684573211757278E7
s**********************************************: 4
Current result: {395,427,428,429,430,431,432}
Current function value: 3.3051853125967734E7
s**********************************************: 5
Current result: {422,423,424,425,454,457,458,459,460,461,462,463,464,486,496,497,518}
Current function value: 2.8272531296037406E7
s**********************************************: 6
Current result: {298,330,362,363,395,427,432,459,460,461,462,463,464}
Current function value: 3.4798690135209195E7
s**********************************************: 7
Current result: {337,368,369,396,400,428,429,430,431,432,461,464,465,496,497}
Current function value: 4.834610202158702E7
s**********************************************: 8
Current result: {330,331,332,364,395,396,397,398,399,427,428,431,432,460,464,465}
Current function value: 4.32267291720415E7
s**********************************************: 9
Current result: {298,329,330,331,358,359,360,361,363,364,390,396,400,428,429,430,431,432,461,464,465,497}
Current function value: 4.4200757868575536E7
s**********************************************: 10
Current result: {266,298,329,330,359,360,361,362,363,364,365,395,397,398,399,400,427,432,459,460,461,464,465}
Current function value: 4.469499805064907E7
s**********************************************: 11
Current result: {260,261,262,263,264,265,297,329,330,362,363,395,427,428,429,430,431,432,459,460,461,464}
Current function value: 4.830219022560122E7
s**********************************************: 12
Current result: {228,229,261,293,325,330,357,359,360,361,362,363,389,390,391,395,396,427,428,429,430,431,432,461,464,465}
Current function value: 5.037399324986638E7
s**********************************************: 13
Current result: {204,235,236,260,261,262,263,267,295,296,297,298,299,330,362,394,396,426,427,428,432,460,461,462,463,464,465,496,497}
Current function value: 6.6936629727005765E7
s**********************************************: 14
Current result: {356,357,358,359,360,361,362,388,394,395,396,428,429,430,431,432,460,461,464,492,524,556,588,620,652,684,716,747,748,779,811,812,813,814,815,843,846,878,910,941,942}
Current function value: 5.308885563941994E7
s**********************************************: 15
Current result: {359,360,391,392,393,394,395,399,422,423,427,430,431,432,454,459,460,461,462,464,486,495,496,497,518,528,548,549,550,560,580,592,612,623,624,644,655,676,708,740,772,800,801,802,803,804,832}
Current function value: 5.912008896313132E7
s**********************************************: 16
Current result: {229,230,262,294,298,326,327,328,329,330,362,394,395,427,428,429,430,431,432,459,460,461,464,465,490,491,496,497,520,521,522,552,584}
Current function value: 7.539520471598375E7
s**********************************************: 17
Current result: {266,298,330,362,394,426,427,429,432,459,460,461,462,463,464,465,491,495,497,523,527,553,554,555,559,585,591,610,611,612,613,614,615,616,617,623,655,687,719,751,783,784,816,848,879,880}
Current function value: 7.42612473240042E7
sRESULT**********************************************:
result subgraph is: [298, 330, 358, 359, 360, 361, 362, 388, 389, 390]
------------------------------ test ends --------------------------------
