
------------------------------ test starts ------------------------------
s**********************************************: 2
Current result: {400,432,433,434}
Current function value: 2.436254244268437E7
s**********************************************: 3
Current result: {400,402,432,433,434}
Current function value: 2.9712481617686097E7
s**********************************************: 4
Current result: {400,429,430,431,432,433,434,460,461}
Current function value: 4.289033598008125E7
s**********************************************: 5
Current result: {397,398,402,428,429,430,431,432,433,434,461}
Current function value: 5.3698984574580714E7
s**********************************************: 6
Current result: {331,363,395,396,397,400,401,402,429,430,431,432,433}
Current function value: 5.060727003633537E7
s**********************************************: 7
Current result: {330,362,363,395,427,428,429,430,431,432,433,434,459,461,491,523,554,555,585,586,617,649,681,713,744,745,776,808,839,840,871,903,935}
Current function value: 4.9184615979256205E7
s**********************************************: 8
Current result: {307,339,368,369,370,371,397,398,399,400,420,421,422,423,424,425,426,427,428,429,451,452,461,481,482,483,513,545,576,577,608,640,672,704}
Current function value: 3.7843947704682544E7
s**********************************************: 9
Current result: {307,338,339,362,370,394,395,396,397,401,402,426,428,429,430,431,432,433,457,458,489,521,553,585,616,617,648,680,712,744,776,808,840,872,902,903,904}
Current function value: 4.023832598940538E7
s**********************************************: 10
Current result: {298,299,300,307,327,328,329,330,332,339,359,364,371,391,396,397,398,399,400,401,402,403,423,428,429,432,433,454,455,461,485,486,515,516,517,547,579,611,642,643,672,673,674,704,736,768,800,832,833,865,897}
Current function value: 4.891515087261434E7
s**********************************************: 11
Current result: {330,362,363,395,397,400,401,423,424,425,426,427,428,429,430,431,432,453,454,455,485,517,549,581,608,609,610,611,612,613,640,672,704,736,768,800}
Current function value: 3.8816790197583504E7
s**********************************************: 12
Current result: {295,325,326,327,359,360,392,393,394,395,396,397,398,399,400,429,432,433,434,460,461,492,522,523,524,553,554,584,585,616,648,680,712,744,776,808,839,840,868,869,870,871,900,903,904,935,936}
Current function value: 7.441647229013175E7
s**********************************************: 13
Current result: {104,105,106,107,108,109,110,111,112,113,136,168,200,201,233,265,266,298,330,352,353,354,355,356,357,358,362,390,391,392,393,394,395,396,397,399,400,401,402,429,430,431,432,433}
Current function value: 4.020188473440401E7
s**********************************************: 14
Current result: {323,353,354,355,356,357,358,359,360,361,362,385,394,396,397,398,399,400,401,402,426,427,428,432,433,460,492,524,556,586,587,588,617,618,648,649,680,712,744,776,808,838,839,840,869,870,901,933,934}
Current function value: 4.909486857732481E7
s**********************************************: 15
Current result: {298,299,331,363,385,386,387,395,419,420,421,422,423,424,425,426,427,428,429,430,431,432,433,434,452,466,484,485,498,517,530,531,532,533,549,565,581,597,612,613,629,630,631,632,633,644,676,708,739,740}
Current function value: 4.531955040446978E7
s**********************************************: 16
Current result: {298,299,330,362,370,394,395,401,402,427,428,429,430,431,432,433,450,451,452,453,454,455,456,457,458,459,460,482,514,546,578,610,642,674,706,736,737,738,768,800}
Current function value: 4.486460921111124E7
s**********************************************: 17
Current result: {325,326,327,328,329,357,361,362,363,389,395,396,397,398,399,400,421,427,428,453,460,461,485,517,549,581,613,643,644,645,646,675,704,705,706,707,736}
Current function value: 4.071755058209743E7
sRESULT**********************************************:
result subgraph is: [400, 432, 433, 434]
------------------------------ test ends --------------------------------
