
------------------------------ test starts ------------------------------
s**********************************************: 2
Current result: {797,829,830,831,863}
Current function value: 1.10592E7
s**********************************************: 3
Current result: {401,428,429,430,431,432,433,460,461}
Current function value: 3.398536159947203E7
s**********************************************: 4
Current result: {396,397,398,399,400,401,402,428,433,460}
Current function value: 3.1142306838496808E7
s**********************************************: 5
Current result: {369,396,397,398,399,400,401,428,430,460}
Current function value: 3.360980881006161E7
s**********************************************: 6
Current result: {368,397,400,401,428,429,430,431,432,433,461,465}
Current function value: 5.456381179636818E7
s**********************************************: 7
Current result: {362,363,368,369,395,396,397,398,399,400,401,427,428,433,434}
Current function value: 4.138721136757127E7
s**********************************************: 8
Current result: {397,398,399,400,429,432,433,434,435,460,461,467,499,531,563,595,627,628,660,692,693,694,726,727,759,760,765,792,793,797,825,826,827,829,831,859,860,861,863,893,894,895,925,927,957,959}
Current function value: 3.788358201254084E7
s**********************************************: 9
Current result: {366,369,370,391,392,393,394,395,396,398,399,400,401,423,428,429,430,433,455,487,513,514,515,516,517,518,519,545}
Current function value: 4.400102471592675E7
s**********************************************: 10
Current result: {369,397,398,399,400,401,402,403,427,428,429,435,436,437,438,439,460,461,471,503,535,567,599,600,632,664,696,697,698,699,700,701,733,765,797,829,861,862,863}
Current function value: 4.2560043837636374E7
s**********************************************: 11
Current result: {391,392,393,394,395,396,397,428,429,430,431,432,433,434,435,467,499,500,501,502,503,504,505,506,507,508}
Current function value: 5.513296434515418E7
s**********************************************: 12
Current result: {398,399,400,401,402,403,404,405,406,407,429,430,432,433,439,460,461,471,472,473,474,475,503,535,567,599,631,663,695,724,725,726,727,759,791,792,793,794,826,858,859,891,892,924,925,957}
Current function value: 5.0718985373584345E7
s**********************************************: 13
Current result: {368,369,370,397,398,399,400,402,408,409,410,429,432,433,435,436,437,438,439,440,465,466,467,471,503,535}
Current function value: 6.014627313852253E7
s**********************************************: 14
Current result: {395,396,397,398,399,400,401,402,426,427,434,458,488,489,490,518,519,520,544,545,546,547,548,549,550,576,578,608}
Current function value: 4.153454341845071E7
s**********************************************: 15
Current result: {369,370,397,398,402,430,431,432,433,434,435,436,437,438,439,440,472,504,536,568,569,601,633,634,666,667,668,669,670,702,734,766,798,830,862,863,894}
Current function value: 3.2509851191537492E7
s**********************************************: 16
Current result: {232,264,290,291,292,293,294,295,296,304,305,306,322,328,329,330,331,332,338,354,364,370,386,396,397,398,399,400,401,402,418,428,429,434,448,449,450,460,480,512}
Current function value: 4.6414396912962645E7
s**********************************************: 17
Current result: {396,397,398,399,400,401,402,429,434,435,436,468,469,470,471,472,473,505,537,538,539,540,572,573,605,637,669,701,733,765,797,798,799,831,863}
Current function value: 4.497368327809939E7
sRESULT**********************************************:
result subgraph is: [797, 829, 830, 831, 863]
------------------------------ test ends --------------------------------
