
------------------------------ test starts ------------------------------
s**********************************************: 2
Current result: {483,515,516,517,518,519,520,521,522,554,555,556,557,558,559,591,592,593,594,595,596,597,598,599,600,601,633,665,697,729,761,762}
Current function value: 1.0980376705993509E7
s**********************************************: 3
Current result: {571,603,635,664,665,666,667,696,699,700,701,733,734}
Current function value: 1.1868587632589042E7
s**********************************************: 4
Current result: {664,665,666,667,668,669,701,733}
Current function value: 1.142351325073799E7
s**********************************************: 5
Current result: {540,541,572,604,636,668,669,701,733,765,766,798}
Current function value: 1.2207661034346543E7
s**********************************************: 6
Current result: {667,699,731,732,733,734,766,798,799,830,862}
Current function value: 1.148297804805031E7
s**********************************************: 7
Current result: {164,195,196,228,259,260,292,324,356,388,420,452,484,516,548,580,581,613,645,677}
Current function value: 1.687873764596659E7
s**********************************************: 8
Current result: {636,664,665,666,667,668,696,699,729,730,731,763,764,796,797,829,830,862,863,895}
Current function value: 1.2021322258831237E7
s**********************************************: 9
Current result: {603,635,636,668,669,697,698,699,700,727,728,729,730,732,764,796}
Current function value: 1.1426910621672155E7
s**********************************************: 10
Current result: {483,515,516,517,518,547,549,577,578,579,609,641,673,704,705,736,768}
Current function value: 1.4916321555808894E7
s**********************************************: 11
Current result: {289,290,291,292,293,294,295,296,297,298,321,327,330,331,353,385,417,449,480,481,482,512,514,546,578,610,642,643,675,707,708,709,741}
Current function value: 1.222883866983353E7
s**********************************************: 12
Current result: {113,114,115,116,117,118,119,120,121,144,145,153,163,164,165,166,167,169,170,171,172,173,174,175,176,185,195,199,200,201,217,227,249,250,259,282,291,314,323,346,355,378,379,387,411,419,443,451,475,482,483,507,508,513,514,540,545,572,577,604,609,633,634,635,636,641,665,673,697,698,699,700,701,705,729,730,733,737,765,769,797,798,801,829,830,832,833}
Current function value: 2.69983726226563E7
s**********************************************: 13
Current result: {337,361,362,363,364,365,366,367,368,369,387,388,389,390,391,392,393,401,402,417,418,419,434,448,449,466,467,468,469,480,501,512,533,544,565,576,577,597,609,610,629,630,642,643,662,666,667,668,669,670,675,694,695,696,697,698,702,734,766,798}
Current function value: 2.1714664705097307E7
s**********************************************: 14
Current result: {241,242,273,303,304,305,335,337,338,339,365,366,367,371,393,394,395,396,397,403,404,422,423,424,425,436,437,451,452,453,454,469,483,501,502,503,515,535,536,547,568,579,600,611,632,633,634,643,665,666,667,668,675,676,697,708,709,739,740,741,771,800,801,802,803,832,864}
Current function value: 2.417818780003052E7
s**********************************************: 15
Current result: {169,170,171,172,196,197,198,199,200,201,204,228,236,237,238,239,240,241,242,260,274,291,292,306,322,323,338,354,370,371,372,373,386,405,406,418,438,439,450,471,482,503,514,535,544,545,546,567,599,631,632,633,665,666,667,697,726,727,728,729,761}
Current function value: 3.04879037770346E7
s**********************************************: 16
Current result: {196,209,228,240,241,260,270,271,272,273,292,293,294,295,296,297,298,299,300,301,302,305,325,337,357,369,389,401,402,403,404,405,406,407,419,420,421,439,440,441,451,473,483,505,515,537,547,569,578,579,601,603,610,633,634,635,636,642,668,674,675,700,701,733,765}
Current function value: 3.684995087084119E7
s**********************************************: 17
Current result: {204,205,206,207,208,209,210,211,227,228,229,230,231,232,233,234,235,236,243,258,259,275,289,290,291,307,323,339,355,371,387,403,404,419,436,437,451,469,470,471,472,473,474,483,506,507,508,509,515,540,547,572,576,577,578,579,580,604,612,636,644,668,676,697,698,699,700,708,729,732,740,764,765,772,797,804,829,833,834,835,836,864,865}
Current function value: 3.282314570863366E7
sRESULT**********************************************:
result subgraph is: [483, 515, 516, 517, 518, 519, 520, 521, 522, 554, 555, 556, 557, 558, 559, 591, 592, 593, 594, 595, 596, 597, 598, 599, 600, 601, 633, 665, 697, 729, 761, 762]
------------------------------ test ends --------------------------------
