
------------------------------ test starts ------------------------------ 

------------------------------ test starts ------------------------------ 
s**********************************************: 2
Current result: {927,989,990,991}
Current function value: 1.7776336004242212E8
s**********************************************: 3
Current result: {862,926,990,1053,1054,1117}
Current function value: 1.80408786172178E8
s**********************************************: 4
Current result: {1824,1887,1888,1950,1951,2014,2077,2078}
Current function value: 2.5003976009467992E8
s**********************************************: 5
Current result: {1758,1822,1823,1886,1949,1950,2012,2013,2077,2078,2079}
Current function value: 3.007947037350976E8
s**********************************************: 6
Current result: {1823,1887,1893,1951,1952,1953,1954,1955,1956,1957,1958,2011,2012,2013,2014,2015,2022}
Current function value: 2.814584789512515E8
s**********************************************: 7
Current result: {1758,1759,1822,1823,1824,1886,1888,1947,1948,1949,1950,2014,2078,2079}
Current function value: 2.775377130309268E8
s**********************************************: 8
Current result: {861,925,926,927,928,988,989,992,993,994,995,996,1052,1116,1180,1244,1308,1372,1436,1500,1564,1565,1629,1693,1757,1758,1759,1823,1824,1887,1888,1946,1947,1948,1949,1951,2005,2006,2007,2008,2009,2010,2013,2014,2015,2065,2066,2067,2068,2069,2077,2129,2193,2257,2321,2384,2385,2446,2448,2507,2508,2509,2510,2511,2512,2571,2576,2635}
Current function value: 3.6251644238961494E8
s**********************************************: 9
Current result: {2442,2443,2506,2507,2510,2511,2512,2571,2572,2573,2574,2576,2635,2699,2763,2827,2887,2891,2951,2952,2953,2954,2955,3019,3020,3021,3022,3086}
Current function value: 1.8251719177544737E8
s**********************************************: 10
Current result: {1758,1759,1760,1761,1762,1763,1764,1765,1822,1823,1829,1887,1893,1949,1950,1951,1952,1957,1958,2013,2022,2086}
Current function value: 3.4432231897665536E8
s**********************************************: 11
Current result: {1757,1758,1765,1822,1823,1829,1887,1893,1951,1952,1953,1954,1955,1956,1957,2021,2025,2085,2086,2087,2088,2089}
Current function value: 3.3680518373609364E8
s**********************************************: 12
Current result: {989,990,991,992,1053,1114,1115,1116,1117,1178,1242,1306,1370,1434,1498,1562,1626,1690,1754,1818,1882,1894,1946,1950,1951,1952,1953,1954,1955,1956,1958,2010,2011,2012,2013,2014,2020,2021,2022,2023}
Current function value: 3.241367927345683E8
s**********************************************: 13
Current result: {1758,1759,1765,1766,1767,1823,1829,1887,1893,1947,1950,1951,1952,1953,1954,1955,1956,1957,2011,2012,2013,2014,2021,2022,2075}
Current function value: 4.3493521844177884E8
s**********************************************: 14
Current result: {1345,1409,1473,1474,1475,1476,1477,1478,1479,1480,1481,1482,1483,1484,1485,1486,1537,1538,1547,1611,1675,1739,1758,1759,1760,1761,1762,1763,1764,1765,1803,1804,1805,1806,1823,1829,1870,1879,1887,1893,1934,1935,1936,1937,1938,1939,1940,1941,1942,1943,1944,1945,1946,1947,1951,1957,1958,1997,1998,2011,2012,2013,2015,2061,2076,2077,2078,2079}
Current function value: 4.4867694068968374E8
s**********************************************: 15
Current result: {1701,1760,1761,1762,1763,1764,1765,1822,1823,1824,1829,1887,1893,1947,1951,1957,1958,1959,2011,2012,2013,2014,2015,2021,2023,2024,2077,2078,2088}
Current function value: 4.8119217955204904E8
s**********************************************: 16
Current result: {993,994,995,996,1052,1053,1054,1055,1056,1057,1116,1179,1180,1243,1306,1307,1370,1371,1435,1499,1563,1627,1691,1755,1756,1757,1758,1759,1823,1829,1887,1888,1889,1890,1891,1892,1893,1947,1948,1949,1950,1951,1957,2015}
Current function value: 3.582238298050911E8
s**********************************************: 17
Current result: {868,932,933,934,998,1062,1126,1190,1191,1192,1193,1194,1254,1318,1382,1446,1510,1574,1638,1702,1757,1758,1759,1765,1766,1823,1824,1825,1826,1827,1828,1829,1888,1893,1894,1947,1950,1951,1952,1958,2011,2012,2013,2014,2015,2078,2079}
Current function value: 4.8379436192337686E8
sRESULT**********************************************: 
result subgraph is: [927, 989, 990, 991]
------------------------------ test ends --------------------------------
