
------------------------------ test starts ------------------------------
s**********************************************: 2
Current result: {498,499,500}
Current function value: 2.019014227586217E7
s**********************************************: 3
Current result: {207,208,209,238,239,241,270}
Current function value: 1.2763490132397918E7
s**********************************************: 4
Current result: {431,461,463,493,494,495}
Current function value: 3.1806939926629752E7
s**********************************************: 5
Current result: {303,304,335,367,399,431,434,435,461,462,463,464,465,466}
Current function value: 2.8437133994038787E7
s**********************************************: 6
Current result: {302,303,304,334,336,337,366,369,398,430,431,463,493,494,495,496,497,498,499}
Current function value: 4.247878719576153E7
s**********************************************: 7
Current result: {238,239,270,271,303,304,336,368,400,432,464,467,495,496,497,498,499,526,527}
Current function value: 3.542790656203438E7
s**********************************************: 8
Current result: {423,455,461,462,463,487,488,489,490,491,492,493,519,551,583,615}
Current function value: 2.820553085752599E7
s**********************************************: 9
Current result: {493,494,525,526,555,556,557,586,587,617,618,643,644,645,646,647,648,649}
Current function value: 2.8164979532883774E7
s**********************************************: 10
Current result: {207,208,240,272,304,336,337,338,370,402,433,434,464,465,466,495,496,498,499,500,526,527}
Current function value: 3.8705181309381716E7
s**********************************************: 11
Current result: {301,302,303,304,333,336,365,397,429,454,457,458,459,461,486,487,488,489,491,492,493,494,495,521,526}
Current function value: 4.2135900428555086E7
s**********************************************: 12
Current result: {431,463,487,488,489,490,491,492,493,494,495,496,497,498,499,500,512,513,514,515,516,517,518,519,544}
Current function value: 4.9654833026638314E7
s**********************************************: 13
Current result: {431,435,454,455,456,457,458,459,460,461,462,463,464,465,466,467,486,495,498,499,500,517,518,549,581,613,614,615,644,645}
Current function value: 5.2711803234447E7
s**********************************************: 14
Current result: {207,208,209,210,211,238,239,243,269,270,301,333,334,366,398,430,462,493,494,495,496,498,499,526,528,529,530,561,593,625,657,689,721,753}
Current function value: 5.3677921770869546E7
s**********************************************: 15
Current result: {209,238,239,240,241,242,270,271,302,303,304,335,367,399,430,431,463,494,495,496,519,520,521,522,523,524,525,526,549,550,551,581,613}
Current function value: 4.039331049784846E7
s**********************************************: 16
Current result: {323,324,325,357,389,421,435,453,464,465,466,467,485,486,487,488,489,490,491,492,493,494,495,496,499,500,528,560,592,593,625,657,689,721,753,754}
Current function value: 4.999493970663869E7
s**********************************************: 17
Current result: {405,433,434,435,436,437,463,464,465,468,481,493,494,495,500,513,525,526,545,557,558,577,589,609,611,612,613,614,615,616,617,618,619,620,621,641,642,643}
Current function value: 4.8003620867126346E7
sRESULT**********************************************:
result subgraph is: [207, 208, 209, 238, 239, 241, 270]
------------------------------ test ends --------------------------------
