
------------------------------ test starts ------------------------------
s**********************************************: 2
Current result: {430,461,462,463,464}
Current function value: 1.9542800229210753E7
s**********************************************: 3
Current result: {433,434,435,462,463,464,465,493,494}
Current function value: 2.5284098489868492E7
s**********************************************: 4
Current result: {516,517,518,519,548,580,611,612}
Current function value: 1.3445540614429357E7
s**********************************************: 5
Current result: {433,462,463,464,465,466,493,494}
Current function value: 3.0805666376031157E7
s**********************************************: 6
Current result: {460,461,462,463,464,465,466,489,490,491,492,494,498,518,519,520,521,524,551,556,583,611,615,643,644,645,646,647,675}
Current function value: 3.629865977237599E7
s**********************************************: 7
Current result: {460,461,462,488,489,490,491,492,514,515,516,517,518,519,520}
Current function value: 2.2081957532568578E7
s**********************************************: 8
Current result: {206,207,237,238,270,302,334,366,398,430,461,462,463,464,465,466,493}
Current function value: 3.655358864543985E7
s**********************************************: 9
Current result: {462,494,526,558,559,591,593,623,624,625,626,627,628,629,658,659}
Current function value: 2.4960530148826726E7
s**********************************************: 10
Current result: {460,461,462,463,464,465,494,497,526,558,590,622,623,655,656,657,658,659,691,692}
Current function value: 4.3028273220313825E7
s**********************************************: 11
Current result: {205,206,207,208,237,269,301,333,365,397,398,430,431,432,433,459,460,461,462,465,466,493,496,497,528,560,561,562}
Current function value: 4.5959615106163144E7
s**********************************************: 12
Current result: {432,433,463,464,465,495,527,559,591,623,624,656,657,658,659,660,692,693,694,695,696,697,729,761}
Current function value: 2.6010653091695007E7
s**********************************************: 13
Current result: {13,14,15,47,79,111,143,175,207,208,240,272,304,335,336,366,367,398,430,433,462,463,464,465,466,492,493,494,497,498,526,527}
Current function value: 6.3880773671577536E7
s**********************************************: 14
Current result: {433,464,465,466,493,494,495,496,525,557,589,621,622,623,624,644,645,646,647,648,649,650,651,652,653,656,672,673,674,675,676,704}
Current function value: 3.7332738573095284E7
s**********************************************: 15
Current result: {16,48,80,112,144,176,206,207,208,238,270,302,334,366,398,430,431,433,461,462,463,464,465,466,493,494,496,497,498,528}
Current function value: 5.1458051993825115E7
s**********************************************: 16
Current result: {460,462,463,464,465,466,482,483,484,485,489,490,491,492,493,494,498,517,518,519,520,521,530,562,594,626,656,657,658,688,692,720,721,722,723,724}
Current function value: 4.3570050772923686E7
s**********************************************: 17
Current result: {176,208,209,210,242,274,306,338,339,371,403,435,467,499,531,563,595,627,628,660,692,693,694,695,696,697,724,729,730,756,762,788,789,821,853}
Current function value: 3.675691306034588E7
sRESULT**********************************************:
result subgraph is: [516, 517, 518, 519, 548, 580, 611, 612]
------------------------------ test ends --------------------------------
