
------------------------------ test starts ------------------------------
s**********************************************: 2
Current result: {426,427,458,459}
Current function value: 2.016900034693439E7
s**********************************************: 3
Current result: {396,426,428,458,459,460}
Current function value: 2.5498585265267678E7
s**********************************************: 4
Current result: {395,396,397,398,399,427,428,458,459}
Current function value: 2.798068906019554E7
s**********************************************: 5
Current result: {395,399,427,430,431,459,460,461,462,491}
Current function value: 2.607736151301579E7
s**********************************************: 6
Current result: {481,482,483,514,515,547,548,549,580,611,612}
Current function value: 1.1908974540420277E7
s**********************************************: 7
Current result: {426,427,428,429,430,431,432,433,458,483,484,485,486,487,488,489,490,515,547,579,580}
Current function value: 2.9027531166879494E7
s**********************************************: 8
Current result: {426,428,429,430,431,432,433,434,454,455,456,457,458,459,460,466,467,468,469,470,471,472,473,485,486,500,505,506,507,508,515,516,517,539,540,547,548,572,604,636,668,700,732,764,796,797,798}
Current function value: 3.780444003024199E7
s**********************************************: 9
Current result: {168,200,232,264,296,328,360,392,424,454,455,456,457,458,484,485,486,516,545,546,547,548,577,609,610}
Current function value: 1.8543637103485253E7
s**********************************************: 10
Current result: {424,425,426,427,428,429,430,431,432,433,456,465,488,497,499,500,520,529,530,531,549,550,551,552,563,581,595,596,597,613,629,645,661,662,663,664,665,666,667,677,678,699,731,763,764,765,797,829}
Current function value: 3.899248749940781E7
s**********************************************: 11
Current result: {297,329,361,393,395,422,423,424,425,426,427,454,458,482,483,484,486,514,516,517,518,546,578,610}
Current function value: 2.2070291377684932E7
s**********************************************: 12
Current result: {394,396,397,398,399,426,427,428,431,432,433,434,435,436,437,438,439,459,471,491,503,535,536,568,600,632,633,634,666,667,668,698,699,731}
Current function value: 3.873955352843492E7
s**********************************************: 13
Current result: {194,226,227,259,291,323,324,330,356,362,388,394,396,397,398,420,421,422,425,426,427,428,454,455,456,457,459}
Current function value: 3.4567903994761586E7
s**********************************************: 14
Current result: {199,200,201,202,231,263,295,324,325,326,327,359,360,392,424,425,426,427,454,455,456,458,485,486,517,549,581,613,645,677,709,741,742,743}
Current function value: 2.5002099089393653E7
s**********************************************: 15
Current result: {363,395,426,427,454,455,456,457,458,459,460,484,486,516,517,518,548,550,582,614,646,678,709,710,740,741,772,801,802,803,804,832,833}
Current function value: 3.09692101847753E7
s**********************************************: 16
Current result: {237,238,269,270,302,303,334,362,363,366,394,398,426,428,429,430,431,432,433,453,454,455,456,457,458,459,460,464,483,484,485,515,516}
Current function value: 4.083951268998654E7
s**********************************************: 17
Current result: {424,425,426,427,428,429,430,431,432,454,455,456,464,465,466,467,468,484,485,486,500,516,532,533,534,535,536,537,538,548,570,571,580,602,611,612,634,643,666,698,699,700,732,733,765,797,798,830}
Current function value: 3.0693029553026628E7
sRESULT**********************************************:
result subgraph is: [481, 482, 483, 514, 515, 547, 548, 549, 580, 611, 612]
------------------------------ test ends --------------------------------
