
------------------------------ test starts ------------------------------
s**********************************************: 2
Current result: {857,888,889,920}
Current function value: 1.1838403869066913E7
s**********************************************: 3
Current result: {575,607,639,671,703,735,767,799,831,863}
Current function value: 1.1248955777858792E7
s**********************************************: 4
Current result: {645,646,678,710,742,774,775,806,807}
Current function value: 1.2118601602289751E7
s**********************************************: 5
Current result: {825,826,827,828,855,856,857,860,861,887,919}
Current function value: 1.3462366530738208E7
s**********************************************: 6
Current result: {842,874,875,907,914,915,939,940,941,942,943,944,945,946}
Current function value: 1.2562315390211042E7
s**********************************************: 7
Current result: {332,364,365,396,426,427,428,458,490,522,553,554,585,614,615,616,617,644,645,646,676,708,740,772,803,804,832,833,834,835,864}
Current function value: 3.1890544198913008E7
s**********************************************: 8
Current result: {702,730,731,732,733,734,735,757,758,759,760,761,762,789,794,820,821,852,884}
Current function value: 1.344490369510726E7
s**********************************************: 9
Current result: {336,362,363,364,365,368,394,395,397,398,399,400,401,402,403,427,435,436,468,500,532,533,534,535,536,568,600,632,664,665,697,729,761,766,767,793,799,824,825,826,827,828,829,830,831,856}
Current function value: 3.664810818245379E7
s**********************************************: 10
Current result: {332,364,395,396,397,398,399,400,401,402,403,404,405,427,437,438,470,502,534,566,598,628,629,630,660,692,724,756,788,816,817,818,819,820,821,822,833,848,854,855,856,865,866,867,875,876,877,878,879,880,888,899,903,904,905,906,907,920,931,932,933,934,935,939}
Current function value: 3.913672041301823E7
s**********************************************: 11
Current result: {331,332,333,363,365,366,367,395,399,400,401,427,459,491,523,555,587,618,619,650,682,714,746,778,810,823,841,842,843,844,845,846,847,848,849,850,851,852,853,854,855,875,907,939}
Current function value: 4.347305075015882E7
s**********************************************: 12
Current result: {699,700,701,702,703,730,731,735,762,767,794,799,825,826,852,854,855,856,857,884,885,886}
Current function value: 1.4256270791013062E7
s**********************************************: 13
Current result: {378,410,442,474,506,538,539,571,603,630,631,632,633,634,635,662,667,694,699,700,725,726,732,757,764,765,766,789,798,821,830,853,862,863,884,885,895,904,905,906,907,908,909,910,911,912,913,914,915,916,927}
Current function value: 2.1254621092642263E7
s**********************************************: 14
Current result: {629,630,661,693,725,757,789,821,853,871,872,885,888,889,904,905,906,907,908,909,910,917,919,920,936,937,942,943,944,945,946,947,948,949,950,951}
Current function value: 2.062676278738744E7
s**********************************************: 15
Current result: {332,333,334,335,336,364,368,396,400,401,427,428,433,465,497,498,499,500,501,502,534,566,598,630,631,632,664,665,666,667,668,669,701,733,765,797,829,861,893,923,924,925,926,927,948,949,950,951,952,953,954,955}
Current function value: 5.592953359853923E7
s**********************************************: 16
Current result: {332,364,394,396,397,398,399,400,425,426,427,428,457,489,521,552,553,584,614,615,616,645,646,677,709,741,768,773,800,805,832,837,864,865,866,867,868,869,870,871,902,903,934}
Current function value: 5.300014470784493E7
s**********************************************: 17
Current result: {394,395,426,427,428,458,490,518,519,520,521,522,551,583,615,647,648,680,712,744,768,776,800,801,802,808,834,835,836,840,868,869,870,871,872,873,874}
Current function value: 3.453851859975959E7
sRESULT**********************************************:
result subgraph is: [575, 607, 639, 671, 703, 735, 767, 799, 831, 863]
------------------------------ test ends --------------------------------
