
------------------------------ test starts ------------------------------
s**********************************************: 2
Current result: {434,465,466}
Current function value: 2.18343811000452E7
s**********************************************: 3
Current result: {397,428,429,430,431,432,433}
Current function value: 2.604375205298805E7
s**********************************************: 4
Current result: {428,434,435,460,461,462,463,464,465,466}
Current function value: 1.9593742722579718E7
s**********************************************: 5
Current result: {428,430,431,432,433,460,461,462,465,466}
Current function value: 2.9704293875172913E7
s**********************************************: 6
Current result: {396,397,398,399,400,428,432,433,434,460,461,466}
Current function value: 3.009536937770642E7
s**********************************************: 7
Current result: {428,429,430,431,432,433,434,460,461,466,498,530,562,594,595,596,597,598,630,662,694,726,727,728,729,759,791,792,793,825,857,858,859,863,891,892,893,894,895,923}
Current function value: 3.7037937831290275E7
s**********************************************: 8
Current result: {429,460,461,491,492,523,555,585,586,587,616,617,648,680,712,744,776,805,806,807,808,832,837,864,865,866,867,868,869,900,930,931,932}
Current function value: 2.6489766709617075E7
s**********************************************: 9
Current result: {397,398,399,400,401,429,433,434,435,459,460,461,466,467,491,523,554,555,586,618,650,682,714,746,758,759,760,761,762,763,764,765,766,778,779,780,781,782,783,784,785,786,787,788,789,790,822,854,886}
Current function value: 4.834281993370943E7
s**********************************************: 10
Current result: {271,302,303,304,305,333,334,337,364,365,369,396,401,428,432,433,434,457,458,459,460,486,487,488,489,518,549,550,581,613,645}
Current function value: 4.014463681575805E7
s**********************************************: 11
Current result: {398,399,400,401,404,430,433,436,459,460,461,462,465,466,467,468,499,531,563,595,627,628,660,692,724,756,757,758,790,791,792,824,856,888,889,890,922,923,955}
Current function value: 4.72441523766118E7
s**********************************************: 12
Current result: {16,48,80,112,144,174,175,176,206,238,270,302,334,335,367,396,397,398,399,400,401,428,433,434,435,466}
Current function value: 3.944918202073486E7
s**********************************************: 13
Current result: {365,397,398,399,400,429,432,433,434,456,457,458,459,460,461,466,467,484,485,486,487,488,513,514,515,516,545,577,609,641,672,673,704}
Current function value: 3.835638647883361E7
s**********************************************: 14
Current result: {239,240,271,272,273,303,335,354,365,366,367,368,386,396,397,400,401,418,419,428,433,451,456,457,458,459,460,465,466,467,483,487,488,515,516,517,518,519,548,580,612,644,645,677,678,710,742,774,806,837,838,868,869}
Current function value: 4.038202825556986E7
s**********************************************: 15
Current result: {398,399,400,401,427,428,429,430,433,459,465,466,491,498,523,530,554,555,562,585,586,594,614,615,616,617,626,646,658,659,678,691,692,710,724,725,726,727,742,759,760,761,793}
Current function value: 3.514744941990195E7
s**********************************************: 16
Current result: {238,270,271,302,334,335,364,365,366,367,368,385,386,397,399,400,417,429,432,433,449,460,461,464,465,481,492,513,522,523,524,545,546,550,551,552,553,554,577,578,579,580,581,582,608,609,640,672,704,736}
Current function value: 5.602724030972951E7
s**********************************************: 17
Current result: {238,239,269,270,302,333,334,365,367,368,369,397,398,399,401,402,428,429,433,434,455,456,457,458,459,460,465,466,467,482,483,484,485,486,487,514,546,576,577,578,608,640,672,704,736,768,800,832,833,834,866,867,868,900,901,933}
Current function value: 4.818465967343809E7
sRESULT**********************************************:
result subgraph is: [428, 434, 435, 460, 461, 462, 463, 464, 465, 466]
------------------------------ test ends --------------------------------
