
------------------------------ test starts ------------------------------ 
s**********************************************: 2
Current result: {396,397,398,399,400,428}
Current function value: 3.0082861344443683E7
s**********************************************: 3
Current result: {398,399,400,432,433,434}
Current function value: 3.3236283481855426E7
s**********************************************: 4
Current result: {398,399,400,401,428,429,430,433}
Current function value: 4.561657418405524E7
s**********************************************: 5
Current result: {298,330,362,363,395,397,398,399,400,401,427,428,429,433}
Current function value: 4.249042769267858E7
s**********************************************: 6
Current result: {397,398,428,429,459,460,491,522,523,547,548,549,550,551,552,553,554,579,611,643,673,674,675,704,705}
Current function value: 3.642782251092479E7
s**********************************************: 7
Current result: {268,269,300,332,364,396,398,428,429,430}
Current function value: 3.2836252086080533E7
s**********************************************: 8
Current result: {368,369,370,392,393,394,396,397,398,399,400,424,426,427,428,432,433,456,465,488,519,520,551,579,580,581,582,583,609,610,611,641,673,705,736,737}
Current function value: 3.376363264491339E7
s**********************************************: 9
Current result: {420,421,422,423,424,425,426,427,428,429,430,431,432,433,452,484,515,516,547,579,610,611,642,643,644,673,674,706}
Current function value: 3.3692707147473596E7
s**********************************************: 10
Current result: {396,397,398,399,400,401,402,420,421,422,423,424,425,426,427,428,432,452,483,484,515,547,578,579,610,642,643}
Current function value: 3.7524730310734466E7
s**********************************************: 11
Current result: {262,263,264,265,294,297,326,357,358,389,421,422,423,424,425,426,427,428,454,486}
Current function value: 2.1600301496754035E7
s**********************************************: 12
Current result: {398,399,400,401,402,423,424,425,426,427,428,429,430,432,455,487,518,519,550,582,608,609,610,611,612,613,614,641,642,674,706,738}
Current function value: 3.590964139756486E7
s**********************************************: 13
Current result: {397,398,399,400,401,428,429,433,434,456,457,458,459,460,488,520,552,582,583,584,612,613,614,643,644,675,706,707}
Current function value: 5.0634439406150356E7
s**********************************************: 14
Current result: {396,397,398,420,421,422,423,424,425,426,427,428,430,431,432,433,434,435,436,437,452,460,469,470,484,502,503,516,535,536,548,568,580,600,609,610,611,612,632,633,641,665,666,698,699,700,732,764,796,797,798,830,831,863}
Current function value: 3.675417433772346E7
s**********************************************: 15
Current result: {400,402,427,428,429,430,431,432,433,434,459,460,461,490,491,522,554,586,615,616,617,618,640,641,642,643,644,645,646,647,672,704,736}
Current function value: 4.4483765549674004E7
s**********************************************: 16
Current result: {398,399,400,401,429,430,433,465,466,467,468,469,501,502,534,566,598,630,631,663,664,665,666,667,699,731,733,734,763,764,765,797}
Current function value: 4.1777366902967036E7
s**********************************************: 17
Current result: {293,294,325,357,369,370,388,389,396,397,398,399,400,401,420,428,433,452,460,484,492,516,524,548,551,552,553,554,555,556,580,581,582,583}
Current function value: 4.2360499043984205E7
sRESULT**********************************************: 
result subgraph is: [262, 263, 264, 265, 294, 297, 326, 357, 358, 389, 421, 422, 423, 424, 425, 426, 427, 428, 454, 486]
------------------------------ test ends --------------------------------
