
------------------------------ test starts ------------------------------ 
s**********************************************: 2
Current result: {1566,1629,1630,1693}
Current function value: 2.2882568887490088E8
s**********************************************: 3
Current result: {1572,1636,1700,1763,1764,1765,1829}
Current function value: 2.2949045826995823E8
s**********************************************: 4
Current result: {299,300,301,302,303,304,305,306,307,308,309,310,311,362,363,426,489,490,553,615,616,617,678,679,741,742,802,803,804,805,864,865,866,928,988,989,990,991,992,1050,1051,1052,1112,1113,1114,1176,1239,1240,1299,1300,1301,1302,1303,1363,1427,1491,1555,1618,1619,1675,1676,1677,1678,1679,1680,1681,1682,1739,1793,1794,1795,1796,1797,1798,1799,1800,1801,1802,1803,1856,1857,1920,1984,2048,2112}
Current function value: 1.8048768734211802E8
s**********************************************: 5
Current result: {3203,3267,3331,3332,3393,3394,3395,3396,3457,3460,3524}
Current function value: 1.827554241954846E8
s**********************************************: 6
Current result: {1563,1564,1565,1627,1629,1630,1692,1693,1694,1756,1820,1821}
Current function value: 2.59734509955149E8
s**********************************************: 7
Current result: {1602,1666,1730,1792,1793,1794,1857,1921,1922,1986,2050,2051,2114,2115,2178}
Current function value: 1.796805935859701E8
s**********************************************: 8
Current result: {1666,1730,1794,1858,1922,1984,1985,1986,2049,2113,2177,2240,2241,2242,2306,2370,2371,2435,2436,2437,2501,2563,2564,2565,2627,2691,2755,2819,2883,2945,2946,2947,3010,3074,3138,3202,3266,3330,3331,3395,3459,3523,3586,3587,3650,3713,3714,3778}
Current function value: 1.8451877556998622E8
s**********************************************: 9
Current result: {1564,1565,1629,1630,1631,1632,1633,1634,1635,1636,1693,1694,1754,1755,1757,1819,1820,1821}
Current function value: 3.250068869250122E8
s**********************************************: 10
Current result: {3267,3268,3328,3332,3392,3393,3394,3395,3396,3459,3460,3524,3586,3587,3588,3651,3652,3715,3716,3780}
Current function value: 1.8054711098929438E8
s**********************************************: 11
Current result: {1506,1507,1508,1565,1566,1570,1572,1629,1630,1631,1632,1633,1634,1636,1693,1700,1701,1754,1755,1756,1757,1818}
Current function value: 3.3659663001863486E8
s**********************************************: 12
Current result: {1262,1263,1264,1265,1266,1267,1268,1269,1270,1326,1334,1387,1388,1389,1390,1450,1451,1510,1511,1512,1513,1514,1574,1638,1699,1700,1701,1702,1763,1765,1766}
Current function value: 2.5350937849735442E8
s**********************************************: 13
Current result: {1500,1501,1509,1510,1564,1566,1574,1628,1629,1630,1631,1632,1633,1634,1635,1636,1638,1691,1692,1700,1701,1702,1755,1764,1819}
Current function value: 4.2879269303264457E8
s**********************************************: 14
Current result: {1480,1481,1482,1483,1484,1485,1486,1487,1488,1489,1490,1491,1492,1493,1494,1495,1496,1497,1498,1499,1500,1509,1544,1564,1565,1566,1567,1568,1569,1570,1571,1572,1573,1574,1601,1602,1603,1604,1605,1606,1607,1608,1635,1636,1664,1665,1729,1730,1794,1856,1857,1858,1920,1984,2048,2112,2176,2240,2241,2242,2243,2307,2371,2435,2499,2563,2625,2626,2627,2628,2629,2689,2753,2817,2881,2945,3009,3073,3136,3137,3200,3264,3328,3392,3393,3394,3458,3522,3523,3586,3649,3650,3713,3777}
Current function value: 3.459172900066368E8
s**********************************************: 15
Current result: {1728,1729,1793,1857,1858,1922,1986,2050,2114,2178,2242,2243,2307,2371,2435,2499,2562,2563,2564,2565,2625,2626,2689,2752,2753,2816,2817,2881,2944,2945,2946,3010,3074,3138,3202,3266,3330,3394,3458,3459,3521,3522,3585,3649,3650,3713,3714,3715}
Current function value: 1.9334421791064718E8
s**********************************************: 16
Current result: {176,177,178,240,304,305,369,425,433,489,490,491,492,493,494,497,558,559,560,561,562,626,690,754,755,756,820,884,885,947,948,949,1011,1075,1139,1203,1267,1329,1330,1331,1332,1333,1334,1335,1336,1337,1390,1391,1392,1393,1401,1454,1465,1466,1518,1564,1565,1566,1567,1568,1569,1570,1571,1582,1627,1628,1635,1636,1637,1638,1646,1692,1702,1710,1756,1757,1766,1767,1768,1769,1770,1771,1772,1773,1774,1829,1830,1838}
Current function value: 3.991437498519857E8
s**********************************************: 17
Current result: {688,689,690,691,692,693,750,751,752,757,821,822,886,889,950,951,952,953,1014,1078,1142,1206,1267,1268,1269,1270,1326,1327,1328,1331,1390,1392,1393,1394,1395,1454,1499,1518,1563,1564,1565,1566,1567,1568,1569,1570,1571,1572,1573,1582,1628,1636,1637,1646,1691,1692,1700,1710,1756,1764,1766,1767,1768,1769,1770,1771,1772,1773,1774,1819,1820,1828,1829,1830,1881,1882,1883}
Current function value: 5.686926371105409E8
sRESULT**********************************************: 
result subgraph is: [1602, 1666, 1730, 1792, 1793, 1794, 1857, 1921, 1922, 1986, 2050, 2051, 2114, 2115, 2178]
------------------------------ test ends --------------------------------
