
------------------------------ test starts ------------------------------
s**********************************************: 2
Current result: {799,829,830,831}
Current function value: 1.132404221807199E7
s**********************************************: 3
Current result: {694,695,696,697,729,761,762,763,764,796,797,829}
Current function value: 1.2973564999952879E7
s**********************************************: 4
Current result: {398,399,400,401,402,430,461,462}
Current function value: 3.1402214059052963E7
s**********************************************: 5
Current result: {397,398,429,430,431,432,433,434,435,461}
Current function value: 4.048054947170639E7
s**********************************************: 6
Current result: {706,738,769,770,801,802,834,865,866,896,897,898}
Current function value: 1.3070577398247534E7
s**********************************************: 7
Current result: {83,84,85,86,87,88,89,90,91,113,114,115,118,123,145,150,155,177,182,187,209,214,219,241,251,273,283,305,315,337,347,369,397,398,399,400,401,429,461}
Current function value: 3.1637835535541426E7
s**********************************************: 8
Current result: {402,430,434,462,463,464,465,466,467,499,531,563,595,627,628,629,661,693,725,726,727,759,760,761,762,763,764,765,766,767,799,831}
Current function value: 3.338761840192487E7
s**********************************************: 9
Current result: {365,397,429,430,431,432,433,465,466,467,468,469,499,501,531,563,595,627,659,691,723,755,787,819,833,834,835,836,837,838,839,840,841,842,843,844,845,851,865,877,878,879,880,881,882,883,897}
Current function value: 3.6107124532568395E7
s**********************************************: 10
Current result: {430,431,432,433,465,466,467,468,469,501,502,503,504,505,506,507,539,540,541,542,574,606,638,670,702,734,766,767,799,831}
Current function value: 2.285806090637243E7
s**********************************************: 11
Current result: {398,399,400,401,402,403,430,435,467,468,469,501,533,565,597,629,630,631,663,695,727}
Current function value: 3.818433320927746E7
s**********************************************: 12
Current result: {397,398,399,400,401,426,427,428,429,430,433,434,435,462,466,467,498,530,560,561,562,592,624,656,688}
Current function value: 5.5491776199180916E7
s**********************************************: 13
Current result: {397,398,399,400,401,416,428,429,433,434,448,456,457,458,459,460,466,467,480,481,482,483,484,485,486,487,488,512,513,545}
Current function value: 4.795703990485293E7
s**********************************************: 14
Current result: {401,423,424,425,426,427,428,429,430,431,432,433,434,455,462,485,486,487,512,513,514,515,516,517,544,576,608,640,672,704,736,768,800,832,864,896}
Current function value: 3.1717850779719967E7
s**********************************************: 15
Current result: {398,399,400,401,402,430,434,461,462,493,525,557,589,621,653,685,717,749,781,813,833,834,835,836,837,838,839,840,841,842,843,844,845,864,865,876,877}
Current function value: 5.050886845953058E7
s**********************************************: 16
Current result: {401,402,430,431,432,433,434,435,436,437,469,470,471,472,473,505,537,569,601,633,665,697,729,730,762,794,798,799,826,827,828,829,830,831,862}
Current function value: 4.533105089328766E7
s**********************************************: 17
Current result: {80,81,82,83,84,112,144,176,208,240,272,304,308,309,310,336,337,340,342,343,344,345,369,370,371,372,397,398,399,400,401,402,430,462}
Current function value: 4.392279819289112E7
sRESULT**********************************************:
result subgraph is: [799, 829, 830, 831]
------------------------------ test ends --------------------------------
