
------------------------------ test starts ------------------------------
s**********************************************: 2
Current result: {873,874,905}
Current function value: 1.1280134111817949E7
s**********************************************: 3
Current result: {881,882,883,915}
Current function value: 1.2380145242793465E7
s**********************************************: 4
Current result: {749,750,781,782,814,846,847,879,880,881,882,883,884,885,886}
Current function value: 1.3249145369650103E7
s**********************************************: 5
Current result: {323,324,356,388,420,452,484,516}
Current function value: 1.5696254235065052E7
s**********************************************: 6
Current result: {751,783,815,847,879,911,912,913,914,915,916,917,918,919}
Current function value: 1.679906464003429E7
s**********************************************: 7
Current result: {760,792,793,825,857,858,890,922,923,924,925}
Current function value: 1.5650374285445051E7
s**********************************************: 8
Current result: {886,887,888,889,890,912,913,914,917,918,943,944,946,947,948,949}
Current function value: 1.9967735085835665E7
s**********************************************: 9
Current result: {848,849,850,872,873,874,875,876,878,879,880,882,908,909,910,914,915,916,948}
Current function value: 1.6878660045160852E7
s**********************************************: 10
Current result: {402,434,466,467,468,499,531,563,595,596,628,629,660,692,724,756,787,788,819,849,850,851,878,879,880,881}
Current function value: 2.8646603914419092E7
s**********************************************: 11
Current result: {466,467,488,489,490,491,492,493,494,495,496,497,498,520,526,552,558,584,590,611,612,613,614,615,616,622,643,654,686,718,750,782,814,846,878,879,880,881}
Current function value: 2.53939399616321E7
s**********************************************: 12
Current result: {324,356,388,420,430,452,453,454,455,456,457,458,459,460,462,492,493,494,526,527,559,591,623,624,625,657,689,721,723,753,754,755,756,785,817,840,841,842,843,844,845,846,847,848,849,872}
Current function value: 4.1179866700009204E7
s**********************************************: 13
Current result: {462,463,464,465,466,467,492,493,494,499,531,563,595,626,627,658,659,660,661,690,722,754,786,818,850,879,880,881,882,911,943,944}
Current function value: 2.416165843641328E7
s**********************************************: 14
Current result: {460,492,524,556,588,620,652,684,716,748,749,751,781,782,783,815,847,848,880,905,906,907,908,909,910,911,912,913}
Current function value: 3.1468298346314915E7
s**********************************************: 15
Current result: {353,354,355,356,388,402,420,421,428,429,430,434,453,454,455,456,457,458,459,460,461,462,463,464,465,466,493,498,530,561,562,563,593,594,625,626,657,689,721,753,782,783,784,785,814,841,842,843,844,845,846,872,873}
Current function value: 3.376224731663681E7
s**********************************************: 16
Current result: {430,462,463,495,527,528,560,592,624,656,688,689,720,721,752,784,816,845,846,847,848,877,880,881,903,904,905,906,907,908,909,913,935}
Current function value: 2.610662485281549E7
s**********************************************: 17
Current result: {430,462,465,494,495,496,497,498,499,530,562,594,626,658,689,690,720,721,749,750,751,752,753,780,781,785,786,787,788,812,820,842,843,844,852,884,916,917,918}
Current function value: 3.0421275266292736E7
sRESULT**********************************************:
result subgraph is: [873, 874, 905]
------------------------------ test ends --------------------------------
