
------------------------------ test starts ------------------------------ 
s**********************************************: 2
Current result: {400,432,433,465}
Current function value: 1.7538368950664405E7
s**********************************************: 3
Current result: {802,834,864,865,866,896}
Current function value: 1.1338156167179922E7
s**********************************************: 4
Current result: {400,432,462,463,464,492,493,494}
Current function value: 1.9894695379435092E7
s**********************************************: 5
Current result: {427,428,433,459,464,465,491,492,493,494,495,496}
Current function value: 2.89834607770993E7
s**********************************************: 6
Current result: {239,271,302,303,333,334,364,365,395,396,427,428,429,430,431,432,459,491,492}
Current function value: 3.802503342563197E7
s**********************************************: 7
Current result: {705,706,737,768,769,800,801,802,832,834,835,836,864,896,928}
Current function value: 1.3803714031885838E7
s**********************************************: 8
Current result: {302,303,304,335,367,399,400,401,433,465,466,474,475,498,499,500,501,502,503,504,505,506}
Current function value: 2.908315074617172E7
s**********************************************: 9
Current result: {269,301,302,333,364,365,366,396,397,398,399,428,431,432,433,460,465,466}
Current function value: 4.329264357369901E7
s**********************************************: 10
Current result: {365,396,397,400,401,429,430,431,432,433,460,461,465,497,498,499,500,501,502,503,504,505,506,507,539,571,603,635,667,699,731,732,733,734,766,798,799,831,863}
Current function value: 4.504008130927167E7
s**********************************************: 11
Current result: {271,272,302,303,334,365,366,367,397,399,400,428,429,432,433,434,435,459,460,461,465,491,493}
Current function value: 3.63208430315755E7
s**********************************************: 12
Current result: {237,238,269,271,272,301,302,303,334,366,398,399,400,429,430,432,461,490,491,492,493,520,521,522,552,578,579,580,581,582,583,584,610,642,674,706,707,739,771,803,834,835,866}
Current function value: 4.252126461564028E7
s**********************************************: 13
Current result: {246,247,277,278,279,309,311,338,339,340,341,343,344,345,346,347,364,365,366,370,379,396,402,411,428,429,430,431,432,434,443,460,464,465,466,475,492}
Current function value: 4.309472041648924E7
s**********************************************: 14
Current result: {270,300,301,302,303,332,364,365,396,397,400,428,429,430,431,432,433,465,466,467,499,531,532,533,565,566,598,599,631,632,664,696,703,728,729,735,761,762,763,764,765,766,767,797,829,861,862,863,895,927}
Current function value: 4.2347225513792686E7
s**********************************************: 15
Current result: {236,237,269,301,302,303,304,305,333,334,335,365,367,368,397,400,428,429,460,492,524,556,586,587,588,617,618,648,649,679,680,706,707,708,709,710,711,738,770,801,802,833,865}
Current function value: 4.372522993837052E7
s**********************************************: 16
Current result: {270,301,302,333,365,366,396,397,398,399,417,418,419,420,421,422,423,424,425,426,427,428,431,432,433,434,435,449,467,468,500,532,533}
Current function value: 5.879091776192928E7
s**********************************************: 17
Current result: {238,269,270,301,333,334,365,396,397,398,399,400,428,432,433,459,460,465,466,467,492,497,499,500,532,533,534,535,567,599,600,601,602,634,666,698,699,700,732,764,765,797,798,830,862,894,895}
Current function value: 6.945532825545263E7
sRESULT**********************************************: 
result subgraph is: [802, 834, 864, 865, 866, 896]
------------------------------ test ends --------------------------------
