
------------------------------ test starts ------------------------------ 
s**********************************************: 2
Current result: {147,179,180,212}
Current function value: 7.33262279666147E7
s**********************************************: 3
Current result: {309,341,373,405,436,437}
Current function value: 7.072383317130993E7
s**********************************************: 4
Current result: {175,203,204,206,207,236,237,238}
Current function value: 7.292996129168487E7
s**********************************************: 5
Current result: {210,242,243,244,276,308,340,341,372,373,404}
Current function value: 7.222250393224636E7
s**********************************************: 6
Current result: {146,178,209,210,211,240,241,243,269,270,271,272}
Current function value: 7.301085985759859E7
s**********************************************: 7
Current result: {175,206,207,208,238,240,241,242,243,244,266,267,268,269,270,298}
Current function value: 7.239937223280632E7
s**********************************************: 8
Current result: {145,146,147,170,171,172,173,174,175,176,177,179,202,210,211,212,234,241,242,244,265,266,276,297,329,361,393,425,426,458,490,522,554,586,617,618,647,648,649}
Current function value: 7.004886478088018E7
s**********************************************: 9
Current result: {204,236,237,238,239,240,241,269,270,273,274,276,306,307,308,340,372,404}
Current function value: 7.144808689549093E7
s**********************************************: 10
Current result: {144,145,146,176,178,205,206,207,208,236,237,268,298,299,300,332,363,364,395}
Current function value: 7.243488755438219E7
s**********************************************: 11
Current result: {210,211,243,266,267,268,269,270,271,272,273,275,298,305,306,307,330,331,339,362,371}
Current function value: 7.011511177560443E7
s**********************************************: 12
Current result: {173,205,206,207,208,209,235,236,237,241,242,243,244,266,267,269,275,276,299,300,307,331,363,395,396,426,427,456,457,458,488,519,520,551,583,615}
Current function value: 7.078698031475694E7
s**********************************************: 13
Current result: {175,176,177,205,209,237,241,266,267,268,269,270,272,273,302,303,304,307,336,337,338,339,340,341,373,404,405}
Current function value: 7.064670569150513E7
s**********************************************: 14
Current result: {174,175,176,208,209,210,211,212,240,244,269,270,271,272,276,277,300,301,309,332,341,362,363,364,394,420,421,422,423,424,425,426}
Current function value: 7.06296140872541E7
s**********************************************: 15
Current result: {235,267,268,269,270,271,272,273,274,275,276,277,301,307,309,333,339,340,341,365,371,372,373,374,405,436,437,438,439,471}
Current function value: 6.956863899062045E7
sRESULT**********************************************: 
result subgraph is: [235, 267, 268, 269, 270, 271, 272, 273, 274, 275, 276, 277, 301, 307, 309, 333, 339, 340, 341, 365, 371, 372, 373, 374, 405, 436, 437, 438, 439, 471]
------------------------------ test ends --------------------------------
