
------------------------------ test starts ------------------------------ 
s**********************************************: 2
Current result: {466,498,499,500}
Current function value: 7.203803599854617E7
s**********************************************: 3
Current result: {469,470,471,472,504,505,537,538}
Current function value: 7.340666424085322E7
s**********************************************: 4
Current result: {234,266,298,299,331,332,333,365,397}
Current function value: 7.082812062679361E7
s**********************************************: 5
Current result: {340,372,404,436,468,469,501,502,503,535,536,537,569}
Current function value: 7.10848451551057E7
s**********************************************: 6
Current result: {397,398,399,400,401,427,428,429,433,459,465,466,467,468,490,491,519,520,521,522,551,554,583,615,647}
Current function value: 7.054074761834514E7
s**********************************************: 7
Current result: {177,178,179,211,243,275,276,308,309,341,373,404,405,436,468}
Current function value: 7.094492101656798E7
s**********************************************: 8
Current result: {341,373,397,405,429,430,431,432,433,434,435,437,467,468,469}
Current function value: 6.851607286737798E7
s**********************************************: 9
Current result: {141,173,177,178,179,205,206,207,208,209,210,211,212,244,276,277,309,341}
Current function value: 7.284182574989241E7
s**********************************************: 10
Current result: {330,362,394,426,458,490,513,514,515,516,517,518,519,520,521,522,545,551,577,583,609,615,641}
Current function value: 7.241052875812975E7
s**********************************************: 11
Current result: {203,204,205,206,207,235,267,299,330,331,362,394,426,458,490,522,553,554,585,616,617,648}
Current function value: 7.213710252104837E7
s**********************************************: 12
Current result: {205,237,267,268,269,301,333,365,397,398,430,431,432,433,434,466,467,499,500,501,502,503,504,505,506,537,538,569,570,602,634}
Current function value: 6.835928034274375E7
s**********************************************: 13
Current result: {176,177,178,179,180,206,207,208,212,233,234,235,236,237,238,244,265,276,297,308,329,340,361,372,393,404,425,436,457,468,489,500,501,502,503,504,521,536,537,538,539,540,551,552,553,554,569,570}
Current function value: 6.89911438787463E7
s**********************************************: 14
Current result: {173,205,206,237,268,269,300,329,330,332,361,362,363,364,393,425,457,489,519,521,551,552,553,554}
Current function value: 7.128816936683045E7
s**********************************************: 15
Current result: {140,141,173,174,175,176,178,179,180,206,208,209,210,212,237,238,244,276,308,309,340,372,373,404,405,437,469,501}
Current function value: 7.051861997124816E7
sRESULT**********************************************: 
result subgraph is: [205, 237, 267, 268, 269, 301, 333, 365, 397, 398, 430, 431, 432, 433, 434, 466, 467, 499, 500, 501, 502, 503, 504, 505, 506, 537, 538, 569, 570, 602, 634]
------------------------------ test ends --------------------------------
