
------------------------------ test starts ------------------------------ 
s**********************************************: 2
Current result: {647,648,649,650}
Current function value: 7.33479497809424E7
s**********************************************: 3
Current result: {436,467,468,500}
Current function value: 7.042827327784772E7
s**********************************************: 4
Current result: {204,205,206,207,208,236,268,300,332,364,396,428,429,461,491,492,493,523,554,555,586,618}
Current function value: 7.136909643233112E7
s**********************************************: 5
Current result: {174,175,176,204,205,206,236,268,300,332,363,364}
Current function value: 7.304819451329094E7
s**********************************************: 6
Current result: {467,468,469,470,471,472,473,475,476,505,507,537,538,539}
Current function value: 7.064529241135596E7
s**********************************************: 7
Current result: {174,175,176,177,178,179,180,206,212,244,276,277,309,341,342,373,374,405,437,467,468,469,499}
Current function value: 7.072952661622648E7
s**********************************************: 8
Current result: {208,209,210,211,243,275,307,339,371,403,435,467,468,469,501,533}
Current function value: 7.213298710706319E7
s**********************************************: 9
Current result: {330,362,394,395,427,428,429,431,436,461,462,463,464,465,466,467,468,499}
Current function value: 6.777458624998078E7
s**********************************************: 10
Current result: {173,174,204,205,206,207,208,209,210,211,235,236,243,267,275,276,299,308,340,372,404,436,468,499,500}
Current function value: 7.033774785200721E7
s**********************************************: 11
Current result: {174,175,176,177,204,205,206,209,235,236,241,267,299,330,331,362,394,395,396,397,429,461}
Current function value: 6.947544802297229E7
s**********************************************: 12
Current result: {212,236,237,238,239,240,241,242,243,244,245,268,277,300,309,332,341,362,363,364,394,426,458,490,522,554,585,586,617,647,648,649,678,679,707,708,709,710,739,771}
Current function value: 7.101498529203057E7
s**********************************************: 13
Current result: {404,428,429,430,431,432,433,434,435,436,457,458,459,460,462,463,468,489,500,501,521,533,553,565,566,567,568,569,570,602,633,634}
Current function value: 6.826083399446633E7
s**********************************************: 14
Current result: {173,174,175,176,177,178,205,237,269,301,333,364,365,391,392,393,394,395,396,423,424,456,488,520,552,584,616,648,649}
Current function value: 7.129129368215579E7
s**********************************************: 15
Current result: {172,173,174,204,236,268,300,309,331,332,341,363,373,395,405,427,435,436,437,459,460,461,462,463,464,465,466,467,491,499}
Current function value: 6.84778234627001E7
sRESULT**********************************************: 
result subgraph is: [330, 362, 394, 395, 427, 428, 429, 431, 436, 461, 462, 463, 464, 465, 466, 467, 468, 499]
------------------------------ test ends --------------------------------
