
------------------------------ test starts ------------------------------ 
s**********************************************: 2
Current result: {800,801,802}
Current function value: 7.315511004802749E7
s**********************************************: 3
Current result: {492,524,555,556,586,587,618}
Current function value: 7.27171075205346E7
s**********************************************: 4
Current result: {554,586,616,617,618}
Current function value: 7.320696153641474E7
s**********************************************: 5
Current result: {665,697,698,699,700,701,702,734,766,798,830,862,863}
Current function value: 7.081106439369483E7
s**********************************************: 6
Current result: {364,365,396,428,458,459,460,491,523,555}
Current function value: 7.143311021761006E7
s**********************************************: 7
Current result: {681,682,683,707,708,709,710,711,712,713,738,739,770,802}
Current function value: 7.13239866853587E7
s**********************************************: 8
Current result: {643,644,645,676,707,708,736,737,738,739,770,771,803,835}
Current function value: 7.237497562761173E7
s**********************************************: 9
Current result: {206,207,208,237,238,239,267,268,269,298,299,330,362,394,426,427,459,491,523,552,553,554,555}
Current function value: 7.103435863451907E7
s**********************************************: 10
Current result: {452,484,485,516,517,548,580,612,644,645,677,705,706,707,708,709,739,771,802,803,834}
Current function value: 7.088676407438275E7
s**********************************************: 11
Current result: {174,205,206,207,208,209,210,211,237,268,269,300,332,357,358,359,360,361,362,363,364,388,389,392,420,424,450,451,452,456,481,482,488,513,520,545,552,553,554,555,556,557,577,584,585,589,590,609,622,641,654,655,656,657,658,659,660,661,662,663,664,672,673,696,699,700,705,728,729,730,731,732,764,796,828,860,861,862,894,926,958,959}
Current function value: 7.008609355592519E7
s**********************************************: 12
Current result: {209,210,211,212,213,240,241,245,269,270,271,272,277,301,309,330,331,332,333,341,342,362,374,394,406,426,438,439,440,458,472,473,490,505,522,537,553,554,569,585,601,633,664,665,696,728,729,730,731,732,733,762,794,826,828,858,859,860,861,893,925,926}
Current function value: 6.962389842475998E7
s**********************************************: 13
Current result: {208,232,233,234,235,236,237,238,239,240,264,292,293,294,295,296,324,354,355,356,386,417,418,449,481,513,545,577,608,609,640,672,673,705}
Current function value: 7.027092266650344E7
s**********************************************: 14
Current result: {178,210,211,243,275,307,339,340,341,342,374,375,376,408,429,430,431,432,433,434,435,436,437,438,439,440,458,459,460,461,472,490,504,520,521,522,536,554,568,586,600,617,618,619,632,633,634,649,666,667,668,669,678,679,680,681,701,705,706,707,708,709,710,713,714,733,738,765,766,770,771,798,803,830,835,862,867,894,926,958}
Current function value: 6.943393613786674E7
s**********************************************: 15
Current result: {207,208,240,272,304,305,306,307,308,309,310,311,312,336,344,368,376,391,392,393,394,395,396,397,398,399,400,408,409,423,441,442,443,444,455,474,487,506,519,537,538,550,551,569,582,601,614,633,646,664,665,678,696,697,698,730,731,732,733,734,766,798,830,862,894,926,958,959}
Current function value: 6.93138881943659E7
sRESULT**********************************************: 
result subgraph is: [207, 208, 240, 272, 304, 305, 306, 307, 308, 309, 310, 311, 312, 336, 344, 368, 376, 391, 392, 393, 394, 395, 396, 397, 398, 399, 400, 408, 409, 423, 441, 442, 443, 444, 455, 474, 487, 506, 519, 537, 538, 550, 551, 569, 582, 601, 614, 633, 646, 664, 665, 678, 696, 697, 698, 730, 731, 732, 733, 734, 766, 798, 830, 862, 894, 926, 958, 959]
------------------------------ test ends --------------------------------
