
------------------------------ test starts ------------------------------ 
s**********************************************: 2
Current result: {861,893,894,926,958,959}
Current function value: 7.143205411746308E7
s**********************************************: 3
Current result: {423,424,425,426,458}
Current function value: 7.050960934507129E7
s**********************************************: 4
Current result: {295,326,327,358,390,422}
Current function value: 7.331220662568314E7
s**********************************************: 5
Current result: {674,705,706,737,769,770,771,803,835}
Current function value: 7.165090825428633E7
s**********************************************: 6
Current result: {233,234,235,236,268,269,270,271,303,335,367}
Current function value: 7.294221898923695E7
s**********************************************: 7
Current result: {301,333,365,366,367,368,369,401,402,434,466,467,499,531}
Current function value: 7.222581534123167E7
s**********************************************: 8
Current result: {234,235,266,267,268,269,270,296,297,298,328,360,392,423,424,425}
Current function value: 7.147261090432805E7
s**********************************************: 9
Current result: {236,239,268,271,297,298,300,303,330,331,332,333,334,335,362,366,394,426}
Current function value: 7.10675853399873E7
s**********************************************: 10
Current result: {171,203,235,267,299,331,332,333,364,365,366,367,368,369,370,393,394,395,396,425}
Current function value: 7.099224182730083E7
s**********************************************: 11
Current result: {235,236,265,266,267,268,269,270,296,297,298,302,328,360,361,362,394,423,424,425,426,455,458}
Current function value: 6.851770219762352E7
s**********************************************: 12
Current result: {204,205,206,238,270,302,334,364,365,366,367,368,369,394,395,396,401,402,426,434,458,466,490,498,520,521,522,530,550,551,552,562,580,581,582,594,595,596,597,598,599,600,601,611,612,633,634,635,636,640,641,642,643,668,669,672,701,704,705,706,733,765,797,829,861}
Current function value: 6.891315954083012E7
s**********************************************: 13
Current result: {206,238,270,296,297,298,299,300,301,302,328,329,333,334,361,366,367,368,369,393,394,401,426,433,465,466,467}
Current function value: 7.042367696268736E7
s**********************************************: 14
Current result: {390,422,423,424,425,426,427,455,459,487,491,519,520,552,584,585,617,649,675,676,677,678,679,680,681,706,707,738,770}
Current function value: 6.865288418828276E7
s**********************************************: 15
Current result: {238,270,302,303,335,367,397,398,399,400,401,402,426,427,428,429,434,459,466,498,530,562,594,595,627,659,691,723,755,787,788,789,790,822,823,855,856,857,858,859,860,861,862,894,926,927,959}
Current function value: 6.841905869775385E7
sRESULT**********************************************: 
result subgraph is: [238, 270, 302, 303, 335, 367, 397, 398, 399, 400, 401, 402, 426, 427, 428, 429, 434, 459, 466, 498, 530, 562, 594, 595, 627, 659, 691, 723, 755, 787, 788, 789, 790, 822, 823, 855, 856, 857, 858, 859, 860, 861, 862, 894, 926, 927, 959]
------------------------------ test ends --------------------------------
