
------------------------------ test starts ------------------------------ 
s**********************************************: 2
Current result: {405,437,469,470,471,472,473,505,537,569}
Current function value: 7.22221637009116E7
s**********************************************: 3
Current result: {764,765,766,798,830,831}
Current function value: 7.307806188522588E7
s**********************************************: 4
Current result: {431,432,433,434,466,467,468,469}
Current function value: 6.995317703542899E7
s**********************************************: 5
Current result: {427,428,429,430,431,432,433,434,435,436,437,469}
Current function value: 6.861208544407435E7
s**********************************************: 6
Current result: {366,398,430,431,432,433,434,435,437,467,468,469}
Current function value: 6.803804694666553E7
s**********************************************: 7
Current result: {365,366,398,404,430,436,462,463,464,465,466,467,468,469}
Current function value: 6.826994351358443E7
s**********************************************: 8
Current result: {404,405,437,467,468,469,470,471,472,473,474,506,538,539,540,541,573,605,637,669,701,733,765,797,829,861,893,894}
Current function value: 6.948144730050343E7
s**********************************************: 9
Current result: {579,580,581,582,610,611,642,674,706,738,770,802,833,834,864,865,897}
Current function value: 7.155561287562105E7
s**********************************************: 10
Current result: {430,461,462,463,464,465,466,467,468,490,491,492,493,500,521,522,552,553,584,609,610,611,612,613,614,615,616,642,674}
Current function value: 6.849739161053789E7
s**********************************************: 11
Current result: {236,237,238,268,270,302,334,366,367,368,398,404,405,406,430,431,436,437,463,464,465,466,467,468}
Current function value: 6.835268841020991E7
s**********************************************: 12
Current result: {362,394,395,427,459,491,513,514,523,546,553,554,555,578,579,580,585,612,613,614,615,616,617,644,676}
Current function value: 7.129766623698589E7
s**********************************************: 13
Current result: {143,175,206,207,239,240,272,299,304,331,336,337,363,364,365,366,367,368,369,370,398,402,434,435,436,437}
Current function value: 7.005630163375397E7
s**********************************************: 14
Current result: {244,276,308,340,341,342,365,366,367,372,373,398,404,430,431,432,433,434,435,436,463,468,469,492,493,494,495,523,524,555,587}
Current function value: 6.843416032705675E7
s**********************************************: 15
Current result: {340,341,342,343,344,372,404,405,436,437,468,469,500,532,548,549,550,551,552,553,554,555,556,557,558,559,560,561,562,563,564,579,580,611,642,643,674,675}
Current function value: 6.939814672694893E7
sRESULT**********************************************: 
result subgraph is: [366, 398, 430, 431, 432, 433, 434, 435, 437, 467, 468, 469]
------------------------------ test ends --------------------------------
