
------------------------------ test starts ------------------------------ 
s**********************************************: 2
Current result: {308,309,310}
Current function value: 7.267806245508109E7
s**********************************************: 3
Current result: {278,307,308,309,310}
Current function value: 7.074950313643058E7
s**********************************************: 4
Current result: {204,235,236,267,299,300,301,302}
Current function value: 7.246014129234098E7
s**********************************************: 5
Current result: {515,547,578,579,610,642,674,675,676}
Current function value: 7.255991199861163E7
s**********************************************: 6
Current result: {237,269,270,271,299,300,301,302,303,331,363,395,427}
Current function value: 6.984123336215633E7
s**********************************************: 7
Current result: {203,204,205,235,237,238,267,270,299,331}
Current function value: 7.110663896850847E7
s**********************************************: 8
Current result: {176,177,178,179,180,206,207,208,212,238,244,270,276,302,303,308}
Current function value: 6.982703013494752E7
s**********************************************: 9
Current result: {276,308,309,310,342,374,406,438,469,470,471,472,504,505,537,569,601,602}
Current function value: 6.992580706051609E7
s**********************************************: 10
Current result: {331,363,395,427,459,490,491,522,554,555,587,610,618,619,642,643,647,648,649,650,675,676,677,678,679}
Current function value: 7.118327483173275E7
s**********************************************: 11
Current result: {237,268,269,300,331,332,363,395,427,458,459,490,522,552,553,554,583,584,586,587,588,615}
Current function value: 7.020932277736974E7
s**********************************************: 12
Current result: {174,175,176,177,207,209,210,211,212,213,238,239,243,267,268,269,270,275,299,307,331,363,395,427,459,491,523,553,554,555,578,579,583,584,585,611,615,643,647,675,676,677,678,679}
Current function value: 6.901182893317E7
s**********************************************: 13
Current result: {275,299,300,301,302,303,304,305,306,307,331,339,363,371,372,374,375,394,395,404,405,406,426,437,458,469,490,501,521,522,533,553,565}
Current function value: 6.832748453950015E7
s**********************************************: 14
Current result: {302,331,332,333,334,363,394,395,426,458,490,491,523,524,556,582,583,584,585,586,587,588,610,611,612,613,614,642,674,706,738,739,740,772,773}
Current function value: 6.963049735694101E7
s**********************************************: 15
Current result: {302,334,365,366,397,429,461,492,493,505,506,515,516,517,518,519,520,521,522,523,524,525,536,537,547,548,557,558,559,560,561,562,563,564,565,566,567,568,569,580,601,612,643,644,675}
Current function value: 6.937624813539043E7
sRESULT**********************************************: 
result subgraph is: [275, 299, 300, 301, 302, 303, 304, 305, 306, 307, 331, 339, 363, 371, 372, 374, 375, 394, 395, 404, 405, 406, 426, 437, 458, 469, 490, 501, 521, 522, 533, 553, 565]
------------------------------ test ends --------------------------------
