
------------------------------ test starts ------------------------------ 
s**********************************************: 2
Current result: {296,297,298,299}
Current function value: 7.168925677786903E7
s**********************************************: 3
Current result: {549,550,582,611,612,613,614}
Current function value: 6.99404822382805E7
s**********************************************: 4
Current result: {580,581,582,611,612,643,675,707,739,771}
Current function value: 7.047446352555509E7
s**********************************************: 5
Current result: {355,387,419,451,452,484,485,517,549,581,582}
Current function value: 7.085000881286539E7
s**********************************************: 6
Current result: {292,293,294,295,296,297,321,322,323,324,329,353,355,387,419,451,483,515,547,548,549,581,582}
Current function value: 6.871425968935E7
s**********************************************: 7
Current result: {296,297,298,330,331,363,395,427,459,460,461,462,490,491}
Current function value: 6.855660401613823E7
s**********************************************: 8
Current result: {580,581,582,613,614,645,677,709,710,741,742,743,770,771,772,773}
Current function value: 6.990233912176064E7
s**********************************************: 9
Current result: {297,298,325,326,327,328,329,353,354,355,357,358,385,387,388,389}
Current function value: 6.984631636388803E7
s**********************************************: 10
Current result: {358,390,422,423,453,454,455,456,459,485,488,489,490,491,517,549,580,581,611,612,613,614,615}
Current function value: 6.955450258473273E7
s**********************************************: 11
Current result: {297,329,361,393,425,457,458,459,460,461,462,463,489,490,495,520,521,522,550,551,552,579,580,581,582,611,614,643,646}
Current function value: 6.820598000175114E7
s**********************************************: 12
Current result: {293,294,295,296,297,298,299,325,331,363,395,426,427,458,490,520,521,522,548,549,550,551,552,580,583,584,615}
Current function value: 6.909661377023955E7
s**********************************************: 13
Current result: {297,298,299,323,324,325,326,327,328,329,355,361,387,393,419,425,426,427,457,459,460,461,462,463,488,489,495,520,527,559,560,592,624,625,657,658,661,662,690,691,692,693}
Current function value: 6.889359838075435E7
s**********************************************: 14
Current result: {296,297,326,327,328,329,352,358,361,384,385,386,387,388,389,390,422,454,455,485,486,517,549,581,582,612,613,614}
Current function value: 6.947870872909516E7
s**********************************************: 15
Current result: {265,293,294,295,296,297,298,299,323,324,325,331,355,363,387,395,419,427,451,459,483,484,485,491,492,493,494,495,517,549,580,581,582,583,615}
Current function value: 6.817314047762498E7
sRESULT**********************************************: 
result subgraph is: [265, 293, 294, 295, 296, 297, 298, 299, 323, 324, 325, 331, 355, 363, 387, 395, 419, 427, 451, 459, 483, 484, 485, 491, 492, 493, 494, 495, 517, 549, 580, 581, 582, 583, 615]
------------------------------ test ends --------------------------------
