
------------------------------ test starts ------------------------------ 
s**********************************************: 2
Current result: {426,458}
Current function value: 7.177689728769957E7
s**********************************************: 3
Current result: {394,395,396,397,398,426}
Current function value: 7.009775827138726E7
s**********************************************: 4
Current result: {693,697,698,725,726,727,728,729}
Current function value: 7.24316150186206E7
s**********************************************: 5
Current result: {394,395,396,397,398,399,400,401,426,431,433}
Current function value: 6.806446183773197E7
s**********************************************: 6
Current result: {338,370,395,396,397,398,399,400,401,402,427,428}
Current function value: 6.863175718334727E7
s**********************************************: 7
Current result: {240,272,304,336,368,369,394,395,396,397,398,399,400,427,431,459,491,523,555,587}
Current function value: 6.803588512731902E7
s**********************************************: 8
Current result: {394,395,396,425,426,428,429,430,431,432,433,434,435,458,464,465}
Current function value: 6.806161321051918E7
s**********************************************: 9
Current result: {273,305,337,362,363,368,369,394,395,396,397,398,399,400,426,455,456,457,458}
Current function value: 6.861404692483926E7
s**********************************************: 10
Current result: {338,360,361,362,369,370,394,395,396,397,398,399,400,401,426,428,430,431,458,490,522,554,586,618,648,649,650,680,712,744,776,808,837,840,869,870,871,872}
Current function value: 6.805246758183786E7
s**********************************************: 11
Current result: {266,298,326,327,330,358,362,390,391,392,393,394,395,396,399,400,422,423,428,429,430,431,455}
Current function value: 6.812555403497685E7
s**********************************************: 12
Current result: {145,146,177,209,240,241,272,304,336,368,394,395,396,399,400,426,428,429,430,431,432,433,434,463,464}
Current function value: 6.887609703932558E7
s**********************************************: 13
Current result: {368,369,394,395,396,399,400,401,426,428,429,430,431,458,490,522,552,553,554,583,584,613,614,615,642,643,644,645,674,704,705,706,736,768,800}
Current function value: 6.763975262218562E7
s**********************************************: 14
Current result: {362,393,394,396,397,398,399,425,426,427,428,431,457,489,521,553,585,615,616,617,647,677,678,679,709,739,740,741,771}
Current function value: 6.788084537435053E7
s**********************************************: 15
Current result: {354,355,356,357,358,359,360,361,362,368,386,394,400,401,426,427,428,433,459,464,465,491,492,496,524,528,556,560,588,589,590,591,592}
Current function value: 6.827929718450542E7
sRESULT**********************************************: 
result subgraph is: [368, 369, 394, 395, 396, 399, 400, 401, 426, 428, 429, 430, 431, 458, 490, 522, 552, 553, 554, 583, 584, 613, 614, 615, 642, 643, 644, 645, 674, 704, 705, 706, 736, 768, 800]
------------------------------ test ends --------------------------------
