
------------------------------ test starts ------------------------------ 
s**********************************************: 2
Current result: {460,492,493,494,495,496}
Current function value: 6.878653114126962E7
s**********************************************: 3
Current result: {458,459,460,461,462,463,491,495,496,497}
Current function value: 6.759018907238676E7
s**********************************************: 4
Current result: {458,459,460,461,462,463,464,496}
Current function value: 6.880492019024622E7
s**********************************************: 5
Current result: {426,427,428,460,461,465,493,494,495,496,497}
Current function value: 6.805086104117472E7
s**********************************************: 6
Current result: {458,459,460,461,462,463,464,486,487,488,489,490,496,517,518,549,581,613,645}
Current function value: 6.771948422080353E7
s**********************************************: 7
Current result: {300,301,332,364,396,428,460,461,462,463,464,465,487,488,489,490,491,492,496,497}
Current function value: 6.767356303755611E7
s**********************************************: 8
Current result: {459,460,461,462,463,464,465,487,488,489,490,491,496,497,523,555,587}
Current function value: 6.784634021628419E7
s**********************************************: 9
Current result: {326,357,358,389,421,453,454,455,456,457,458,459,460,461,462,463,464,465,492,496,497}
Current function value: 6.773350967173871E7
s**********************************************: 10
Current result: {428,429,430,431,458,459,460,461,463,464,481,482,483,484,485,486,487,488,489,490,491,496,513,545,577,609,640,641,672}
Current function value: 6.799813585907574E7
s**********************************************: 11
Current result: {426,428,429,430,431,456,457,458,459,460,463,481,482,483,484,485,488,492,495,496,517,518,519,520}
Current function value: 6.794031485842055E7
s**********************************************: 12
Current result: {295,296,297,298,327,330,331,332,354,355,356,357,358,359,364,387,396,397,398,419,430,431,451,463,464,483,491,492,493,494,495,496,515,547,579,611,643,675,707,739,771,803,832,833,834,835}
Current function value: 6.799255285023955E7
s**********************************************: 13
Current result: {332,338,362,363,364,365,366,369,370,394,398,401,426,430,431,433,457,458,463,464,465,485,486,487,488,489,496,497,517,518,550,582,614,646}
Current function value: 6.80449938395545E7
s**********************************************: 14
Current result: {426,429,430,431,458,459,460,461,463,464,465,480,481,482,483,484,485,486,487,490,495,496,517,519,520,521,522,549,581,613}
Current function value: 6.791305743205158E7
s**********************************************: 15
Current result: {423,424,425,426,427,428,453,454,455,460,461,462,463,464,465,484,485,491,492,496,497,515,516,545,546,547,577,609,641,673,705,737,769,800,801,832}
Current function value: 6.782045825593579E7
sRESULT**********************************************: 
result subgraph is: [458, 459, 460, 461, 462, 463, 491, 495, 496, 497]
------------------------------ test ends --------------------------------
