
------------------------------ test starts ------------------------------ 
s**********************************************: 2
Current result: {425,456,457,488}
Current function value: 7.09820358626738E7
s**********************************************: 3
Current result: {392,423,424,454,455,485,486}
Current function value: 7.012484504659994E7
s**********************************************: 4
Current result: {453,454,455,456,457,485,489,517}
Current function value: 7.054875259617361E7
s**********************************************: 5
Current result: {393,420,421,422,423,424,425,451,452,457}
Current function value: 6.909688733401118E7
s**********************************************: 6
Current result: {393,425,453,454,455,457,485,486,487,488,489,518,519}
Current function value: 6.907418171725447E7
s**********************************************: 7
Current result: {201,202,203,204,205,233,237,265,297,329,361,392,393,422,423,424,425,454,455,457,487,519,551,583,615,647,679,704,711,736,737,739,740,741,742,743,769,770,771}
Current function value: 6.86988589393144E7
s**********************************************: 8
Current result: {424,425,456,485,486,487,488,516,517,547,548,579,611,643,672,673,674,675,704,736}
Current function value: 6.919740000007112E7
s**********************************************: 9
Current result: {321,322,323,352,353,355,356,357,358,385,390,391,392,417,424,425,449,481}
Current function value: 6.96850785612975E7
s**********************************************: 10
Current result: {324,356,357,389,393,421,422,423,425,454,455,456,457,487,519,551,583,584,585,617,649,650}
Current function value: 6.903905813811871E7
s**********************************************: 11
Current result: {232,233,234,235,236,237,264,295,296,323,324,325,326,327,355,359,360,392,422,423,424,425,453,454,485}
Current function value: 6.904575600451368E7
s**********************************************: 12
Current result: {263,295,296,327,328,359,391,423,453,454,455,456,485,487,488,518,519,551,583,615,647,648,680,681,713}
Current function value: 6.962875801743306E7
s**********************************************: 13
Current result: {355,356,357,387,389,394,419,421,422,423,424,425,426,451,455,456,457,483,487,489,519,550,551,583,584,616,648}
Current function value: 6.898586430096807E7
s**********************************************: 14
Current result: {49,81,113,145,177,204,205,206,207,208,209,236,263,264,265,266,267,268,294,295,326,358,390,421,422,423,424,425,453,456,457,485,488,517,520,552,584,616,648,649,681,713}
Current function value: 6.908281519950517E7
s**********************************************: 15
Current result: {357,389,390,422,424,425,454,455,456,457,486,488,489,517,518,550,582,583,615,616,643,644,645,646,647,675,679,707,711,739,743}
Current function value: 6.95051870742366E7
sRESULT**********************************************: 
result subgraph is: [201, 202, 203, 204, 205, 233, 237, 265, 297, 329, 361, 392, 393, 422, 423, 424, 425, 454, 455, 457, 487, 519, 551, 583, 615, 647, 679, 704, 711, 736, 737, 739, 740, 741, 742, 743, 769, 770, 771]
------------------------------ test ends --------------------------------
