
------------------------------ test starts ------------------------------ 
s**********************************************: 2
Current result: {403,435,436}
Current function value: 7.110780815888323E7
s**********************************************: 3
Current result: {275,307,339,371,403,435,467}
Current function value: 7.103744922214644E7
s**********************************************: 4
Current result: {273,274,275,307,339,371,403,435,467}
Current function value: 6.893147317897327E7
s**********************************************: 5
Current result: {360,363,389,390,391,392,393,394,395,421,422,453,485,486,487,518,519}
Current function value: 7.165136625463606E7
s**********************************************: 6
Current result: {16,48,80,112,144,176,208,240,241,242,243,272,275,276}
Current function value: 7.065082217847252E7
s**********************************************: 7
Current result: {240,241,273,274,275,298,299,300,301,302,303,304,305,306,307,329,330,361,393,425,453,454,455,456,457,458,485,517,549,579,580,581,611,643,672,673,674,675,707,739,771}
Current function value: 6.924355361135711E7
s**********************************************: 8
Current result: {545,546,547,579,611,612,642,643,672,673,674,704,736,768,800,832}
Current function value: 7.180548511270788E7
s**********************************************: 9
Current result: {209,241,242,274,275,307,339,371,394,395,396,397,398,399,400,401,402,403,424,425,426,435,456,485,486,487,488,517}
Current function value: 6.854385447637346E7
s**********************************************: 10
Current result: {273,274,275,276,307,339,371,403,435,436,437,438,439,467,471,472,504,505,537,569,601,633,665,697,729,730,762,794,826,827}
Current function value: 6.822078250008908E7
s**********************************************: 11
Current result: {235,236,237,238,239,240,241,242,243,244,245,266,267,277,298,309,328,329,330,341,355,356,357,358,359,360,373,387,405,419,437,451,469,483,501,515,533,547,565,579,597,611,629,630,662,694}
Current function value: 7.07538367272397E7
s**********************************************: 12
Current result: {269,270,271,272,273,274,306,338,370,402,434,435,467,468,469,501,533,565,566,567,599,631,632,664,696,728,759,760,761}
Current function value: 6.878477480337167E7
s**********************************************: 13
Current result: {237,238,239,240,241,268,269,273,274,275,298,299,300,307,330,339,355,356,357,358,359,360,361,362,371,387,392,393,403,419,435,451,483}
Current function value: 6.84162595215163E7
s**********************************************: 14
Current result: {268,269,270,271,272,273,274,275,299,300,327,328,329,330,331,359,391,423,454,455,482,483,484,485,486,514,517,518,546,547,579,611,643}
Current function value: 6.932889582236083E7
s**********************************************: 15
Current result: {235,236,237,238,239,240,241,267,273,298,299,305,330,337,359,360,361,362,369,370,371,385,386,387,388,389,390,391,403,435,436,437,467}
Current function value: 6.835045584002964E7
sRESULT**********************************************: 
result subgraph is: [273, 274, 275, 276, 307, 339, 371, 403, 435, 436, 437, 438, 439, 467, 471, 472, 504, 505, 537, 569, 601, 633, 665, 697, 729, 730, 762, 794, 826, 827]
------------------------------ test ends --------------------------------
