
------------------------------ test starts ------------------------------ 
s**********************************************: 2
Current result: {485,486,487,488}
Current function value: 7.142461101085627E7
s**********************************************: 3
Current result: {457,485,486,487,488,489}
Current function value: 7.020584028631517E7
s**********************************************: 4
Current result: {203,234,235,236,268,269,270}
Current function value: 7.080712158846197E7
s**********************************************: 5
Current result: {233,234,235,236,237,265,269,297,329,361,393,424,425,453,456,485,486,487,488,489}
Current function value: 6.78795956775854E7
s**********************************************: 6
Current result: {451,452,453,455,485,487,488,517,518,519,520}
Current function value: 6.946132028607759E7
s**********************************************: 7
Current result: {483,515,547,579,611,643,675,706,707,738,770,800,801,802,832}
Current function value: 7.233298849033058E7
s**********************************************: 8
Current result: {203,233,234,235,262,263,264,265,267,268,269,293,294,301,325,333,357,365,389,421,453,485,486,487,488,517,518}
Current function value: 6.840295884374508E7
s**********************************************: 9
Current result: {265,266,267,268,300,301,302,334,364,365,366,395,396,426,427,456,457,458,488,489,521}
Current function value: 6.858207729830097E7
s**********************************************: 10
Current result: {456,485,486,487,488,516,517,547,548,579,611,643,675,707,739,769,770,771,800,801,832}
Current function value: 6.962885826372977E7
s**********************************************: 11
Current result: {297,329,357,358,359,360,361,389,420,421,452,453,455,456,484,485,486,487,488,520,552,584,616}
Current function value: 6.937332419299978E7
s**********************************************: 12
Current result: {203,234,235,265,266,297,329,361,393,423,425,453,454,455,456,457,485,515,516,517,547,579,609,610,611,640,641,672,673,674,706,738,770,771}
Current function value: 6.877088801493058E7
s**********************************************: 13
Current result: {234,235,236,237,238,264,265,266,296,298,327,328,329,359,361,393,394,425,452,453,454,455,456,457,482,483,484,485,488,517}
Current function value: 6.978647066012762E7
s**********************************************: 14
Current result: {169,170,201,202,203,204,232,233,236,237,264,269,293,294,295,296,325,327,357,389,421,453,454,455,456,457,485,488,489,517}
Current function value: 6.810534442833175E7
s**********************************************: 15
Current result: {140,172,204,234,235,236,237,266,297,298,329,353,354,355,356,361,385,387,393,419,425,451,457,483,484,485,486,487,488,489,517,521}
Current function value: 6.8168455248213E7
sRESULT**********************************************: 
result subgraph is: [233, 234, 235, 236, 237, 265, 269, 297, 329, 361, 393, 424, 425, 453, 456, 485, 486, 487, 488, 489]
------------------------------ test ends --------------------------------
