
------------------------------ test starts ------------------------------ 
s**********************************************: 2
Current result: {518,519}
Current function value: 7.341494537189113E7
s**********************************************: 3
Current result: {325,326,358,390,421,422,453,485}
Current function value: 7.273933908615245E7
s**********************************************: 4
Current result: {320,321,322,323,352,353,355}
Current function value: 7.226557531422287E7
s**********************************************: 5
Current result: {298,299,328,329,330,360,392,423,424,453,454,455}
Current function value: 7.152218055229965E7
s**********************************************: 6
Current result: {453,485,486,487,519,551,552,553,584,585,615,616,645,646,647}
Current function value: 7.196173722316515E7
s**********************************************: 7
Current result: {327,359,360,361,393,394,395,396,397,398,399,400,401,402,425,434}
Current function value: 6.842012924728902E7
s**********************************************: 8
Current result: {419,451,483,484,485,514,515,517,546,549,581,611,612,613,643,675,707,739,740}
Current function value: 7.080787061016749E7
s**********************************************: 9
Current result: {274,275,307,328,329,330,339,362,371,394,403,426,427,428,429,430,435,436,462,463,464,465,466,467}
Current function value: 6.961609077151749E7
s**********************************************: 10
Current result: {356,357,358,359,360,361,362,363,364,365,366,367,368,369,392,401,402,403,404,405,423,424,434,437,455,466,487,519,520,521}
Current function value: 6.84308260766429E7
s**********************************************: 11
Current result: {267,268,269,270,271,272,273,274,298,299,306,325,326,327,328,329,330,338,357,370,385,389,402,417,418,421,434,435,450,451,452,453,466,485,517,518,519}
Current function value: 6.826501142626068E7
s**********************************************: 12
Current result: {328,329,361,393,422,423,424,425,426,427,428,429,430,431,432,433,434,435,454,486,518,550,581,582,613,643,644,645,672,673,674,675,704,736,768}
Current function value: 6.87203305370078E7
s**********************************************: 13
Current result: {353,385,386,387,388,389,421,453,485,486,487,519,520,521,553,584,585,616,648,649,681,713,739,740,741,742,743,744,745,771}
Current function value: 7.041413322987477E7
s**********************************************: 14
Current result: {272,273,274,275,304,323,324,325,326,330,331,332,333,334,335,336,355,358,359,360,361,362,394,426,458,490,522,554,586,587,618}
Current function value: 6.926945669000348E7
s**********************************************: 15
Current result: {205,206,207,208,209,235,236,237,267,299,331,363,395,426,427,428,429,454,455,456,457,458,486,489,490,517,518,550,582,614,646,678}
Current function value: 6.946871679635355E7
sRESULT**********************************************: 
result subgraph is: [267, 268, 269, 270, 271, 272, 273, 274, 298, 299, 306, 325, 326, 327, 328, 329, 330, 338, 357, 370, 385, 389, 402, 417, 418, 421, 434, 435, 450, 451, 452, 453, 466, 485, 517, 518, 519]
------------------------------ test ends --------------------------------
