
------------------------------ test starts ------------------------------ 
s**********************************************: 2
Current result: {204,236}
Current function value: 7.280204034497091E7
s**********************************************: 3
Current result: {236,264,265,266,267,268,269,296,328,360,392,423,424,453,454,455,485}
Current function value: 6.924640595825636E7
s**********************************************: 4
Current result: {235,236,237,269,301,302,303}
Current function value: 7.173153839909169E7
s**********************************************: 5
Current result: {697,698,730,762,794,826}
Current function value: 7.200698295657097E7
s**********************************************: 6
Current result: {9,10,11,12,13,41,45,46,47,48,73,80,81,82,105,114,115,137,147,169,179,201,211,233,242,243,265,274,295,296,297,306,327,338,359,391,423,455,487,488}
Current function value: 6.988696263170564E7
s**********************************************: 7
Current result: {629,630,631,632,633,661,693}
Current function value: 7.288512811934301E7
s**********************************************: 8
Current result: {325,355,356,357,387,389,419,421,422,423,455,456,488}
Current function value: 6.923228341059154E7
s**********************************************: 9
Current result: {199,200,201,202,203,204,205,229,230,231,237,261,269,270,293,323,324,325,353,354,355,385}
Current function value: 7.041986472170156E7
s**********************************************: 10
Current result: {238,269,270,271,302,330,331,332,333,334,360,361,362,366,392,398,424,429,430,456,457,488}
Current function value: 6.815632431722885E7
s**********************************************: 11
Current result: {424,456,485,486,487,488,517,549,581,613,643,644,645,672,673,674,675,704,707,736,739,768,771}
Current function value: 6.94798205287201E7
s**********************************************: 12
Current result: {234,235,236,237,265,266,267,269,270,271,272,297,302,304,324,325,327,328,329,357,358,359,391,423}
Current function value: 6.876325772544378E7
s**********************************************: 13
Current result: {421,422,423,453,455,485,487,488,520,521,522,523,524,525,526,527,528,529,561,562,594,626,627,628,629,661,662,663,664,665}
Current function value: 6.918673795384967E7
s**********************************************: 14
Current result: {352,384,385,417,421,422,449,450,451,452,453,454,455,456,481,488,513,520,544,545,552,577,578,583,584,610,616,642,674,706,738,739}
Current function value: 6.899402581096806E7
s**********************************************: 15
Current result: {419,420,421,453,454,455,487,488,520,552,584,616,644,645,646,647,648,676,708,738,739,740,768,769,770,800,832,864,896}
Current function value: 6.933974504598725E7
sRESULT**********************************************: 
result subgraph is: [238, 269, 270, 271, 302, 330, 331, 332, 333, 334, 360, 361, 362, 366, 392, 398, 424, 429, 430, 456, 457, 488]
------------------------------ test ends --------------------------------
