
------------------------------ test starts ------------------------------ 
s**********************************************: 2
Current result: {454,455,456,457,458,459,490}
Current function value: 6.995384436611286E7
s**********************************************: 3
Current result: {457,461,462,463,464,489,490,491,492,493}
Current function value: 6.837037445002921E7
s**********************************************: 4
Current result: {426,431,458,463,464,490,491,492,493,494,495,496}
Current function value: 6.758955921022649E7
s**********************************************: 5
Current result: {739,740,741,742,743,768,769,770,771,800,832}
Current function value: 7.342701832600449E7
s**********************************************: 6
Current result: {458,459,485,488,489,490,491,517,518,519,520}
Current function value: 6.898794613640259E7
s**********************************************: 7
Current result: {664,665,666,694,696,726,727,728}
Current function value: 7.227113897303331E7
s**********************************************: 8
Current result: {325,357,358,359,360,361,362,392,394,426,458,459,460,461,462,463,464,495,496}
Current function value: 6.799971019682044E7
s**********************************************: 9
Current result: {325,338,356,357,370,385,386,387,388,389,401,402,418,421,422,431,432,433,450,454,455,456,457,458,459,463,482,483,490,491,492,493,494,495,515,547,579,611,643,675,705,706,707,739,771}
Current function value: 6.798842214372885E7
s**********************************************: 10
Current result: {297,329,361,362,363,364,391,392,393,396,397,402,423,429,430,431,434,455,463,464,465,466,487,519}
Current function value: 6.819531547564453E7
s**********************************************: 11
Current result: {355,356,357,358,359,360,387,392,419,424,425,426,451,458,459,460,461,462,463,464,483,491,515,547,579,611,643,675,707,736,739,768,769,770,771,800}
Current function value: 6.764581879615782E7
s**********************************************: 12
Current result: {459,460,461,462,463,464,486,487,488,489,490,491,495,496,517,518,549,581,611,612,613,643,675,707,739}
Current function value: 6.761907704251972E7
s**********************************************: 13
Current result: {296,297,298,330,362,394,426,430,431,432,453,454,455,456,457,458,459,460,461,462,464,485,490,517,549,581,613,614,646,678,710,742,774,806,838,867,868,869,870,901,902,933,934,935}
Current function value: 6.808044998269561E7
s**********************************************: 14
Current result: {394,426,428,458,459,460,490,522,554,586,616,617,618,648,680,712,739,740,741,742,743,744,772,800,801,802,803,804,832}
Current function value: 6.830973920778942E7
s**********************************************: 15
Current result: {427,428,429,430,431,451,452,453,454,455,456,457,458,459,463,464,482,483,514,545,546,577,609,641,673,704,705,736,768,800}
Current function value: 6.795729381809543E7
sRESULT**********************************************: 
result subgraph is: [426, 431, 458, 463, 464, 490, 491, 492, 493, 494, 495, 496]
------------------------------ test ends --------------------------------
