
------------------------------ test starts ------------------------------ 
s**********************************************: 2
Current result: {463,490,491,492,493,494,495,496}
Current function value: 6.82515963885016E7
s**********************************************: 3
Current result: {422,454,455,485,486,487}
Current function value: 7.311857011970434E7
s**********************************************: 4
Current result: {672,704,705,736,737,768,800,832}
Current function value: 7.32388702751793E7
s**********************************************: 5
Current result: {736,737,738,739,768,800}
Current function value: 7.3728E7
s**********************************************: 6
Current result: {297,298,330,362,394,426,458,487,488,489,490,522,523}
Current function value: 6.894165172715582E7
s**********************************************: 7
Current result: {463,486,487,488,489,490,491,492,493,494,495,496,528}
Current function value: 6.763789259411594E7
s**********************************************: 8
Current result: {298,330,362,394,426,458,490,520,521,522,551,552,583,611,613,614,615,643,644,645}
Current function value: 6.901095924579445E7
s**********************************************: 9
Current result: {611,643,648,672,675,680,704,705,706,707,712,738,739,740,741,742,743,744}
Current function value: 7.189059330869189E7
s**********************************************: 10
Current result: {454,455,456,457,458,485,486,490,491,517,523,549,581,612,613,643,644,676,708,709,741,742,743}
Current function value: 6.938572766419852E7
s**********************************************: 11
Current result: {458,461,462,463,485,486,487,488,489,490,492,493,495,496,517,522,523,524,549,580,581,611,612,643,675,676,708,709,741,742,743,774}
Current function value: 6.789032573565812E7
s**********************************************: 12
Current result: {299,331,363,394,395,426,451,452,453,454,455,458,483,487,488,489,490,491,519,522,554,586,616,617,618,647,648}
Current function value: 6.925056278438811E7
s**********************************************: 13
Current result: {234,266,298,330,362,394,426,454,455,456,457,458,486,490,491,496,497,518,523,524,525,526,527,528,550,582,614,646,678,710,742,774,806,836,837,838,868,870,871,872}
Current function value: 6.807825717166065E7
s**********************************************: 14
Current result: {353,385,417,449,463,481,494,495,496,513,514,515,516,517,518,519,520,521,522,523,524,525,526,550,582,614,646,678,704,710,736,739,740,741,742,768,769,770,771}
Current function value: 6.873272218748201E7
s**********************************************: 15
Current result: {297,298,299,329,361,393,425,457,460,489,490,491,492,493,494,495,496,497,516,517,518,519,520,521,522,529,548,579,580,611,612,613,643}
Current function value: 6.765638675620528E7
sRESULT**********************************************: 
result subgraph is: [463, 486, 487, 488, 489, 490, 491, 492, 493, 494, 495, 496, 528]
------------------------------ test ends --------------------------------
