
------------------------------ test starts ------------------------------ 
s**********************************************: 2
Current result: {468,469}
Current function value: 7.183866277832094E7
s**********************************************: 3
Current result: {451,483,484,485,486,487,517}
Current function value: 7.315920293968424E7
s**********************************************: 4
Current result: {357,358,359,360,361,362,389,394,395,396,421,428,429,453,485}
Current function value: 7.072812838509591E7
s**********************************************: 5
Current result: {353,354,355,385,386,418,450,482,514,545,546,577,609,641,673,705,737,738,739,769,800,801,832}
Current function value: 7.264421716807556E7
s**********************************************: 6
Current result: {693,694,726,727,728,729,761,762,794,795,827,859}
Current function value: 7.136408021301208E7
s**********************************************: 7
Current result: {323,355,356,388,420,451,452,483,515,545,546,547}
Current function value: 7.204665648466502E7
s**********************************************: 8
Current result: {324,329,330,354,355,356,357,358,362,390,391,393,394,423,424,425}
Current function value: 7.095424455919635E7
s**********************************************: 9
Current result: {392,393,394,395,396,397,398,399,400,401,423,424,433,434,455,466,467,468,469,487,499,519,551,583,613,614,615,645,677,708,709,740,772}
Current function value: 6.808658325802907E7
s**********************************************: 10
Current result: {308,330,331,340,363,364,372,396,404,428,429,430,436,462,463,464,465,466,467,468}
Current function value: 6.90223335601752E7
s**********************************************: 11
Current result: {275,276,308,340,363,364,365,366,367,368,369,370,371,372,373,393,394,395,405,406,424,425,438,454,455,456,470,485,486,502,517,534,549,566,581,598,613,614,615,630,645,647,662,679,694,697,711,726,727,728,729,743}
Current function value: 6.897167974664854E7
s**********************************************: 12
Current result: {325,357,389,392,393,421,424,453,455,456,481,482,483,484,485,486,487,517,549,581,613,643,644,645}
Current function value: 7.118433918806379E7
s**********************************************: 13
Current result: {198,199,200,201,202,203,204,205,206,207,228,229,230,239,240,241,242,243,258,259,260,275,276,289,290,308,309,321,341,353,373,385,403,404,405,417,435,449,467,481,482,513,545,577,609,640,641,647,672,679,704,705,706,707,711,736,739,740,741,742,743,768,771,800}
Current function value: 6.89423215503545E7
s**********************************************: 14
Current result: {261,293,325,357,358,390,391,423,455,487,519,551,552,584,616,648,680,709,710,711,712,739,740,741,768,769,770,771,800}
Current function value: 7.062311295534338E7
s**********************************************: 15
Current result: {272,273,274,275,276,298,299,300,301,302,303,304,308,330,340,362,372,391,392,393,394,404,419,420,421,422,423,436,451,467,468}
Current function value: 6.854685828043072E7
sRESULT**********************************************: 
result subgraph is: [392, 393, 394, 395, 396, 397, 398, 399, 400, 401, 423, 424, 433, 434, 455, 466, 467, 468, 469, 487, 499, 519, 551, 583, 613, 614, 615, 645, 677, 708, 709, 740, 772]
------------------------------ test ends --------------------------------
