
------------------------------ test starts ------------------------------ 
s**********************************************: 2
Current result: {672,704,736}
Current function value: 7.314149440415607E7
s**********************************************: 3
Current result: {434,435,467,499,500,532,564}
Current function value: 7.193200743032825E7
s**********************************************: 4
Current result: {356,388,418,419,420,450,482}
Current function value: 7.350100074683103E7
s**********************************************: 5
Current result: {15,16,48}
Current function value: 7.312927685511686E7
s**********************************************: 6
Current result: {230,262,289,290,291,292,293,294,321,326,327,328,352,353,384,416}
Current function value: 7.123582469173217E7
s**********************************************: 7
Current result: {324,354,355,356,357,384,385,386,389,416,421,422,423}
Current function value: 7.1768576484171E7
s**********************************************: 8
Current result: {263,295,327,356,357,358,359,387,388,419,451,482,483,514,546,578,610,642,643,675}
Current function value: 7.116203368008414E7
s**********************************************: 9
Current result: {225,226,227,228,229,260,292,324,356,388,420,452,484,516,548,579,580,610,611,642,674,706}
Current function value: 7.081273845650703E7
s**********************************************: 10
Current result: {224,256,257,258,290,322,323,324,325,353,354,357,389,421,453,454,455}
Current function value: 7.13078208374227E7
s**********************************************: 11
Current result: {256,288,320,352,384,385,391,392,393,394,395,396,397,398,399,400,401,402,417,418,423,434,450,451,452,453,454,455,466,487,488,498,520,530,562,594,595,627,659,691,723,755,756}
Current function value: 7.082450184032148E7
s**********************************************: 12
Current result: {327,328,329,358,359,389,390,421,453,485,517,549,581,582,614,646,678,710,742,774,775,776,777,778,810,842,843,844,845,846,847,848,849,850,851,852,853,854,855,856,875,888,907,908}
Current function value: 7.026773608622022E7
s**********************************************: 13
Current result: {166,198,230,260,261,262,293,325,355,356,357,358,359,360,361,362,363,364,365,387,397,398,399,400,419,451,482,483,514,546,578,610,642}
Current function value: 6.966679818673712E7
s**********************************************: 14
Current result: {231,263,295,322,327,354,359,386,391,418,423,450,453,454,455,482,483,484,485,514,546,578,610,611,631,643,659,660,661,662,663,675,691,707,719,720,721,722,723,739,740,741,742,743,744,745,746,747,748,749,750,751}
Current function value: 7.072558295948058E7
s**********************************************: 15
Current result: {329,356,357,358,359,360,361,388,420,452,483,484,515,516,517,549,581,613,643,644,645,675,707,737,738,739,769,800,801,832}
Current function value: 6.980943498788911E7
sRESULT**********************************************: 
result subgraph is: [166, 198, 230, 260, 261, 262, 293, 325, 355, 356, 357, 358, 359, 360, 361, 362, 363, 364, 365, 387, 397, 398, 399, 400, 419, 451, 482, 483, 514, 546, 578, 610, 642]
------------------------------ test ends --------------------------------
