
------------------------------ test starts ------------------------------ 
s**********************************************: 2
Current result: {263,295,296}
Current function value: 7.32891961431841E7
s**********************************************: 3
Current result: {354,355,356,357,358,359}
Current function value: 7.309609370519267E7
s**********************************************: 4
Current result: {546}
Current function value: 7.338734028133893E7
s**********************************************: 5
Current result: {564,565,597,598,599,629,631,661,693,725,726}
Current function value: 7.221477523696378E7
s**********************************************: 6
Current result: {399,426,427,428,429,430,431,450,451,452,453,454,455,456,457,458,482,514,546,578,610,611,643,644,645}
Current function value: 7.181560893093729E7
s**********************************************: 7
Current result: {327,359,391,423,452,453,454,455,484,516,547,548,579,611}
Current function value: 7.216706394506945E7
s**********************************************: 8
Current result: {200,232,260,261,264,293,296,325,328,357,358,359,360,389}
Current function value: 7.178061541439307E7
s**********************************************: 9
Current result: {360,361,362,363,364,365,392,397,398,399,400,401,402,403,404,405,406,407,408,424,440,441,442,443,444,454,455,456,486,518,545,550,577,582,609,614,641,646,673,674,675,676,677,678,705,710,737,769,800,801}
Current function value: 7.049970370608482E7
s**********************************************: 10
Current result: {257,258,290,291,292,293,294,295,296,297,298,299,300,301,302,334,335,367,399,400,401,402}
Current function value: 6.903101470024931E7
s**********************************************: 11
Current result: {104,105,106,107,132,133,134,135,136,164,196,228,260,292,324,356,388,420,451,452,483}
Current function value: 7.160960685176377E7
s**********************************************: 12
Current result: {296,297,298,299,300,301,302,328,334,360,366,367,385,386,387,388,389,390,391,392,399,400,418,450,482,514}
Current function value: 6.929217295413914E7
s**********************************************: 13
Current result: {227,228,258,259,260,290,292,293,322,325,354,357,358,359,360,361,362,363,364,365,386,397,398,399,400,401,402,418,434,450,466,482,498,530,562}
Current function value: 7.071627733735901E7
s**********************************************: 14
Current result: {259,260,261,262,263,291,292,324,356,388,420,452,484,516,517,549,581,613,645,646,678,710,742,774,806,838,839,840,841,873}
Current function value: 7.106843428288808E7
s**********************************************: 15
Current result: {228,229,257,258,259,260,289,321,353,359,384,385,388,389,390,391,416,420,448,449,450,451,452,480,483,512,544,576,608,640,672,704}
Current function value: 6.976743680077934E7
sRESULT**********************************************: 
result subgraph is: [257, 258, 290, 291, 292, 293, 294, 295, 296, 297, 298, 299, 300, 301, 302, 334, 335, 367, 399, 400, 401, 402]
------------------------------ test ends --------------------------------
