
------------------------------ test starts ------------------------------ 
s**********************************************: 2
Current result: {363,364,395,396}
Current function value: 7.185568015810184E7
s**********************************************: 3
Current result: {334,335,336,337,338,366,396,397,398,429,430}
Current function value: 6.806832280948178E7
s**********************************************: 4
Current result: {366,371,397,398,399,400,401,402,403,429}
Current function value: 6.775737445058036E7
s**********************************************: 5
Current result: {338,339,366,367,368,370,398,400,401,402}
Current function value: 6.800481837224379E7
s**********************************************: 6
Current result: {335,367,371,372,396,397,398,399,400,401,402,403}
Current function value: 6.79280816335449E7
s**********************************************: 7
Current result: {111,112,113,114,115,147,179,180,212,213,245,277,309,341,371,372,373,402,403,429,430,431,432,433,434}
Current function value: 6.845327658334635E7
s**********************************************: 8
Current result: {334,363,364,366,367,368,369,372,396,397,398,401,402,403,404,429}
Current function value: 6.818386973106155E7
s**********************************************: 9
Current result: {338,339,363,364,371,396,402,403,428,429,430,431,432,433,434}
Current function value: 6.914804747176261E7
s**********************************************: 10
Current result: {140,172,204,236,268,300,332,334,335,336,337,338,364,365,366,370,395,396,398,402,429,430}
Current function value: 6.812768154032053E7
s**********************************************: 11
Current result: {264,265,266,295,296,298,327,330,331,358,359,363,390,395,396,397,398,399,400,401,402,403,428}
Current function value: 6.834851977582464E7
s**********************************************: 12
Current result: {325,326,327,328,336,337,338,353,354,355,356,357,360,368,370,385,392,393,394,395,396,397,398,399,400,402,417,429,430,449,481,513,545,577,578,610,642,643,675,707,739,771,802,803,832,833,834}
Current function value: 6.850896364218271E7
s**********************************************: 13
Current result: {331,363,364,365,366,367,368,369,396,397,401,402,403,428,456,457,458,459,460,486,487,488,518,550,582,614,615,616,648,680,712,744,776,808,840,871,872,901,902,903,933,934,935,936,937}
Current function value: 6.795535038275947E7
s**********************************************: 14
Current result: {363,364,365,366,371,394,395,397,398,399,400,401,402,403,424,425,426,429,453,454,455,456,485,517,549,581,613,645,677,709,741,773,805,837,869}
Current function value: 6.88169230100848E7
s**********************************************: 15
Current result: {326,327,328,329,330,331,353,354,355,356,357,358,363,364,385,386,396,397,398,399,400,401,402,403,418,419,429,430,435,436,451,468,469,470,471,472,473,474,475,507,508,540,572,604,605,637,668,669,700,732,763,764,795}
Current function value: 6.817486752622317E7
sRESULT**********************************************: 
result subgraph is: [366, 371, 397, 398, 399, 400, 401, 402, 403, 429]
------------------------------ test ends --------------------------------
