
------------------------------ test starts ------------------------------ 
s**********************************************: 2
Current result: {959}
Current function value: 7.3728E7
s**********************************************: 3
Current result: {644,676,707,708,739,771}
Current function value: 7.348296616204973E7
s**********************************************: 4
Current result: {450,451,452,453,482}
Current function value: 7.296643434457521E7
s**********************************************: 5
Current result: {632,664,696,697,700,729,730,731,732,763,764}
Current function value: 7.246427380231114E7
s**********************************************: 6
Current result: {123,155,156,188,189,221,222,254,255}
Current function value: 7.056485047203396E7
s**********************************************: 7
Current result: {48,49,50,51,52,80,84,109,110,111,112,116,141,148,149,150,151,152,173,184,205,216,217,218,219,220,221,237,253,268,269,300,332,364,396,428,455,456,457,458,459,460,484,485,486,487}
Current function value: 7.030363120091759E7
s**********************************************: 8
Current result: {156,157,158,190,221,222,223,242,243,244,245,246,247,248,249,250,251,252,253,274,306,307}
Current function value: 6.777560142811589E7
s**********************************************: 9
Current result: {156,188,189,190,222,254,255,264,287,296,319,328,329,330,331,332,333,349,350,351,353,354,355,356,357,358,359,360,365,366,367,368,369,370,371,372,373,374,375,376,377,378,379,381,385,411,412,413,417,443,449,481,513,545,577,609,640,641,672,704,736,768,800,832}
Current function value: 6.85911641259469E7
s**********************************************: 10
Current result: {385,417,449,481,487,513,514,515,518,519,547,551,579,580,581,582,583,611,615,647}
Current function value: 7.119128235057975E7
s**********************************************: 11
Current result: {124,125,154,155,156,186,188,220,252,284,316,348,380,412,413,445,477,509,540,541,572,604,636,668,699,700,731,763,795,796,797,829,861,862,894,895,927}
Current function value: 6.841403316622749E7
s**********************************************: 12
Current result: {146,147,148,149,150,151,154,155,156,157,178,183,184,185,186,210,242,271,272,273,274,306,307,308,340,341,342,374,406,438}
Current function value: 6.82916638716016E7
s**********************************************: 13
Current result: {268,269,270,271,298,299,300,329,330,358,359,360,361,390,422,454,485,486,517,549,579,580,581,611,643,675,704,705,706,707,736,739,771}
Current function value: 7.023174789786376E7
s**********************************************: 14
Current result: {112,144,175,176,180,181,182,183,184,185,186,187,188,189,207,212,219,221,239,244,251,271,272,273,274,276,283,306,307,308,314,315,346,378,410,442,474,506,537,538,569,601,633,665,670,697,702,728,729,730,731,732,733,734,764,765,796,797,829,861,893,894,926,958}
Current function value: 6.795530275391841E7
s**********************************************: 15
Current result: {154,155,156,157,189,221,253,254,286,318,350,370,371,372,373,374,375,376,377,378,379,380,381,382,402,414,444,445,446,476,508,540,572,604,636,668}
Current function value: 6.888742117575823E7
sRESULT**********************************************: 
result subgraph is: [156, 157, 158, 190, 221, 222, 223, 242, 243, 244, 245, 246, 247, 248, 249, 250, 251, 252, 253, 274, 306, 307]
------------------------------ test ends --------------------------------
