
------------------------------ test starts ------------------------------ 
s**********************************************: 2
Current result: {397,398,399,400,428,429,432,433,434}
Current function value: 6.772041250330411E7
s**********************************************: 3
Current result: {338,339,370,397,398,399,400,401,402,428,429,460}
Current function value: 6.777713185892251E7
s**********************************************: 4
Current result: {400,401,402,428,429,430,431,432,460}
Current function value: 6.804176475349736E7
s**********************************************: 5
Current result: {362,363,364,396,428,429,430,431,432,433}
Current function value: 6.803125232958367E7
s**********************************************: 6
Current result: {307,338,339,370,398,399,400,401,402,427,428,429,430,433,434}
Current function value: 6.785973397790475E7
s**********************************************: 7
Current result: {307,339,371,400,401,402,403,428,429,430,431,432,433,460}
Current function value: 6.800099736874363E7
s**********************************************: 8
Current result: {275,307,339,370,371,399,400,401,402,403,404,428,429,430,431,461}
Current function value: 6.775314440444335E7
s**********************************************: 9
Current result: {327,328,359,360,361,362,363,391,395,396,397,420,421,422,423,428,429,461}
Current function value: 6.823704734484549E7
s**********************************************: 10
Current result: {357,358,359,360,392,393,394,395,396,397,402,427,429,430,431,432,433,434,458,459,490,522,554,586,617,618,649,681,713,745,777,809,838,841,870,871,872,873,902,903}
Current function value: 6.80091203830899E7
s**********************************************: 11
Current result: {298,330,362,363,395,399,400,401,424,425,426,427,428,429,430,431,433,434,454,455,456,466,486,518,550,581,582,613,645,677,709,739,740,741,742,743}
Current function value: 6.809856471121484E7
s**********************************************: 12
Current result: {270,302,303,304,305,306,307,335,339,365,366,367,371,395,397,403,427,428,429,433,434,435,456,457,458,459,460,485,486,487,488}
Current function value: 6.791258681701574E7
s**********************************************: 13
Current result: {298,330,353,354,355,356,357,358,362,390,392,393,394,395,397,398,399,400,401,402,422,423,424,427,428,429,433,455,487,519}
Current function value: 6.77991117275927E7
s**********************************************: 14
Current result: {307,339,370,371,391,392,393,394,395,398,399,400,402,423,427,428,429,430,432,433,434,454,455,461,486,516,517,518,548,580,612,644,676,708,739,740,741,742,743}
Current function value: 6.826839210709359E7
s**********************************************: 15
Current result: {307,339,370,371,372,397,398,399,400,402,404,429,432,433,434,451,452,453,454,455,456,457,458,459,460,461,483,515,547,579,611,643,675,707,739}
Current function value: 6.979624901601523E7
sRESULT**********************************************: 
result subgraph is: [397, 398, 399, 400, 428, 429, 432, 433, 434]
------------------------------ test ends --------------------------------
