
------------------------------ test starts ------------------------------ 
s**********************************************: 2
Current result: {273,305,306,338}
Current function value: 6.8758095E7
s**********************************************: 3
Current result: {300,301,302,303,304,305,306}
Current function value: 6.906370775642678E7
s**********************************************: 4
Current result: {267,273,274,299,300,301,302,303,304,305,306,331,332,338}
Current function value: 6.810638569559962E7
s**********************************************: 5
Current result: {270,271,272,273,301,302,305,333,337,338,339}
Current function value: 6.797717119414376E7
s**********************************************: 6
Current result: {268,269,270,271,272,273,274,301,306,338,339}
Current function value: 6.808570202237603E7
s**********************************************: 7
Current result: {267,268,269,270,298,299,300,302,333,334,335,336,337,338}
Current function value: 6.850994674735802E7
s**********************************************: 8
Current result: {241,269,270,271,273,301,303,304,305,333,337,338,339,371,372,404,436}
Current function value: 6.818917394746682E7
s**********************************************: 9
Current result: {268,273,274,275,300,301,302,303,304,305,307,331,332,337,339,363,371,395,427,458,459,490,522,554,586,616,617,618,648,680,712,744,776,808,840,872,904,934,935,936}
Current function value: 6.880155595511311E7
s**********************************************: 10
Current result: {235,267,269,270,273,274,299,300,301,302,303,304,305,331,332,333,337,363,395,427,459,491,523,555,587,619,650,651,682,714,746,778,810,842,870,874,902,903,906,935,936,937,938}
Current function value: 7.074344277001141E7
s**********************************************: 11
Current result: {237,268,269,270,272,273,300,302,303,304,305,327,328,329,330,331,332,337,359,391,423,455,485,486,487}
Current function value: 6.846412191126207E7
s**********************************************: 12
Current result: {174,175,206,207,237,238,239,240,269,272,273,274,293,294,295,296,297,298,299,300,301,305,323,324,325,337,338,354,355,386}
Current function value: 6.880761340983328E7
s**********************************************: 13
Current result: {236,267,268,269,273,298,299,301,305,328,329,330,333,334,335,336,337,338,358,359,360,389,390,421,453,454,455,487}
Current function value: 6.825634845066282E7
s**********************************************: 14
Current result: {273,296,297,298,299,300,302,303,304,305,328,332,333,334,336,337,338,339,355,356,357,358,359,360,387,419,451,483,484,485}
Current function value: 6.820681634067139E7
s**********************************************: 15
Current result: {268,269,270,300,302,303,304,305,306,307,331,332,337,338,359,360,361,362,363,391,423,455,485,486,487,517,549,581,608,609,610,611,612,613,640,672,704,736,768,800,832}
Current function value: 6.824414670647411E7
sRESULT**********************************************: 
result subgraph is: [270, 271, 272, 273, 301, 302, 305, 333, 337, 338, 339]
------------------------------ test ends --------------------------------
