
------------------------------ test starts ------------------------------ 
s**********************************************: 2
Current result: {328,329,361,393,394}
Current function value: 7.06299027938339E7
s**********************************************: 3
Current result: {328,329,361,393,394,425}
Current function value: 6.98801271577524E7
s**********************************************: 4
Current result: {328,330,331,360,361,362,393}
Current function value: 6.916129688130687E7
s**********************************************: 5
Current result: {358,359,360,361,362,394,426}
Current function value: 6.914349848401095E7
s**********************************************: 6
Current result: {233,265,296,297,328,329,361,363,364,365,366,367,368,369,393,394,395,401,402,403,404,426,436}
Current function value: 6.889725796039134E7
s**********************************************: 7
Current result: {325,328,329,330,331,357,358,359,360,363,394,395,425,426}
Current function value: 6.918933903874624E7
s**********************************************: 8
Current result: {330,331,332,333,334,335,336,337,338,360,362,370,392,393,394,402,403,404,425,426,436}
Current function value: 6.857193180811799E7
s**********************************************: 9
Current result: {233,265,297,302,328,329,330,331,334,361,363,364,365,366,393,425,426,457,489,521,553,585,586}
Current function value: 7.022381657529154E7
s**********************************************: 10
Current result: {233,265,297,323,324,325,326,327,328,329,330,361,362,393,425,457,489,521,553,585,617,649,650}
Current function value: 6.921426130206591E7
s**********************************************: 11
Current result: {265,296,297,328,360,362,363,364,365,366,367,368,369,370,392,393,394,402,426,434,435,436}
Current function value: 6.832090331871809E7
s**********************************************: 12
Current result: {325,326,327,328,329,330,331,332,355,356,357,360,361,364,365,366,367,368,369,370,393,394,402,426,434}
Current function value: 6.899150760470559E7
s**********************************************: 13
Current result: {265,297,301,302,303,329,330,331,332,333,335,353,354,355,356,357,358,359,360,362,363,367,368,369,370,392,393,394,402,426,434}
Current function value: 7.092986348759387E7
s**********************************************: 14
Current result: {299,331,359,360,361,362,363,391,393,421,422,423,425,426,456,457,488,489,521,553,585,611,617,643,644,645,646,647,648,649,675,707,739,771}
Current function value: 6.928102301314084E7
s**********************************************: 15
Current result: {201,202,234,266,298,325,326,327,328,329,330,331,332,333,334,335,336,340,355,356,357,360,362,368,369,370,371,372,387,394,419,426,451,483}
Current function value: 6.85577273222585E7
sRESULT**********************************************: 
result subgraph is: [265, 296, 297, 328, 360, 362, 363, 364, 365, 366, 367, 368, 369, 370, 392, 393, 394, 402, 426, 434, 435, 436]
------------------------------ test ends --------------------------------
