
------------------------------ test starts ------------------------------ 
s**********************************************: 2
Current result: {337,338,339,340,341}
Current function value: 7.056595125809358E7
s**********************************************: 3
Current result: {761,793,794,795,827,828,860}
Current function value: 7.033542198164017E7
s**********************************************: 4
Current result: {662,694,726,727,759,760,761,762,794,795,796,828}
Current function value: 7.01036030251442E7
s**********************************************: 5
Current result: {661,662,663,664,696,728,729,730,762,794,795,827,828,860}
Current function value: 6.894328759885016E7
s**********************************************: 6
Current result: {336,337,338,339,340,363,364,365,366,367,368,372,395,404,436}
Current function value: 6.910770333337072E7
s**********************************************: 7
Current result: {340,341,372,373,404,436,437,469,501,533,565,597,629,661,662,663,664,665,697,729,761,762,794,795,827,828,860,861,893}
Current function value: 7.256982424646792E7
s**********************************************: 8
Current result: {237,238,239,267,268,269,271,299,303,331,335,336,337,340,341,363,369,370,371,372,373,395,405,427,428,429,461}
Current function value: 6.898988136025931E7
s**********************************************: 9
Current result: {340,372,404,436,468,469,501,533,565,596,597,628,629,630,662,663,664,665,666,670,698,702,730,734,762,763,764,765,766,794}
Current function value: 6.97118077086293E7
s**********************************************: 10
Current result: {242,243,275,307,331,332,333,334,335,336,337,338,339,340,363,372,373,374,404,405,437,469,501,533,565,596,597,628}
Current function value: 6.923687848201989E7
s**********************************************: 11
Current result: {332,333,334,335,336,337,338,339,341,353,354,355,356,357,358,359,360,361,362,363,364,371,372,373,395,405,437,469,470,501,502,533,565,566,597,629,630}
Current function value: 7.050683571999747E7
s**********************************************: 12
Current result: {334,335,336,337,338,339,340,363,364,365,366,372,374,404,405,406,436,468,500,532,564,565,597,629,661}
Current function value: 6.914601794696194E7
s**********************************************: 13
Current result: {244,270,271,272,273,274,275,276,299,300,301,302,308,331,339,340,363,364,371,372,373,374,396,397,405,406,429,461}
Current function value: 6.916325653014275E7
s**********************************************: 14
Current result: {372,373,374,404,405,429,430,431,432,433,434,435,436,437,461,469,492,493,501,524,533,556,565,597,628,629,630,661,662}
Current function value: 7.006972891904841E7
s**********************************************: 15
Current result: {333,334,335,336,337,338,339,340,363,364,365,372,404,405,437,469,501,533,565,597,629,631,632,633,634,661,662,663,666,698,730,731,732,764,796,828,860}
Current function value: 7.0474963893601E7
sRESULT**********************************************: 
result subgraph is: [661, 662, 663, 664, 696, 728, 729, 730, 762, 794, 795, 827, 828, 860]
------------------------------ test ends --------------------------------
