
------------------------------ test starts ------------------------------ 
s**********************************************: 2
Current result: {363,364,365,366,398,430}
Current function value: 6.897504885264805E7
s**********************************************: 3
Current result: {366,398,399,400,401,402}
Current function value: 6.863704972558789E7
s**********************************************: 4
Current result: {364,365,366,367,368,369,396,401,402,434}
Current function value: 6.792498820239018E7
s**********************************************: 5
Current result: {363,364,396,402,428,429,430,431,432,433,434}
Current function value: 6.78879487325555E7
s**********************************************: 6
Current result: {395,396,397,398,399,400,401,402,428,429,433,434}
Current function value: 6.791442457063025E7
s**********************************************: 7
Current result: {323,324,325,326,327,328,355,360,361,362,363,364,396,428,429}
Current function value: 6.885830747862932E7
s**********************************************: 8
Current result: {362,363,364,391,392,393,394,396,397,401,402,403,423,429,430,431,432,433}
Current function value: 6.78266489769441E7
s**********************************************: 9
Current result: {331,359,360,361,362,363,366,371,391,395,396,397,398,399,400,401,402,403,422,423,434}
Current function value: 6.792915693535984E7
s**********************************************: 10
Current result: {329,361,366,369,393,394,395,398,399,400,401,402,403,423,424,425,427,428,429,430,434,435,451,452,453,454,455,481,482,483}
Current function value: 6.899631670359112E7
s**********************************************: 11
Current result: {323,324,325,326,327,328,355,360,361,362,363,365,366,367,368,371,387,395,396,397,400,401,402,403,428,433,434}
Current function value: 6.86108455597465E7
s**********************************************: 12
Current result: {327,358,359,360,361,362,363,364,390,396,398,399,400,401,402,422,428,429,430,434,435,453,454,485}
Current function value: 6.807046525439483E7
s**********************************************: 13
Current result: {361,362,363,364,365,366,390,391,392,393,397,398,399,400,401,402,422,429,433,434,454,484,485,486,487,515,516,547,579,611,643,675,707,736,737,738,739,768,800,832,864,896}
Current function value: 6.873285626279998E7
s**********************************************: 14
Current result: {108,140,141,142,143,144,145,146,172,173,204,236,237,238,239,240,272,304,331,334,335,336,363,364,365,366,368,395,396,400,421,422,423,424,425,426,427,428,432,433,453,485}
Current function value: 6.889902707104887E7
s**********************************************: 15
Current result: {329,330,331,360,361,363,369,370,371,392,395,401,403,423,424,427,428,429,430,431,432,433,454,455,461,485,486,517,549,579,580,581,611,643,675,704,705,706,707,736,768}
Current function value: 6.800342156033601E7
sRESULT**********************************************: 
result subgraph is: [362, 363, 364, 391, 392, 393, 394, 396, 397, 401, 402, 403, 423, 429, 430, 431, 432, 433]
------------------------------ test ends --------------------------------
