
------------------------------ test starts ------------------------------ 
s**********************************************: 2
Current result: {393,425,457,489}
Current function value: 7.0077636E7
s**********************************************: 3
Current result: {393,425,455,456,457,489}
Current function value: 6.908722908008446E7
s**********************************************: 4
Current result: {73,74,105,137,169}
Current function value: 7.326342332594104E7
s**********************************************: 5
Current result: {455,456,457,486,487,489,518,550,579,580,581,582,611}
Current function value: 7.028122423363157E7
s**********************************************: 6
Current result: {331,332,362,363,364,365,366,367,368,369,393,394,401,425,433,434,435,457,466,489}
Current function value: 6.843949594459222E7
s**********************************************: 7
Current result: {393,394,422,423,424,425,451,454,457,483,484,485,486}
Current function value: 6.849686879747716E7
s**********************************************: 8
Current result: {352,353,384,385,386,387,388,389,421,422,423,424,425,457,489}
Current function value: 6.880942091357723E7
s**********************************************: 9
Current result: {268,300,323,324,325,326,327,331,332,355,359,360,361,362,363,393,425,457}
Current function value: 6.850150536438878E7
s**********************************************: 10
Current result: {234,235,236,266,268,269,270,271,272,298,304,305,329,330,337,361,369,393,401,402,403,424,425,434,435,457}
Current function value: 6.829488301143141E7
s**********************************************: 11
Current result: {272,304,335,336,363,364,365,366,367,368,369,393,394,395,401,425,433,434,457,466,489,498,530}
Current function value: 6.898092285142209E7
s**********************************************: 12
Current result: {327,329,330,331,332,333,334,335,336,355,356,357,358,359,361,368,369,387,391,392,393,401,425,433,434,435,457,489}
Current function value: 6.860468749118657E7
s**********************************************: 13
Current result: {359,363,364,365,366,367,368,369,391,393,394,395,401,423,425,433,434,453,454,455,456,457,465,466,485,489,498}
Current function value: 6.877567962471458E7
s**********************************************: 14
Current result: {263,268,269,270,271,295,296,297,298,299,300,301,327,333,359,365,366,367,368,369,391,401,402,403,422,423,424,425,435,454,457,486,489,518}
Current function value: 7.037292691113512E7
s**********************************************: 15
Current result: {332,333,334,364,366,367,368,369,393,394,395,396,401,402,403,425,434,435,453,454,455,456,457,485,489,517,549,581,613,643,644,645}
Current function value: 6.855941871911469E7
sRESULT**********************************************: 
result subgraph is: [234, 235, 236, 266, 268, 269, 270, 271, 272, 298, 304, 305, 329, 330, 337, 361, 369, 393, 401, 402, 403, 424, 425, 434, 435, 457]
------------------------------ test ends --------------------------------
