
------------------------------ test starts ------------------------------ 
s**********************************************: 2
Current result: {353,354,355,385}
Current function value: 7.366788765151013E7
s**********************************************: 3
Current result: {270,271,272,273,305,306,338}
Current function value: 6.823861804580507E7
s**********************************************: 4
Current result: {270,301,302,303,304,305,333}
Current function value: 6.845812075461738E7
s**********************************************: 5
Current result: {209,241,269,270,271,272,273,274,306,338}
Current function value: 6.863849341283697E7
s**********************************************: 6
Current result: {269,270,271,272,273,274,301,306,330,331,332,333,362}
Current function value: 6.789895704941945E7
s**********************************************: 7
Current result: {269,270,271,303,304,305,337,338,339,371,403,435,467,468}
Current function value: 6.834215124015865E7
s**********************************************: 8
Current result: {173,174,205,237,269,301,302,303,304,305,306,333,338,365,397,429,461,493,525,557,588,589,620,652,684,716,748,780,812}
Current function value: 6.83825695327553E7
s**********************************************: 9
Current result: {209,241,267,268,269,270,271,272,273,299,302,305,306,330,331,338,362,394}
Current function value: 6.898067710706028E7
s**********************************************: 10
Current result: {268,269,270,271,272,273,299,300,305,325,326,327,328,329,330,331,357,363,388,389,395,420,452,482,483,484,513,514}
Current function value: 6.815383775287272E7
s**********************************************: 11
Current result: {47,79,111,143,175,207,239,269,270,271,272,273,301,305,306,307,339,371,403,435,467,499,531,563,595,627,659,691,692,693,694,695,696,697,729,730,762,763,764,796,828}
Current function value: 6.966005112818342E7
s**********************************************: 12
Current result: {267,268,269,270,271,272,273,294,295,296,297,298,299,300,301,305,324,325,326,333,337,338,339,357,371,389,421,453,483,484,485}
Current function value: 6.898268472725311E7
s**********************************************: 13
Current result: {268,269,270,271,272,273,305,337,338,339,371,372,373,405,437,438,439,440,472,473,505,537,569,601,602,603,635,667,699,731,763,795,827,828,860}
Current function value: 6.842706526270269E7
s**********************************************: 14
Current result: {268,269,270,271,272,273,299,300,301,302,305,325,330,331,333,337,338,355,356,357,358,359,360,361,362,389,390,391,423,455}
Current function value: 6.852618914568844E7
s**********************************************: 15
Current result: {173,174,175,204,205,236,267,268,299,300,301,302,303,304,305,306,325,331,333,338,357,358,359,360,361,362,363,391,395,423,455,487,519,551,552,584,616,648,680,712,744,776,806,807,808,838,840,872,904,905,906}
Current function value: 6.859819286208615E7
sRESULT**********************************************: 
result subgraph is: [269, 270, 271, 272, 273, 274, 301, 306, 330, 331, 332, 333, 362]
------------------------------ test ends --------------------------------
