
------------------------------ test starts ------------------------------ 
s**********************************************: 2
Current result: {270,302,303,304,305}
Current function value: 6.961838540371539E7
s**********************************************: 3
Current result: {269,270,295,296,297,298,299,300,301,327,358,359,390,422,451,452,453,454,482,483}
Current function value: 6.933234163598675E7
s**********************************************: 4
Current result: {269,270,302,303,304,306,336,337,338}
Current function value: 6.797516342571802E7
s**********************************************: 5
Current result: {270,302,303,304,305,306,307,333,334,338,339}
Current function value: 6.809252899570283E7
s**********************************************: 6
Current result: {269,299,300,301,302,303,304,305,306,307,331,339,363,395}
Current function value: 6.805735763703871E7
s**********************************************: 7
Current result: {267,270,271,272,273,299,301,302,305,306,331,332,333,338,363}
Current function value: 6.829800963586468E7
s**********************************************: 8
Current result: {269,270,271,272,301,304,305,306,307,331,332,333,359,360,361,362,363}
Current function value: 6.790704028954968E7
s**********************************************: 9
Current result: {270,271,272,301,302,304,305,306,307,331,332,333,337,338,339,363,371,395,427,459,491,523,555,585,586,587,616,617,648,680,712,744,776,808,839,840,871}
Current function value: 6.890451462729937E7
s**********************************************: 10
Current result: {205,206,207,208,209,237,241,267,269,273,299,300,301,302,305,306,330,331,337,360,361,362,392,424,455,456,486,487,518,550,582,614,646,678,710,742,774,806,838}
Current function value: 6.823029587563145E7
s**********************************************: 11
Current result: {270,271,272,273,274,302,306,338,339,371,403,435,467,468,469,501,502,534,535,567,568,600,601,633,665,697,729,761,762,794,795,796,828}
Current function value: 6.86136980678722E7
s**********************************************: 12
Current result: {173,174,175,205,237,266,269,270,298,299,300,301,302,303,304,305,331,333,337,338,339,359,360,361,362,363}
Current function value: 6.957873267073376E7
s**********************************************: 13
Current result: {269,271,272,273,301,302,303,305,337,338,339,371,403,404,436,468,469,470,502,534,566,567,599,600,601,633,665,697,729,761,762,763,795,827,828,860,861,893}
Current function value: 6.915689758197558E7
s**********************************************: 14
Current result: {273,299,300,301,302,305,331,334,335,336,337,338,339,360,361,362,363,371,389,390,391,392,421,453,454,455,485,487,517}
Current function value: 6.831387055600037E7
s**********************************************: 15
Current result: {205,237,269,270,271,272,273,274,301,306,307,329,330,331,332,333,339,359,360,361,371,391,423,453,454,455,487,519,551,583,615,647,679,711,742,743,774,806,838,870,902}
Current function value: 6.82776473425699E7
sRESULT**********************************************: 
result subgraph is: [269, 270, 271, 272, 301, 304, 305, 306, 307, 331, 332, 333, 359, 360, 361, 362, 363]
------------------------------ test ends --------------------------------
