
------------------------------ test starts ------------------------------ 
s**********************************************: 2
Current result: {363,393,394,395}
Current function value: 6.956142020480533E7
s**********************************************: 3
Current result: {362,363,394,426,427,458}
Current function value: 6.871224993602118E7
s**********************************************: 4
Current result: {362,390,391,392,393,394,422,454}
Current function value: 7.024148059859379E7
s**********************************************: 5
Current result: {361,362,363,392,393,422,423,424,455,487}
Current function value: 6.904557454582341E7
s**********************************************: 6
Current result: {331,361,362,363,393,394,426,455,456,457,458,489,521}
Current function value: 6.863660857645312E7
s**********************************************: 7
Current result: {240,269,270,271,272,300,301,331,332,363,394,395,423,424,425,426,456,458}
Current function value: 6.852576269157147E7
s**********************************************: 8
Current result: {202,232,233,234,264,296,328,360,361,362,363,392,394,425,426,457,489,521,553,585,617}
Current function value: 6.887241184533386E7
s**********************************************: 9
Current result: {361,391,392,393,423,425,426,427,455,458,489,490,521,553,554,586,617,618,649,650}
Current function value: 6.97077956507426E7
s**********************************************: 10
Current result: {265,297,329,361,363,392,393,394,395,424,425,452,453,454,455,456,457,484,489,516,521,547,548,553,579,585,611,617,618,643,650,675,707,739,771}
Current function value: 7.045457467814277E7
s**********************************************: 11
Current result: {235,267,297,299,329,330,331,362,394,422,423,424,425,426,427,457,458,489,521,553,585,613,614,615,616,617}
Current function value: 6.99535466859521E7
s**********************************************: 12
Current result: {362,363,364,365,366,367,368,369,385,386,387,388,389,390,391,392,393,394,421,425,426,427,453,458,485}
Current function value: 6.983111508163881E7
s**********************************************: 13
Current result: {272,304,336,353,361,362,363,364,365,366,367,368,385,392,393,395,417,423,424,427,449,451,452,453,454,455,481,482,483}
Current function value: 6.910052528413373E7
s**********************************************: 14
Current result: {232,264,296,297,298,330,352,353,354,362,385,393,394,417,423,424,425,426,427,449,455,481,482,483,484,485,486,487}
Current function value: 6.862102089047508E7
s**********************************************: 15
Current result: {243,275,307,325,326,327,339,359,360,363,364,365,366,367,368,369,370,371,391,392,394,395,423,424,425,426,458,490,522,554,586,618,650,681,682,713,745,777,809,837,838,839,840,841,870,873,902}
Current function value: 6.943292999196683E7
sRESULT**********************************************: 
result subgraph is: [240, 269, 270, 271, 272, 300, 301, 331, 332, 363, 394, 395, 423, 424, 425, 426, 456, 458]
------------------------------ test ends --------------------------------
