
------------------------------ test starts ------------------------------ 
s**********************************************: 2
Current result: {433,434,435}
Current function value: 6.931581450820409E7
s**********************************************: 3
Current result: {396,397,427,428,429,461}
Current function value: 6.972406277961214E7
s**********************************************: 4
Current result: {364,396,397,398,399,428,429,460}
Current function value: 6.800255794423771E7
s**********************************************: 5
Current result: {325,357,358,389,390,391,392,393,394,395,396,421,428,429,430,453,461,485,517,549,581,613,642,643,644,645}
Current function value: 6.886124299339034E7
s**********************************************: 6
Current result: {368,397,400,401,428,429,430,431,432,433,460,465}
Current function value: 6.775170296577892E7
s**********************************************: 7
Current result: {390,397,402,422,423,424,425,426,427,428,429,430,431,432,433,434,454,460,466}
Current function value: 6.779350849054256E7
s**********************************************: 8
Current result: {237,268,269,301,333,365,397,428,429,430,431,432,433,459,460,489,490,491,521,553,583,584,585,614,615,645,646}
Current function value: 6.820327621092173E7
s**********************************************: 9
Current result: {234,266,298,330,362,394,395,396,397,398,399,400,401,428,433,434,460,461}
Current function value: 6.779646584530489E7
s**********************************************: 10
Current result: {268,299,300,331,363,395,400,401,427,433,457,458,459,460,461,462,463,464,465,489}
Current function value: 6.924031938413362E7
s**********************************************: 11
Current result: {266,267,298,299,331,363,395,424,425,426,427,428,455,456,460,481,482,483,484,485,486,487,513}
Current function value: 6.858763434994557E7
s**********************************************: 12
Current result: {237,238,239,269,301,333,364,365,366,367,368,396,397,400,401,424,425,426,427,428,429,432,459,460}
Current function value: 6.848850339274931E7
s**********************************************: 13
Current result: {389,397,398,399,400,401,421,422,428,429,433,434,448,449,450,451,452,453,454,455,456,457,458,459,460,485,517,549,581,611,612,613,643}
Current function value: 6.799720049775428E7
s**********************************************: 14
Current result: {8,40,72,103,104,135,167,197,198,199,228,229,260,290,291,292,322,324,325,326,327,328,329,330,331,354,363,364,386,396,418,428,450,460,482}
Current function value: 6.875380573912005E7
s**********************************************: 15
Current result: {203,235,267,299,331,363,364,396,428,457,458,459,460,461,482,483,484,485,486,487,488,489,514,546,578,610,642,643}
Current function value: 6.85594916710735E7
sRESULT**********************************************: 
result subgraph is: [368, 397, 400, 401, 428, 429, 430, 431, 432, 433, 460, 465]
------------------------------ test ends --------------------------------
