
------------------------------ test starts ------------------------------ 
s**********************************************: 2
Current result: {336,364,365,366,367,368,369,396}
Current function value: 6.799342622114825E7
s**********************************************: 3
Current result: {333,334,335,336,337,369}
Current function value: 6.854389885265857E7
s**********************************************: 4
Current result: {332,333,334,335,336,337,364,396,397}
Current function value: 6.841129077716519E7
s**********************************************: 5
Current result: {304,305,306,333,334,335,336,338,339,368}
Current function value: 6.803364885923186E7
s**********************************************: 6
Current result: {331,332,333,334,335,336,337,362,363,365,368,397}
Current function value: 6.777892637760982E7
s**********************************************: 7
Current result: {333,334,335,336,337,338,339,362,363,364,365,369,401}
Current function value: 6.77796287501711E7
s**********************************************: 8
Current result: {306,337,338,359,360,361,362,363,364,365,366,367,368,369,390,391,422,453,454,481,482,483,484,485}
Current function value: 6.785897643002394E7
s**********************************************: 9
Current result: {321,322,323,324,325,326,327,328,329,330,331,332,333,334,335,336,337,364,396}
Current function value: 6.82710473431368E7
s**********************************************: 10
Current result: {301,306,332,333,334,335,336,337,338,362,363,364,365,394,397,426,458,490,517,518,519,520,521,522}
Current function value: 6.823129562055294E7
s**********************************************: 11
Current result: {304,305,336,337,359,360,361,362,363,364,367,368,369,391,396,397,398,399,422,423,454,482,483,484,485,486}
Current function value: 6.840261342051196E7
s**********************************************: 12
Current result: {272,304,305,306,332,333,334,335,336,361,362,363,364,393,425,453,457,485,486,487,488,489,517,521}
Current function value: 6.832505073029698E7
s**********************************************: 13
Current result: {304,305,306,325,332,333,334,335,336,338,339,357,358,359,360,361,362,363,364,368,389,396,400,421,432,453,464,496,528,560,592,624,656}
Current function value: 7.011864970589076E7
s**********************************************: 14
Current result: {328,329,330,331,332,333,334,335,336,360,368,369,392,401,424,433,456,465,488,497,512,513,514,515,516,517,518,519,520,529,544,561,593,594,595,627,659,660,661,662,694,695,696,728,729,730}
Current function value: 6.807605051561643E7
s**********************************************: 15
Current result: {139,171,202,203,234,266,267,299,305,324,325,326,327,328,329,330,331,334,335,336,337,355,356,363,365,366,395,396,397,398,399,431,432,433,434,435,436,437,438,439,440,441,464,473,474,475,476,477,478,510,542,573,574,605}
Current function value: 6.834450668257113E7
sRESULT**********************************************: 
result subgraph is: [331, 332, 333, 334, 335, 336, 337, 362, 363, 365, 368, 397]
------------------------------ test ends --------------------------------
