
------------------------------ test starts ------------------------------ 
s**********************************************: 2
Current result: {384,416,417,418}
Current function value: 7.33901004365276E7
s**********************************************: 3
Current result: {424,449,450,451,452,453,454,455,456,481,488}
Current function value: 7.142635250497596E7
s**********************************************: 4
Current result: {391,423,455,487,519,520}
Current function value: 7.261705305806264E7
s**********************************************: 5
Current result: {357,358,359,389,421,450,451,452,453,454,481,482}
Current function value: 7.296828752931847E7
s**********************************************: 6
Current result: {424,425,426,427,454,455,456,486,517,518,549,581,611,612,613,643}
Current function value: 7.062689753087176E7
s**********************************************: 7
Current result: {397,429,455,456,457,458,459,460,461,486,487}
Current function value: 6.94318582886717E7
s**********************************************: 8
Current result: {394,424,425,426,427,428,451,452,453,454,455,456,460,483,485,517}
Current function value: 6.855988232126488E7
s**********************************************: 9
Current result: {360,392,423,424,425,426,427,454,455,459,460,485,486,514,515,516,517,547,579,611}
Current function value: 6.866007797579226E7
s**********************************************: 10
Current result: {106,107,139,140,172,203,204,235,265,266,267,295,296,297,327,359,391,423,424,455,487,517,518,519}
Current function value: 7.141948688150555E7
s**********************************************: 11
Current result: {321,322,323,355,387,392,393,394,419,424,450,451,452,453,454,455,456,480,481,482,487,512}
Current function value: 6.944028835806274E7
s**********************************************: 12
Current result: {225,256,257,288,289,321,323,353,354,355,356,388,389,390,391,423,455,487,518,519,549,550,581,613}
Current function value: 6.996677340225787E7
s**********************************************: 13
Current result: {64,96,128,135,136,137,160,161,166,167,193,194,197,198,226,227,228,229,230,262,294,326,327,359,391,423,453,454,455}
Current function value: 6.952630265053931E7
s**********************************************: 14
Current result: {12,13,14,15,16,48,80,112,144,176,208,240,272,304,336,354,368,385,386,387,400,419,420,421,422,423,424,425,426,427,432,452,453,459,460,461,462,463,464,484,496,516,528,548,560,580,592,612,624,625,626,627,628,629,630,631,632,633,634,635,643,644,667,675,699,700,707,732,733,734,739,766,771}
Current function value: 6.97708016800663E7
s**********************************************: 15
Current result: {325,353,354,355,356,357,358,359,360,361,385,389,393,394,395,396,421,428,429,453,461,483,484,485,515,517,547,579,611,643,644,645,675,676,708,739,740,769,770,771,800,801,832}
Current function value: 6.984780251884939E7
sRESULT**********************************************: 
result subgraph is: [394, 424, 425, 426, 427, 428, 451, 452, 453, 454, 455, 456, 460, 483, 485, 517]
------------------------------ test ends --------------------------------
