
------------------------------ test starts ------------------------------ 
s**********************************************: 2
Current result: {135,167,199,231,263,264,296,328,360,392,424,451,452,453,454,455,456,483,487,488,513,514,515,544,545}
Current function value: 7.187771341698429E7
s**********************************************: 3
Current result: {418,450,481,482,513}
Current function value: 7.304696497886997E7
s**********************************************: 4
Current result: {224,225,256,288,320,352,353,385}
Current function value: 7.150594696045388E7
s**********************************************: 5
Current result: {101,102,103,135,167,199,231,232,233,265}
Current function value: 7.137480736564597E7
s**********************************************: 6
Current result: {201,202,234,235,236,268,300,332,364,394,395,396,422,423,424,425,426,454}
Current function value: 7.157359621443522E7
s**********************************************: 7
Current result: {99,100,101,102,131,134,135,165,166,167,168,197,200}
Current function value: 7.005745149299476E7
s**********************************************: 8
Current result: {326,327,328,329,330,331,358,390,422,449,450,451,452,453,454,481,513,545,577,609,610,642}
Current function value: 7.209178341035585E7
s**********************************************: 9
Current result: {296,297,298,299,300,328,360,392,424,456,457,489,519,520,521,552}
Current function value: 7.121491482072435E7
s**********************************************: 10
Current result: {262,263,264,265,266,267,295,327,352,359,384,388,389,390,391,416,417,418,419,420,421,453}
Current function value: 6.96171384578234E7
s**********************************************: 11
Current result: {196,197,198,199,231,232,233,234,235,236,263,268,295,320,327,352,353,354,359,386,389,390,391,418,419,420,421}
Current function value: 6.956145712640674E7
s**********************************************: 12
Current result: {197,198,199,200,226,227,228,229,232,258,264,265,289,290,297,321,329,353,360,361,385,417,449,481,513,545,546,547,579,611,643}
Current function value: 6.888732876847468E7
s**********************************************: 13
Current result: {69,70,71,72,104,136,168,200,232,264,296,328,360,392,424,453,456,485,488,489,517,518,519,520,521}
Current function value: 7.010825294193205E7
s**********************************************: 14
Current result: {200,232,235,264,265,266,267,297,299,327,328,329,357,358,359,389,421,449,453,481,484,485,513,514,515,516,545}
Current function value: 6.962285249133192E7
s**********************************************: 15
Current result: {330,331,332,362,394,426,458,489,490,515,516,517,518,519,520,521,547,579,611,643,675,704,705,706,707,738,739,740}
Current function value: 7.025513392011377E7
sRESULT**********************************************: 
result subgraph is: [197, 198, 199, 200, 226, 227, 228, 229, 232, 258, 264, 265, 289, 290, 297, 321, 329, 353, 360, 361, 385, 417, 449, 481, 513, 545, 546, 547, 579, 611, 643]
------------------------------ test ends --------------------------------
