
------------------------------ test starts ------------------------------ 
s**********************************************: 2
Current result: {482,483}
Current function value: 7.344160013274609E7
s**********************************************: 3
Current result: {99,130,131}
Current function value: 7.271165193094717E7
s**********************************************: 4
Current result: {611,612,643,675,707}
Current function value: 7.300368184208666E7
s**********************************************: 5
Current result: {99,100,132,164,165,195,196,197,227,259,260}
Current function value: 7.073085232257347E7
s**********************************************: 6
Current result: {449,480,481,512,544,576,608,640,641,673,705,706}
Current function value: 7.342004424478354E7
s**********************************************: 7
Current result: {385,386,387,388,389,416,417,421,453,485}
Current function value: 7.142784805336548E7
s**********************************************: 8
Current result: {106,138,167,168,169,170,199,231,263,295,327,357,358,359}
Current function value: 7.040091327401465E7
s**********************************************: 9
Current result: {299,300,332,359,360,361,362,363,364,389,390,391,416,417,418,419,420,421}
Current function value: 7.001974059596384E7
s**********************************************: 10
Current result: {5,6,37,68,69,101,102,134,135,167,199,231,236,237,238,263,268,295,300,327,328,329,330,331,332,333,334,335,336,337,338,339,357,358,359,360,371,372,373,374,375,376,377,378,379,380,381,389,392,413,421,445,453,477,485,509,517,541,549,573,605,637,669,701,731,733,763,764,765,766,767,795,799,826,827,831,863,895}
Current function value: 6.929660276636821E7
s**********************************************: 11
Current result: {48,79,80,111,143,175,207,236,237,238,239,268,271,300,303,328,329,330,331,332,335,357,358,359,360,367,368,369,370,371,372,373,374,389,406,421,438,453,470,485,486,487,502,515,516,517,519,534,547,566,573,579,598,605,611,630,634,635,636,637,643,662,663,666,675,695,696,697,698,704,705,706,707,730,731,732,764,796,828}
Current function value: 6.874415368761267E7
s**********************************************: 12
Current result: {331,356,357,358,359,360,361,362,363,385,388,392,416,417,419,420,421,449,450,451,453,482,514,546}
Current function value: 6.915518530906998E7
s**********************************************: 13
Current result: {362,363,364,365,366,367,368,400,401,410,411,412,433,434,435,436,437,438,439,440,441,442,444,476,508,540,572,604,636,668,697,698,699,700,731,732,733,765,797}
Current function value: 6.966104158805749E7
s**********************************************: 14
Current result: {392,393,418,421,422,423,424,425,450,451,452,453,457,481,482,483,488,489,515,520,547,579,611,643,675,707,739,740}
Current function value: 7.074740758427091E7
s**********************************************: 15
Current result: {235,236,268,298,299,300,325,328,329,330,357,358,359,360,389,421,448,449,450,451,452,453,484,485,516,517,549,581,613,645,677,709}
Current function value: 7.073452583371124E7
sRESULT**********************************************: 
result subgraph is: [48, 79, 80, 111, 143, 175, 207, 236, 237, 238, 239, 268, 271, 300, 303, 328, 329, 330, 331, 332, 335, 357, 358, 359, 360, 367, 368, 369, 370, 371, 372, 373, 374, 389, 406, 421, 438, 453, 470, 485, 486, 487, 502, 515, 516, 517, 519, 534, 547, 566, 573, 579, 598, 605, 611, 630, 634, 635, 636, 637, 643, 662, 663, 666, 675, 695, 696, 697, 698, 704, 705, 706, 707, 730, 731, 732, 764, 796, 828]
------------------------------ test ends --------------------------------
