
------------------------------ test starts ------------------------------ 
s**********************************************: 2
Current result: {395,425,426,427}
Current function value: 7.143974935436721E7
s**********************************************: 3
Current result: {481,482,483,484,485,517}
Current function value: 7.318713613420561E7
s**********************************************: 4
Current result: {392,393,394,395,423,424,427,428,429,448,449,454,455,481,486,513,514,515,516,517,518}
Current function value: 6.942122133937033E7
s**********************************************: 5
Current result: {391,420,423,452,453,454,455,485,517}
Current function value: 7.206254307770883E7
s**********************************************: 6
Current result: {455,487,488,519,544,545,546,547,548,549,550,551}
Current function value: 7.119679785500365E7
s**********************************************: 7
Current result: {389,392,393,394,395,396,397,421,422,423,424,429,456}
Current function value: 6.935862622804378E7
s**********************************************: 8
Current result: {353,354,355,356,385,388,389,421,422,423,424,425,426,427,453,454,485,517,549,581,613}
Current function value: 7.014728906973077E7
s**********************************************: 9
Current result: {424,425,426,427,455,456,481,482,483,484,485,488,513,517,518,519,520}
Current function value: 6.9712987929594E7
s**********************************************: 10
Current result: {577,609,610,611,612,613,614,615,616,617,643,649,675,707,738,739,771}
Current function value: 7.161922556629153E7
s**********************************************: 11
Current result: {150,182,214,245,246,277,309,341,373,405,437,469,501,502,534,566,567,568,569,570,571,598,603,635,636,637,638,639}
Current function value: 6.995365006794593E7
s**********************************************: 12
Current result: {423,424,425,426,427,428,455,487,519,520,545,551,577,578,579,580,583,584,611,612,613,614,615,643}
Current function value: 6.852926502693014E7
s**********************************************: 13
Current result: {268,298,299,300,329,330,355,361,362,387,388,389,394,395,397,421,422,427,429,454,455,456,457,458,459,460,461}
Current function value: 6.896882971841441E7
s**********************************************: 14
Current result: {203,204,235,267,268,300,330,331,332,359,362,390,391,394,418,419,420,421,422,425,426,454,455,456,457,458,459,460,461,462,463,464,465,497,498,499,500,501,533,534,535,536,537,538,539,540,572,604,636,668,700}
Current function value: 6.917072813756749E7
s**********************************************: 15
Current result: {354,386,393,394,395,403,404,418,424,425,427,428,429,430,431,432,433,434,435,450,454,455,456,481,482,485,486,513,514,515,516,517,518,550,582,614,646}
Current function value: 6.89073624463178E7
sRESULT**********************************************: 
result subgraph is: [423, 424, 425, 426, 427, 428, 455, 487, 519, 520, 545, 551, 577, 578, 579, 580, 583, 584, 611, 612, 613, 614, 615, 643]
------------------------------ test ends --------------------------------
