
------------------------------ test starts ------------------------------ 
s**********************************************: 2
Current result: {398,399,400,401,428,429,430,433}
Current function value: 6.813869413461259E7
s**********************************************: 3
Current result: {397,398,399,400,432,433,434}
Current function value: 6.913753924327102E7
s**********************************************: 4
Current result: {366,398,399,400,401,402,428,429,430}
Current function value: 6.84702023053283E7
s**********************************************: 5
Current result: {235,236,237,267,269,300,301,332,362,364,394,395,396,397,398,399,400,401,428,433}
Current function value: 6.851405375810182E7
s**********************************************: 6
Current result: {267,268,300,332,333,365,396,397,398,399,400,401,428,460}
Current function value: 6.836071461058423E7
s**********************************************: 7
Current result: {236,237,268,269,301,333,365,368,370,397,398,399,400,401,402,433}
Current function value: 6.839994180407864E7
s**********************************************: 8
Current result: {300,301,333,365,368,369,370,396,397,398,399,400,402,428,429,434}
Current function value: 6.855035817322117E7
s**********************************************: 9
Current result: {267,268,299,331,363,395,397,427,429,430,431,432,433,459,460,461,462,465,497,529,561,593,625,657,689}
Current function value: 6.866214408272068E7
s**********************************************: 10
Current result: {232,237,238,264,265,266,267,268,269,270,271,303,304,305,337,369,396,397,398,399,400,401,428}
Current function value: 6.866185014663006E7
s**********************************************: 11
Current result: {237,268,269,301,333,365,397,429,454,455,456,457,458,459,460,461,485,486,513,514,515,516,517}
Current function value: 6.833152366853823E7
s**********************************************: 12
Current result: {172,204,235,236,237,267,269,301,333,334,366,367,368,398,400,401,430,433,434,457,458,459,460,461,462,487,488,489}
Current function value: 6.879580561312896E7
s**********************************************: 13
Current result: {335,365,366,367,395,396,397,401,402,427,428,433,453,454,455,456,457,458,459,460,461,462,463,464,465,483,484,485,514,515}
Current function value: 6.797513620350777E7
s**********************************************: 14
Current result: {235,267,268,299,320,331,332,352,353,354,355,356,357,358,359,360,361,362,363,384,395,396,397,398,399,400,401,416,433,448,480,512}
Current function value: 6.913863769897094E7
s**********************************************: 15
Current result: {235,267,299,331,363,366,369,395,396,397,398,399,400,401,417,418,428,429,450,451,452,453,457,458,459,460,485,486,487,488,489}
Current function value: 6.957722375098726E7
sRESULT**********************************************: 
result subgraph is: [335, 365, 366, 367, 395, 396, 397, 401, 402, 427, 428, 433, 453, 454, 455, 456, 457, 458, 459, 460, 461, 462, 463, 464, 465, 483, 484, 485, 514, 515]
------------------------------ test ends --------------------------------
