
------------------------------ test starts ------------------------------ 
s**********************************************: 2
Current result: {267,299,331,363,395,427,428,460,461}
Current function value: 6.975344353015107E7
s**********************************************: 3
Current result: {235,236,267,299,331,363,395,427,428}
Current function value: 7.0282071923786E7
s**********************************************: 4
Current result: {430,431,432,433,434,460,461,462}
Current function value: 6.933216552541953E7
s**********************************************: 5
Current result: {393,425,426,427,428,457,460,461,462,488,489,513,514,515,516,517,518,519,520,545}
Current function value: 6.87664985371879E7
s**********************************************: 6
Current result: {268,299,300,331,363,395,396,397,398,399,400,401,429,461}
Current function value: 6.861785383414678E7
s**********************************************: 7
Current result: {402,403,404,405,406,407,408,409,410,433,434,442,474,506}
Current function value: 7.018614983202037E7
s**********************************************: 8
Current result: {238,269,270,301,333,334,361,362,366,394,395,396,397,398,399,400,401,427,429,430,433,465}
Current function value: 6.825393315129931E7
s**********************************************: 9
Current result: {228,229,230,231,232,233,260,265,291,292,322,323,354,385,386,417,449,481}
Current function value: 7.082992930449893E7
s**********************************************: 10
Current result: {339,358,371,390,391,392,398,399,400,401,402,403,422,424,425,426,427,428,429,430,434,453,454,485,512,513,514,515,516,517,544}
Current function value: 6.800399303691281E7
s**********************************************: 11
Current result: {401,428,433,434,435,448,457,458,459,460,461,462,463,464,465,466,480,481,482,483,484,485,486,487,488,489}
Current function value: 6.772431385776737E7
s**********************************************: 12
Current result: {362,363,364,365,366,367,368,369,370,371,403,434,435,436,437,438,439,440,441,473,505,537,569,601,633,665,697,698,699,700,732,764}
Current function value: 6.942967718561718E7
s**********************************************: 13
Current result: {235,267,299,330,331,362,363,368,395,397,398,399,400,401,402,403,404,405,406,407,427,428,429,435,436,460,461}
Current function value: 6.920313616751923E7
s**********************************************: 14
Current result: {366,367,368,397,398,400,401,402,427,428,429,434,435,457,458,459,485,486,487,488,489,516,517,547,548,579,611,643,675,705,706,707,736,737,768}
Current function value: 6.919400496086973E7
s**********************************************: 15
Current result: {275,276,307,339,371,403,426,427,428,429,430,431,432,433,434,435,454,455,457,458,486,487,489,519,520,521}
Current function value: 6.842790484798813E7
sRESULT**********************************************: 
result subgraph is: [401, 428, 433, 434, 435, 448, 457, 458, 459, 460, 461, 462, 463, 464, 465, 466, 480, 481, 482, 483, 484, 485, 486, 487, 488, 489]
------------------------------ test ends --------------------------------
