
------------------------------ test starts ------------------------------ 
s**********************************************: 2
Current result: {332,364,396,397}
Current function value: 6.984554348042762E7
s**********************************************: 3
Current result: {305,331,337,363,364,365,366,367,368,369}
Current function value: 6.83377464162856E7
s**********************************************: 4
Current result: {299,331,332,333,363,364,365,396}
Current function value: 6.818789483401632E7
s**********************************************: 5
Current result: {337,338,363,364,365,369,397,398,399,400,401}
Current function value: 6.849105608406618E7
s**********************************************: 6
Current result: {481,482,483,484,485,513,516,517,548,580}
Current function value: 7.257687937141833E7
s**********************************************: 7
Current result: {205,236,237,269,270,301,305,333,336,337,338,364,365,366,367,368,369,397}
Current function value: 6.808655268674293E7
s**********************************************: 8
Current result: {237,268,269,301,331,333,336,337,363,364,365,366,367,368,369,401}
Current function value: 6.83653011951247E7
s**********************************************: 9
Current result: {327,328,329,330,331,332,333,334,335,336,337,338,357,358,359,368,389,421,453,485,513,514,515,516,517}
Current function value: 6.79600410451072E7
s**********************************************: 10
Current result: {305,331,332,333,334,335,336,337,338,339,358,359,360,361,362,363,364,365,369,389,390,401,421,453}
Current function value: 6.873224290646432E7
s**********************************************: 11
Current result: {240,241,267,268,273,299,303,305,306,307,329,330,331,332,333,334,335,336,337,339,357,358,359,360,361,386,387,388,389,418,450}
Current function value: 6.870012231039344E7
s**********************************************: 12
Current result: {301,302,303,304,305,306,323,324,325,326,327,328,329,330,331,332,333,337,338,339,355,357,364,369,389,396,421,453,485}
Current function value: 6.828899013506308E7
s**********************************************: 13
Current result: {192,205,208,224,225,226,237,240,258,268,269,271,272,273,290,300,305,322,323,324,325,332,333,334,335,336,337,357,358,359,360,361,362,363,364,365,390,397}
Current function value: 6.915216628006968E7
s**********************************************: 14
Current result: {236,237,238,239,240,241,267,268,299,331,360,361,362,363,364,365,366,367,368,391,392,396,397,423,455,485,487,517,518,519}
Current function value: 6.854567173192681E7
s**********************************************: 15
Current result: {296,297,298,299,328,331,332,333,360,365,366,367,368,369,390,391,392,401,422,433,453,454,465,485,496,497,517,528,560,592}
Current function value: 6.841023572280006E7
sRESULT**********************************************: 
result subgraph is: [327, 328, 329, 330, 331, 332, 333, 334, 335, 336, 337, 338, 357, 358, 359, 368, 389, 421, 453, 485, 513, 514, 515, 516, 517]
------------------------------ test ends --------------------------------
