
------------------------------ test starts ------------------------------ 
s**********************************************: 2
Current result: {357,389,421,453,485}
Current function value: 7.305922658952823E7
s**********************************************: 3
Current result: {418,419,420,452,483,484}
Current function value: 7.195342637526137E7
s**********************************************: 4
Current result: {80,109,110,111,112}
Current function value: 7.274710553632116E7
s**********************************************: 5
Current result: {300,331,332,357,358,359,360,361,362,363,388,389,418,419,420,450,481,482,513,545,577}
Current function value: 7.145821165356682E7
s**********************************************: 6
Current result: {231,263,295,327,331,357,358,359,360,361,362,363}
Current function value: 7.131418369758013E7
s**********************************************: 7
Current result: {43,69,70,71,75,99,100,101,103,104,105,106,107,131}
Current function value: 7.037505088096902E7
s**********************************************: 8
Current result: {322,353,354,355,387,419,450,451,481,482,483,512,513,544,545,576}
Current function value: 7.217516536579241E7
s**********************************************: 9
Current result: {320,352,353,354,355,356,357,386,387,389,421,453,485,486,487,488,489}
Current function value: 7.112959546586037E7
s**********************************************: 10
Current result: {267,299,331,332,362,363,364,392,393,394,424,456,488,513,514,515,516,517,518,519,520}
Current function value: 7.078704575133301E7
s**********************************************: 11
Current result: {258,259,290,300,322,332,353,354,355,356,357,358,359,360,361,362,363,364,385,386,418}
Current function value: 7.056796772419795E7
s**********************************************: 12
Current result: {99,130,131,162,194,226,258,261,262,263,264,265,289,290,291,292,293,320,321,352,384,385,417,449,481,513,514,545,577,609,641,673,704,705,736,768,800,832,864}
Current function value: 6.996107544013438E7
s**********************************************: 13
Current result: {378,408,409,410,438,439,440,442,470,474,506,538,570,571,572,604,636,668,695,700,727,728,729,730,731,732}
Current function value: 6.88214468271331E7
s**********************************************: 14
Current result: {227,228,229,230,231,258,259,263,266,267,290,295,296,297,298,322,354,385,386,417,449,450,451,481,513,545,577,609,641,673,705}
Current function value: 6.9531728718574E7
s**********************************************: 15
Current result: {131,163,164,165,166,167,168,169,170,171,172,173,174,175,176,177,178,210,211,212,244,276,277,309,341,342,374,406,407,439,440,441,442,474,506,538,570,602,603,634,666,698,727,728,729,730,731,759,763,795,827,859,860}
Current function value: 6.980060617011586E7
sRESULT**********************************************: 
result subgraph is: [378, 408, 409, 410, 438, 439, 440, 442, 470, 474, 506, 538, 570, 571, 572, 604, 636, 668, 695, 700, 727, 728, 729, 730, 731, 732]
------------------------------ test ends --------------------------------
