
------------------------------ test starts ------------------------------ 
s**********************************************: 2
Current result: {325,357,358,359,360,361,362,363}
Current function value: 7.263536119743079E7
s**********************************************: 3
Current result: {616,617,618,648,650,651}
Current function value: 7.30145543528497E7
s**********************************************: 4
Current result: {643,675,704,705,706,707,736}
Current function value: 7.250557192815979E7
s**********************************************: 5
Current result: {357,388,389,418,419,420,449,450,480,481}
Current function value: 7.142256363854551E7
s**********************************************: 6
Current result: {198,199,231,263,264,265,266,267,299,331,332}
Current function value: 7.149715432688658E7
s**********************************************: 7
Current result: {416,417,418,450,482,483,484,485,512,513,514,517,544}
Current function value: 7.134843699050127E7
s**********************************************: 8
Current result: {74,104,105,106,138,170,202,234,266,267,299,330,331,361,362,393}
Current function value: 7.129184605554126E7
s**********************************************: 9
Current result: {353,354,355,356,357,358,360,361,362,363,390,391,392,395,427,459,491,523}
Current function value: 7.164924386494476E7
s**********************************************: 10
Current result: {40,72,104,136,168,196,197,199,200,204,205,206,207,208,209,210,228,229,230,231,232,233,234,235,236,242,260,265,274,292,306,307,324,338,354,355,356,370,371,372,373,385,386,405,406,407,408,409,417,441,442,449,474,480,481,506,512,538,544,570,576,602,608,634,640,641,642,643,666,675,698,707,730,731,732,733,734,739,764,765,766,767,799,831,863,894,895,926}
Current function value: 6.882661416394849E7
s**********************************************: 11
Current result: {12,13,42,43,44,45,46,47,48,49,73,74,81,82,105,114,115,116,136,137,168,200}
Current function value: 7.114314871226817E7
s**********************************************: 12
Current result: {301,318,333,347,348,349,350,365,379,382,396,397,398,399,400,406,407,408,409,410,411,414,427,428,432,433,434,435,436,437,438,446,447,455,456,457,458,459,470,479,487,511,519,543,551,575,583,607,615,639,643,647,671,675,677,678,679,703,704,705,706,707,708,709,735,767}
Current function value: 6.852681293286638E7
s**********************************************: 13
Current result: {448,453,480,481,482,483,484,485,486,512,514,545,546,578,579,610,611,642,673,674,705,737,769,801}
Current function value: 7.05607227126262E7
s**********************************************: 14
Current result: {197,198,226,227,228,229,258,290,322,353,354,385,417,449,481,482,513,545,577,578,579,611,643,675,707,708}
Current function value: 6.930260987330998E7
s**********************************************: 15
Current result: {270,302,334,363,364,365,366,395,397,398,399,400,401,402,403,404,405,406,407,408,409,410,411,425,426,427,443,457,475,476,489,508,540,572,604,605}
Current function value: 6.950172758193439E7
sRESULT**********************************************: 
result subgraph is: [301, 318, 333, 347, 348, 349, 350, 365, 379, 382, 396, 397, 398, 399, 400, 406, 407, 408, 409, 410, 411, 414, 427, 428, 432, 433, 434, 435, 436, 437, 438, 446, 447, 455, 456, 457, 458, 459, 470, 479, 487, 511, 519, 543, 551, 575, 583, 607, 615, 639, 643, 647, 671, 675, 677, 678, 679, 703, 704, 705, 706, 707, 708, 709, 735, 767]
------------------------------ test ends --------------------------------
