
------------------------------ test starts ------------------------------ 
s**********************************************: 2
Current result: {397,429,430,431,432,433,434,435}
Current function value: 6.90893891451583E7
s**********************************************: 3
Current result: {481,482,483,484,485,486}
Current function value: 7.315635537422848E7
s**********************************************: 4
Current result: {424,425,426,427,428,455,456,460,485,486,487,517}
Current function value: 6.990054150149612E7
s**********************************************: 5
Current result: {355,356,387,419,451,452,480,481,482,483,484,485,517}
Current function value: 7.25741653771497E7
s**********************************************: 6
Current result: {328,360,361,362,394,398,426,427,428,429,430,431,432,433}
Current function value: 6.798230329714663E7
s**********************************************: 7
Current result: {428,429,454,455,456,457,458,459,460,486,517,518}
Current function value: 6.891633928058267E7
s**********************************************: 8
Current result: {395,396,397,398,399,400,401,426,427,433,434,435,436,458,490,522,554,586,614,615,616,617,618,645,646}
Current function value: 6.821823210897706E7
s**********************************************: 9
Current result: {268,299,300,323,324,325,326,327,328,329,330,331,355,363,364,387,396,397,398,399,419,431,432,433,451}
Current function value: 6.953526501028977E7
s**********************************************: 10
Current result: {397,401,426,427,428,429,430,431,432,433,457,458,461,485,486,487,488,489,517,549,581,582,614,615,647,679,711,742,743,774}
Current function value: 6.78268644410536E7
s**********************************************: 11
Current result: {340,372,398,399,400,403,404,429,430,432,433,434,435,453,454,455,456,457,458,459,460,461,485}
Current function value: 6.816757416636638E7
s**********************************************: 12
Current result: {235,267,294,295,296,297,298,299,300,301,326,333,334,335,336,353,354,355,356,357,358,368,400,401,402,434,435}
Current function value: 6.874545416781852E7
s**********************************************: 13
Current result: {239,268,269,270,271,300,331,332,363,369,395,399,400,401,402,423,424,425,426,427,428,429,430,431,453,454,455,460,485}
Current function value: 6.843089055415556E7
s**********************************************: 14
Current result: {226,227,228,229,230,231,232,233,234,235,258,267,290,299,322,331,353,354,362,363,385,395,401,417,427,428,433,434,435,448,449,460,461,462,463,464,465,467,480,499,512,531,532,533,534,544,576,577,578,579,611}
Current function value: 6.944545689194044E7
s**********************************************: 15
Current result: {339,360,361,362,363,368,371,392,395,396,397,398,399,400,401,402,403,424,428,429,456,460,461,485,486,487,488,514,515,516,517}
Current function value: 6.921958634096701E7
sRESULT**********************************************: 
result subgraph is: [397, 401, 426, 427, 428, 429, 430, 431, 432, 433, 457, 458, 461, 485, 486, 487, 488, 489, 517, 549, 581, 582, 614, 615, 647, 679, 711, 742, 743, 774]
------------------------------ test ends --------------------------------
