
------------------------------ test starts ------------------------------ 
s**********************************************: 2
Current result: {336,337,369,401}
Current function value: 7.065163261953352E7
s**********************************************: 3
Current result: {332,333,334,335,336,364,396,397}
Current function value: 6.930967790365508E7
s**********************************************: 4
Current result: {333,334,335,336,365,368,369,396,397}
Current function value: 6.787846629126318E7
s**********************************************: 5
Current result: {236,268,269,270,302,306,333,334,335,336,337,338,339,368}
Current function value: 6.815491928813864E7
s**********************************************: 6
Current result: {337,338,362,363,364,368,369,396,397,398,399,400}
Current function value: 6.771333084071325E7
s**********************************************: 7
Current result: {331,333,334,335,336,337,362,363,364,365,368,369,396,397}
Current function value: 6.832402751121347E7
s**********************************************: 8
Current result: {332,333,337,338,356,364,365,366,367,368,369,388,389,390,391,392,393,394,395,396,400,420,432,452,464,484,496,515,516,528,547,560,579,611}
Current function value: 6.844197383894952E7
s**********************************************: 9
Current result: {326,327,328,329,330,333,334,335,336,337,358,362,363,364,365,369,390,401,421,422,453,485,517}
Current function value: 6.78979501748024E7
s**********************************************: 10
Current result: {304,305,306,307,333,334,335,336,339,361,362,363,364,365,393,396,425,454,455,456,457,481,482,483,484,485,486,516,517}
Current function value: 6.842568909687693E7
s**********************************************: 11
Current result: {331,336,337,338,339,363,365,366,367,368,369,371,394,395,396,397,403,404,423,424,425,426}
Current function value: 6.791594738358141E7
s**********************************************: 12
Current result: {334,362,364,365,366,390,391,392,393,394,395,396,397,421,422,453,483,484,485,517,549,581,613}
Current function value: 6.850102733695054E7
s**********************************************: 13
Current result: {299,300,301,302,303,304,305,306,328,329,330,331,337,338,360,363,364,365,369,391,392,401,402,403,404,423,455,485,486,487}
Current function value: 6.831888000269882E7
s**********************************************: 14
Current result: {297,298,304,305,306,329,330,331,332,333,334,335,336,338,339,358,359,360,361,364,365,370,392,397,402,424,434,456,465,466,488,497,529,561,593}
Current function value: 6.873189746938318E7
s**********************************************: 15
Current result: {330,331,332,333,336,337,362,364,365,366,367,368,369,397,400,401,402,403,404,432,436,464,468,469,496,501,528,560,592,624,656,688,689,721,753,784,785,816,848,880,911,912,943,944,945}
Current function value: 6.956103037499896E7
sRESULT**********************************************: 
result subgraph is: [337, 338, 362, 363, 364, 368, 369, 396, 397, 398, 399, 400]
------------------------------ test ends --------------------------------
