
------------------------------ test starts ------------------------------ 
s**********************************************: 2
Current result: {577,609,610,611,643,675,676}
Current function value: 7.304236283355233E7
s**********************************************: 3
Current result: {700,732,733,765,797,798}
Current function value: 7.340212432842155E7
s**********************************************: 4
Current result: {573,605,637,638,670,702,732,734,764,765,766}
Current function value: 7.254822500913072E7
s**********************************************: 5
Current result: {670,700,701,702,703,733,734,764,765,797}
Current function value: 7.378493042379577E7
s**********************************************: 6
Current result: {546,547,577,578,610,642,643,675,707,708,740,772}
Current function value: 7.206901023271E7
s**********************************************: 7
Current result: {539,540,569,570,571,572,573,601,604,636,668,700,732,764,765,766,798,830}
Current function value: 7.137637696415125E7
s**********************************************: 8
Current result: {572,573,602,603,604,635,667,668,669,670,698,699,700,702,730,732}
Current function value: 6.94292256749551E7
s**********************************************: 9
Current result: {195,227,257,258,259,260,261,262,263,289,321,353,384,385,416,448,480,512,544}
Current function value: 7.036346440548034E7
s**********************************************: 10
Current result: {289,290,291,292,324,356,388,420,452,484,516,548,580,610,611,612,642,674,706,737,738}
Current function value: 7.238960874380875E7
s**********************************************: 11
Current result: {350,382,414,446,478,509,510,537,538,539,540,541,573,574,606,607,638,670,701,702,703,732,733,734,764,766}
Current function value: 7.023948151836069E7
s**********************************************: 12
Current result: {514,546,547,578,610,641,642,643,644,673,674,676,705,708,737,769}
Current function value: 7.235745060810629E7
s**********************************************: 13
Current result: {242,274,275,307,339,371,403,435,467,494,495,496,497,498,499,500,501,502,503,504,505,506,507,508,526,540,541,550,551,552,553,554,555,556,557,558,571,572,573,578,582,603,610,614,635,642,643,644,645,646,665,666,667,677,678,697,699,708,709,731,763,764}
Current function value: 6.912531826342721E7
s**********************************************: 14
Current result: {295,325,326,327,357,389,421,453,485,517,549,581,612,613,614,615,616,617,618,619,620,621,622,623,624,625,626,627,628,629,630,631,632,633,634,635,644,667,672,673,674,676,699,706,707,708,731,732,733,765,766,798,830,831,863,895}
Current function value: 7.130306894786556E7
s**********************************************: 15
Current result: {257,289,290,295,296,322,323,324,325,326,327,355,387,388,419,450,451,482,513,514,545,577,608,609,641,642,643,644,674,676,677,678,679,680,681}
Current function value: 6.940255716860479E7
sRESULT**********************************************: 
result subgraph is: [242, 274, 275, 307, 339, 371, 403, 435, 467, 494, 495, 496, 497, 498, 499, 500, 501, 502, 503, 504, 505, 506, 507, 508, 526, 540, 541, 550, 551, 552, 553, 554, 555, 556, 557, 558, 571, 572, 573, 578, 582, 603, 610, 614, 635, 642, 643, 644, 645, 646, 665, 666, 667, 677, 678, 697, 699, 708, 709, 731, 763, 764]
------------------------------ test ends --------------------------------
