
------------------------------ test starts ------------------------------ 
s**********************************************: 2
Current result: {611,642,643,644}
Current function value: 7.349936055832587E7
s**********************************************: 3
Current result: {578,579,580,609,610,612,641,673}
Current function value: 7.32165681402806E7
s**********************************************: 4
Current result: {388,419,420,451,483,513,514,515,545}
Current function value: 7.194769396755174E7
s**********************************************: 5
Current result: {670,699,700,701,702,703,734,735,766,798}
Current function value: 7.292115830964701E7
s**********************************************: 6
Current result: {641,642,643,673,675,704,705,736,737,738,739,771}
Current function value: 7.302115911750671E7
s**********************************************: 7
Current result: {512,513,514,546,578,610,611,641,642,643,673,704,705,736,768,800,832,833}
Current function value: 7.210564019211973E7
s**********************************************: 8
Current result: {700,701,702,703,734,765,766,767,797,799,829,831,862,863,894,895}
Current function value: 7.342640449103774E7
s**********************************************: 9
Current result: {295,323,324,325,326,327,359,391,423}
Current function value: 7.258592273836696E7
s**********************************************: 10
Current result: {300,301,332,362,363,364,394,426,457,458,488,489,520,552,583,584,615,646,647,669,673,674,675,676,677,678,701,702,703,705,708,709,710,732,733,735,737,740,741,742,743,744,745,746,747,748,749,750,751,752,753,754,755,756,757,758,759,760,761,762,763,764,767,769,799,801,831,833,861,862,863,865,897}
Current function value: 7.062703073911737E7
s**********************************************: 11
Current result: {513,514,515,547,579,580,609,610,611,612,641,644,672,673,675,676,704,708,709,736,741,768,800,832}
Current function value: 7.022506354930058E7
s**********************************************: 12
Current result: {393,425,457,488,489,520,549,550,551,552,581,611,612,613,641,642,643,644,674,675,676,706,737,738}
Current function value: 7.1246149368387E7
s**********************************************: 13
Current result: {116,143,144,145,146,147,148,175,207,237,238,239,268,269,298,299,300,330,356,357,358,359,360,361,362,387,388,417,418,419,449,481,513,545,577,608,609}
Current function value: 7.090163661811505E7
s**********************************************: 14
Current result: {289,321,353,385,417,449,481,513,518,545,548,549,550,577,578,579,580,608,609,610,611,612,641,644,676,677,709,741}
Current function value: 7.035483057202913E7
s**********************************************: 15
Current result: {261,262,263,292,293,295,327,359,391,423,424,425,426,427,428,429,430,431,432,433,434,435,436,437,438,439,440,450,451,452,453,454,455,472,473,482,505,514,537,546,569,576,577,578,579,601,602,608,634,635,640,641,667,673,676,699,700,701,705,706,707,708,733,734,766,797,798,830,862,894,926,958,959}
Current function value: 6.97558444021323E7
sRESULT**********************************************: 
result subgraph is: [261, 262, 263, 292, 293, 295, 327, 359, 391, 423, 424, 425, 426, 427, 428, 429, 430, 431, 432, 433, 434, 435, 436, 437, 438, 439, 440, 450, 451, 452, 453, 454, 455, 472, 473, 482, 505, 514, 537, 546, 569, 576, 577, 578, 579, 601, 602, 608, 634, 635, 640, 641, 667, 673, 676, 699, 700, 701, 705, 706, 707, 708, 733, 734, 766, 797, 798, 830, 862, 894, 926, 958, 959]
------------------------------ test ends --------------------------------
