
------------------------------ test starts ------------------------------ 
s**********************************************: 2
Current result: {613,642,643,644,645,672,673,674,704,736}
Current function value: 7.329055042374098E7
s**********************************************: 3
Current result: {736,737,738,768,800,832}
Current function value: 7.353819191323319E7
s**********************************************: 4
Current result: {451,452,453,454,455,483,515,547,579,611,612}
Current function value: 7.221681313556413E7
s**********************************************: 5
Current result: {770,800,801,802,832,864,865,896,897,928}
Current function value: 7.189933167670244E7
s**********************************************: 6
Current result: {666,698,730,731,732,764,796,828,829,830,831,863,895,927}
Current function value: 7.23899524682227E7
s**********************************************: 7
Current result: {389,390,391,392,393,418,419,420,421,425,426,427,450,481,482,513,544,545,576}
Current function value: 7.15283434270219E7
s**********************************************: 8
Current result: {513,514,545,546,578,579,609,610,611,612,613,641,645,677,708,709,740}
Current function value: 7.09767487726035E7
s**********************************************: 9
Current result: {514,546,578,610,611,643,675,707,739,771,803,835,864,865,866,867,896}
Current function value: 7.174693216386424E7
s**********************************************: 10
Current result: {263,294,295,326,358,389,390,419,420,421,451,482,483,514,546,578,579,611}
Current function value: 7.101822941841254E7
s**********************************************: 11
Current result: {353,385,417,418,419,451,483,515,547,579,611,643,675,707,737,739,768,769,770,771,772,800,832}
Current function value: 7.089594592347658E7
s**********************************************: 12
Current result: {109,110,111,112,113,141,145,173,177,178,204,205,210,211,212,213,232,233,234,235,236,264,296,327,328,359,391,423,452,453,454,455,484,516,546,547,548,578,579,609,610,611}
Current function value: 7.04936504807042E7
s**********************************************: 13
Current result: {162,193,194,225,257,289,321,353,385,417,418,419,420,421,449,481,513,545,577,609,610,611,612,644}
Current function value: 7.170570284097642E7
s**********************************************: 14
Current result: {452,453,454,480,481,482,483,484,512,515,547,579,580,581,582,611,614,642,643,646,647,648,672,673,674,704,705,737}
Current function value: 7.00427608282063E7
s**********************************************: 15
Current result: {169,170,196,197,198,199,200,201,228,231,260,292,323,324,352,353,354,355,387,419,451,483,484,516,548,580,581,582,614,643,644,645,646,675}
Current function value: 7.012968507591479E7
sRESULT**********************************************: 
result subgraph is: [452, 453, 454, 480, 481, 482, 483, 484, 512, 515, 547, 579, 580, 581, 582, 611, 614, 642, 643, 646, 647, 648, 672, 673, 674, 704, 705, 737]
------------------------------ test ends --------------------------------
