
------------------------------ test starts ------------------------------ 
s**********************************************: 2
Current result: {546,578,610,642}
Current function value: 7.33774485136191E7
s**********************************************: 3
Current result: {675,707,739,740,741,771}
Current function value: 7.322868245322433E7
s**********************************************: 4
Current result: {731,763,764,765,797,829,830,862,894}
Current function value: 7.305710086249271E7
s**********************************************: 5
Current result: {632,664,665,666,698,730,731,732}
Current function value: 7.181165033067961E7
s**********************************************: 6
Current result: {261,293,294,295,325,355,357,387,388,389,420,452,484,516,545,546,547,548,577,609,641,673,705,706}
Current function value: 7.16881026072325E7
s**********************************************: 7
Current result: {324,325,326,327,328,355,356,387,419,450,451,480,481,482,513,545}
Current function value: 7.04170776546703E7
s**********************************************: 8
Current result: {167,195,196,199,227,231,259,263,291,292,293,294,295}
Current function value: 7.167099267124602E7
s**********************************************: 9
Current result: {293,294,295,325,357,387,388,389,419,451,483,513,514,515,545,577,609,610}
Current function value: 7.239014889565614E7
s**********************************************: 10
Current result: {293,294,295,323,324,325,327,355,359,387,391,419,423,451,483,515,545,546,547,578,610,642,674,675,707,708,709}
Current function value: 7.173547025060305E7
s**********************************************: 11
Current result: {580,609,610,612,641,642,643,644,645,672,673,677,704,709,710,736,742,768,800,832,864,896,897}
Current function value: 7.041379550764768E7
s**********************************************: 12
Current result: {606,630,631,632,633,634,635,636,637,638,667,669,670,699,702,703,730,731,735,762,767,799,831,863,895,927}
Current function value: 6.973133250755768E7
s**********************************************: 13
Current result: {540,572,604,633,634,635,636,637,638,670,671,702,734,735,765,766,767,796,797,799,831,862,863,894,895}
Current function value: 7.091630907051745E7
s**********************************************: 14
Current result: {291,321,322,323,353,385,417,449,481,513,544,545,576,580,608,609,610,611,612,613,614,615,616,617,618,619,620,621,622,623,624,640,641,642,643,656,673,674,688,689,690,691,692,693,694,695,696,697,698,699,700,701,702,734}
Current function value: 7.060550088368516E7
s**********************************************: 15
Current result: {422,423,455,487,515,519,545,547,551,577,578,579,580,583,608,609,610,611,612,613,614,615,641,642,646,673,678,710,741,742}
Current function value: 6.987266534226601E7
sRESULT**********************************************: 
result subgraph is: [606, 630, 631, 632, 633, 634, 635, 636, 637, 638, 667, 669, 670, 699, 702, 703, 730, 731, 735, 762, 767, 799, 831, 863, 895, 927]
------------------------------ test ends --------------------------------
