
------------------------------ test starts ------------------------------ 
s**********************************************: 2
Current result: {959}
Current function value: 7.3728E7
s**********************************************: 3
Current result: {295,296,297,298,299,300,332,364,395,396,423,424,425,426,427,455,487,519,549,550,551,581,612,613,641,642,643,644,673,705}
Current function value: 7.221327417094609E7
s**********************************************: 4
Current result: {545,546,577,609,640,641,672,704}
Current function value: 7.227912845545632E7
s**********************************************: 5
Current result: {666,698,730,731,732,733,734,766,798,830,862}
Current function value: 7.262178803639245E7
s**********************************************: 6
Current result: {578,579,611,612,644,676,706,707,708,738}
Current function value: 7.219685904273121E7
s**********************************************: 7
Current result: {608,609,640,672,704,705,707,736,737,738,739,768,771}
Current function value: 7.152090933242105E7
s**********************************************: 8
Current result: {450,451,452,481,482,484,485,513,545,577,609,610,640,641,672,704,736,768,800}
Current function value: 7.13462551605186E7
s**********************************************: 9
Current result: {205,206,237,268,269,300,332,364,396,423,424,425,426,427,428,455,482,483,486,487,515,516,517,518,547,579,611}
Current function value: 7.162465143220018E7
s**********************************************: 10
Current result: {610,611,640,641,642,674,675,678,707,708,709,710,740,771,772,800,801,802,803}
Current function value: 7.04544549158836E7
s**********************************************: 11
Current result: {177,201,202,203,204,205,206,207,208,209,210,211,212,213,214,215,216,217,233,249,265,281,297,313,329,345,361,377,392,393,409,423,424,441,455,473,486,487,505,506,516,517,518,538,548,570,579,580,602,611,634,643,666,672,675,676,698,704,705,706,707,708,730,731,763,764,796,797,829,861,862,894,926}
Current function value: 6.966015581187136E7
s**********************************************: 12
Current result: {292,293,294,295,324,356,388,420,452,483,484,515,544,545,546,547,576,608,609,610,611,640,641,673}
Current function value: 7.024280545592406E7
s**********************************************: 13
Current result: {197,198,229,261,290,291,292,293,294,295,322,353,354,385,417,449,481,513,545,546,578,610,642,673,674,675}
Current function value: 7.043193385890064E7
s**********************************************: 14
Current result: {143,144,145,177,178,179,211,243,275,307,339,340,341,373,405,406,407,439,471,503,535,567,599,600,601,633,637,665,669,670,697,701,702,729,730,731,732,733,765,797,829,830,831}
Current function value: 7.133701665083306E7
s**********************************************: 15
Current result: {361,393,422,423,425,454,455,456,457,486,518,545,546,547,548,549,550,577,579,608,609,611,640,642,643,672,704,736,768,769}
Current function value: 7.021511216040975E7
sRESULT**********************************************: 
result subgraph is: [177, 201, 202, 203, 204, 205, 206, 207, 208, 209, 210, 211, 212, 213, 214, 215, 216, 217, 233, 249, 265, 281, 297, 313, 329, 345, 361, 377, 392, 393, 409, 423, 424, 441, 455, 473, 486, 487, 505, 506, 516, 517, 518, 538, 548, 570, 579, 580, 602, 611, 634, 643, 666, 672, 675, 676, 698, 704, 705, 706, 707, 708, 730, 731, 763, 764, 796, 797, 829, 861, 862, 894, 926]
------------------------------ test ends --------------------------------
