
------------------------------ test starts ------------------------------ 
s**********************************************: 2
Current result: {141,142,143,144,176}
Current function value: 7.245225277737337E7
s**********************************************: 3
Current result: {140,141,142,143,175,176,208,240,272}
Current function value: 7.340491402259181E7
s**********************************************: 4
Current result: {609,640,641,642,643,672,674,675}
Current function value: 7.345708026505467E7
s**********************************************: 5
Current result: {578,579,611,612,613,644,676,677}
Current function value: 7.270821337727386E7
s**********************************************: 6
Current result: {578,610,611,612,644,676,706,707,708,738,770,800,801,802,832,864,865}
Current function value: 7.145146360836725E7
s**********************************************: 7
Current result: {480,481,512,513,545,577,609,641,642,674,706,707,739,740}
Current function value: 7.28182186747108E7
s**********************************************: 8
Current result: {577,609,611,641,642,643,673,674,675,705,706,707,736,737,768,800,832}
Current function value: 7.258008402281624E7
s**********************************************: 9
Current result: {165,166,167,168,169,170,171,172,173,197,205,206,229,238,261,270,271,272,293,304,305,325,337,338,357,370,389,402,419,420,421,434,450,451,466,467,482,514,546,576,578,608,609,610}
Current function value: 6.936033746364832E7
s**********************************************: 10
Current result: {293,294,295,325,357,387,388,389,418,419,450,480,481,482,512,513,545,576,577,578,610,642,674,706,707,708,738}
Current function value: 7.109796697255707E7
s**********************************************: 11
Current result: {402,434,435,467,499,500,501,533,565,566,567,568,600,632,633,634,666,698,730,731,732,733}
Current function value: 6.905509358000425E7
s**********************************************: 12
Current result: {201,202,203,204,205,206,207,208,209,231,232,233,241,242,263,274,295,306,327,338,359,370,391,401,402,403,423,455,485,486,487,517,549,581,613,645,677,709,740,741,770,771,772,801,802}
Current function value: 7.008887480401336E7
s**********************************************: 13
Current result: {336,337,338,339,340,365,366,367,368,372,391,392,393,394,395,396,397,404,423,436,454,455,468,486,500,517,518,532,533,534,535,536,549,568,581,600,601,602,603,604,607,613,636,637,638,639,641,642,643,644,645,669,673,674,701,706,707,708,709,733,734,735,741,767,799,830,831,863,895}
Current function value: 7.036397488208473E7
s**********************************************: 14
Current result: {172,173,201,202,203,204,205,206,207,208,209,232,233,241,261,262,263,264,273,274,293,306,307,325,339,357,371,389,403,421,435,453,467,468,485,500,501,514,515,516,517,533,546,565,578,597,598,599,600,601,602,603,604,610,636,637,642,669,674,675,676,677,701,733,765,766,797,829,830,862}
Current function value: 6.95377175625482E7
s**********************************************: 15
Current result: {195,196,197,198,199,200,201,202,203,227,259,289,291,321,322,323,355,387,419,451,483,515,546,547,577,578,609,641,673,704,705,706,707,708,709}
Current function value: 6.966138128821872E7
sRESULT**********************************************: 
result subgraph is: [402, 434, 435, 467, 499, 500, 501, 533, 565, 566, 567, 568, 600, 632, 633, 634, 666, 698, 730, 731, 732, 733]
------------------------------ test ends --------------------------------
