
------------------------------ test starts ------------------------------ 
s**********************************************: 2
Current result: {731,732,763,764}
Current function value: 7.351153149066278E7
s**********************************************: 3
Current result: {608,640,672,673,674,675}
Current function value: 7.334276447698058E7
s**********************************************: 4
Current result: {734,766,797,798,830,862,894,895}
Current function value: 7.335865367969781E7
s**********************************************: 5
Current result: {665,697,698,699,700,701,702,734,766,798,830,862,894,895,927}
Current function value: 7.206277957667562E7
s**********************************************: 6
Current result: {549,581,613,645,673,674,675,676,677,678,704,705,736}
Current function value: 7.268266318524612E7
s**********************************************: 7
Current result: {423,455,486,487,518,549,550,579,580,581,608,610,611,640,641,642,673}
Current function value: 7.282365922325213E7
s**********************************************: 8
Current result: {696,728,729,730,731,732,733,764,796,828,860,861,862,894}
Current function value: 7.188982436712267E7
s**********************************************: 9
Current result: {578,609,610,641,642,673,674,706,738,740,741,770,771,772,802}
Current function value: 7.221354333232911E7
s**********************************************: 10
Current result: {397,429,461,462,463,464,465,466,467,468,469,470,471,472,493,504,525,536,556,557,568,588,600,601,620,633,665,697,729,730,731,732,764,765,766,796,798}
Current function value: 6.840376896097094E7
s**********************************************: 11
Current result: {388,389,390,391,392,393,419,420,425,426,427,428,429,430,431,432,433,434,451,483,513,514,515,547,579,611,612,643,674,675,706,738,770,802}
Current function value: 7.134084988143457E7
s**********************************************: 12
Current result: {399,400,401,402,431,434,466,467,499,500,532,533,565,597,629,630,662,694,695,696,697,698,699,700,701,702,734,766,798,830}
Current function value: 6.914094509351242E7
s**********************************************: 13
Current result: {205,237,269,301,333,334,335,336,337,338,339,340,359,360,361,362,363,364,365,372,386,387,388,389,390,391,404,418,436,450,468,469,470,471,482,503,514,535,546,567,578,599,610,631,642,663,664,674,675,696,697,698,699,707,708,731,732,733,765,797,829,830}
Current function value: 7.05537539448301E7
s**********************************************: 14
Current result: {467,468,469,470,502,534,535,536,568,600,632,633,665,666,667,698,699,700,701,702,703,730,735,767,799}
Current function value: 6.980170709364766E7
s**********************************************: 15
Current result: {324,325,326,327,328,329,330,331,332,333,334,335,336,337,338,339,340,341,356,373,374,375,376,387,388,408,419,440,451,472,483,504,505,506,507,515,539,540,547,572,573,578,579,605,611,637,643,669,675,701,707,708,733,765,797,829,861,862}
Current function value: 7.007802434384352E7
sRESULT**********************************************: 
result subgraph is: [397, 429, 461, 462, 463, 464, 465, 466, 467, 468, 469, 470, 471, 472, 493, 504, 525, 536, 556, 557, 568, 588, 600, 601, 620, 633, 665, 697, 729, 730, 731, 732, 764, 765, 766, 796, 798]
------------------------------ test ends --------------------------------
