
------------------------------ test starts ------------------------------ 
s**********************************************: 2
Current result: {636,667,668,699,731}
Current function value: 7.28122189123556E7
s**********************************************: 3
Current result: {610,611,612,643,644,675,707}
Current function value: 7.340685478132501E7
s**********************************************: 4
Current result: {391,422,423,452,453,454,481,482,483,484,514,546,547,579}
Current function value: 7.108623432066405E7
s**********************************************: 5
Current result: {608,609,610,641,642,674,675,706,707,708,709}
Current function value: 7.350305130253606E7
s**********************************************: 6
Current result: {577,578,579,580,581,609,641,673,705,737,769,800,801,832}
Current function value: 7.177373653979419E7
s**********************************************: 7
Current result: {665,666,667,668,669,701,733,765,797,829,830,862,863,894}
Current function value: 7.199800617984699E7
s**********************************************: 8
Current result: {635,636,637,664,667,669,670,696,697,698,699,702,703,734,766,798,830,862,894}
Current function value: 7.044462840314099E7
s**********************************************: 9
Current result: {604,635,636,638,667,668,669,670,700,702,734,766,797,798,830,831,863}
Current function value: 7.103708327735288E7
s**********************************************: 10
Current result: {194,195,225,226,227,228,229,230,258,262,263,290,322,354,386,418,450,482,514,546,578,590,591,592,593,594,595,596,597,598,599,600,601,602,610,611,612,613,614,615,616,617,618,619,620,621,622,634,666,667,699,731,732,733,765,797,829,861,862}
Current function value: 7.106664621331078E7
s**********************************************: 11
Current result: {541,573,574,605,637,638,669,670,671,698,699,700,701,702,703,731,734,766,798,830,831,863}
Current function value: 7.243030655574664E7
s**********************************************: 12
Current result: {291,323,355,387,419,451,482,483,514,546,578,610,641,642,643,644,673,705,737,769,801,833,865,897}
Current function value: 7.214056884813152E7
s**********************************************: 13
Current result: {241,242,243,273,275,301,302,303,304,305,307,308,309,310,311,312,313,314,315,316,327,328,329,330,331,332,333,348,359,380,388,389,390,391,412,420,444,452,476,484,508,516,540,547,548,572,579,604,608,611,636,640,641,643,668,673,674,675,700,707,732,734,739,764,765,766}
Current function value: 7.168391563464363E7
s**********************************************: 14
Current result: {295,327,359,360,392,424,425,457,487,488,489,514,515,516,517,518,519,546,578,609,610,641,643,673,674,675,676,708,709,741}
Current function value: 7.080548361998233E7
s**********************************************: 15
Current result: {193,194,195,225,257,289,321,353,385,417,449,481,482,514,546,578,579,580,581,582,583,609,610,611,641,642,643,672,673,674,704}
Current function value: 6.999201379028237E7
sRESULT**********************************************: 
result subgraph is: [193, 194, 195, 225, 257, 289, 321, 353, 385, 417, 449, 481, 482, 514, 546, 578, 579, 580, 581, 582, 583, 609, 610, 611, 641, 642, 643, 672, 673, 674, 704]
------------------------------ test ends --------------------------------
