
------------------------------ test starts ------------------------------ 
s**********************************************: 2
Current result: {732,764,765,766}
Current function value: 7.370569191824889E7
s**********************************************: 3
Current result: {764,796,797,798,799,830}
Current function value: 7.348052658207239E7
s**********************************************: 4
Current result: {579,580,609,610,611,643,675,707}
Current function value: 7.332058765652964E7
s**********************************************: 5
Current result: {670,702,734,766,798,830,862,894,895,927}
Current function value: 7.320734226519133E7
s**********************************************: 6
Current result: {481,513,545,546,578,610,642,674,706,738,770}
Current function value: 7.295741364088207E7
s**********************************************: 7
Current result: {701,702,734,735,766,767,799,829,830,831,861,862,894}
Current function value: 7.301967503752229E7
s**********************************************: 8
Current result: {634,666,668,698,700,730,731,732,733,734,766,798,799,831,863,895,927}
Current function value: 7.212621154729445E7
s**********************************************: 9
Current result: {260,261,262,291,292,294,326,358,390,420,421,422,423,452,484,516,547,548,579,610,611}
Current function value: 7.147845973057248E7
s**********************************************: 10
Current result: {460,492,521,522,523,524,549,550,551,552,553,580,581,610,611,612,644,676,708,740}
Current function value: 7.06297744779493E7
s**********************************************: 11
Current result: {327,359,388,389,390,391,420,423,452,484,485,517,549,576,579,580,581,608,609,610,611}
Current function value: 7.122874140685743E7
s**********************************************: 12
Current result: {197,198,230,262,294,295,296,297,298,327,330,359,362,372,391,394,395,396,397,398,399,400,401,402,403,404,405,406,423,438,454,455,470,471,486,503,504,505,506,507,508,509,518,541,550,573,582,605,614,637,646,669,674,675,676,677,678,701,706,733,734,738,765,766,797,829}
Current function value: 7.040979512967926E7
s**********************************************: 13
Current result: {418,419,420,421,450,481,482,483,512,513,515,544,547,579,609,610,611,640,641,643,644,675,676}
Current function value: 7.076462809379241E7
s**********************************************: 14
Current result: {450,482,514,546,547,578,579,610,611,642,643,674,675,676,677,678,679,680,681,682,683,684,685,686,687,688,689,690,691,692,693,694,695,696,697,698,699,700,706,732,737,738,764,768,769,796,797,800,829,832,861,862,864,894,895,927}
Current function value: 7.09434017009682E7
s**********************************************: 15
Current result: {196,228,260,292,324,325,357,358,390,422,454,486,518,550,582,583,610,615,642,645,646,647,674,675,676,677,704,705,706,707}
Current function value: 7.168492150561501E7
sRESULT**********************************************: 
result subgraph is: [197, 198, 230, 262, 294, 295, 296, 297, 298, 327, 330, 359, 362, 372, 391, 394, 395, 396, 397, 398, 399, 400, 401, 402, 403, 404, 405, 406, 423, 438, 454, 455, 470, 471, 486, 503, 504, 505, 506, 507, 508, 509, 518, 541, 550, 573, 582, 605, 614, 637, 646, 669, 674, 675, 676, 677, 678, 701, 706, 733, 734, 738, 765, 766, 797, 829]
------------------------------ test ends --------------------------------
