
------------------------------ test starts ------------------------------ 
s**********************************************: 2
Current result: {830,831,862}
Current function value: 7.36676752965058E7
s**********************************************: 3
Current result: {734,766,767,799,831,863,895,927}
Current function value: 7.378387225275466E7
s**********************************************: 4
Current result: {544,545,576,608,640,672,704,736}
Current function value: 7.216608113775775E7
s**********************************************: 5
Current result: {669,701,732,733,765,766,767,799,831,863,895}
Current function value: 7.313655148385212E7
s**********************************************: 6
Current result: {609,641,642,643,675,707,736,737,738,739,771}
Current function value: 7.331422458430092E7
s**********************************************: 7
Current result: {292,293,294,295,321,322,323,324,353,385,417,449,480,481,512,544,576,608,640,672,704}
Current function value: 7.111040351724353E7
s**********************************************: 8
Current result: {420,452,484,516,546,547,548,579,611,643,672,673,674,675,704,736}
Current function value: 7.222859954016113E7
s**********************************************: 9
Current result: {641,643,644,673,674,675,676,677,678,704,705,707,737,739,769,801,833,865}
Current function value: 7.27236681768954E7
s**********************************************: 10
Current result: {261,290,291,292,293,322,354,386,418,450,482,514,546,578,610,642,643,675,676,708}
Current function value: 7.058701207446705E7
s**********************************************: 11
Current result: {598,599,600,603,632,633,635,665,666,667,699,731,763,764,795,796,797,798,799,830,862,863}
Current function value: 7.02803677529292E7
s**********************************************: 12
Current result: {515,547,563,564,565,578,579,580,581,582,583,584,585,586,587,588,589,590,591,592,593,594,595,597,609,610,629,641,661,673,674,675,693,694,707,726,727,728,729,730}
Current function value: 7.05910308043233E7
s**********************************************: 13
Current result: {323,324,355,386,387,418,450,482,512,513,514,544,576,608,640,642,643,672,673,674,705,706,707,739,771,802,803,833,834,865}
Current function value: 6.993542035063767E7
s**********************************************: 14
Current result: {42,43,44,45,46,47,73,74,79,105,111,136,137,143,144,168,176,177,178,179,196,197,198,199,200,211,227,228,243,259,275,291,307,323,339,355,371,372,373,387,405,406,407,419,439,451,471,472,473,474,482,483,506,509,513,514,538,541,545,570,571,572,573,577,605,609,637,640,641,642,643,667,668,669,672,674,675,699,700,705,706,732,733,737,764,765,769,797,801,829,833,865,897}
Current function value: 6.917832464467244E7
s**********************************************: 15
Current result: {419,420,421,422,423,424,425,451,457,458,459,460,461,462,463,483,495,496,514,515,528,546,560,561,578,593,594,595,596,610,628,634,642,660,661,662,663,664,665,666,674,675,698,699,707,731,732,733,765,797,828,829,830,831}
Current function value: 7.045510559698993E7
sRESULT**********************************************: 
result subgraph is: [42, 43, 44, 45, 46, 47, 73, 74, 79, 105, 111, 136, 137, 143, 144, 168, 176, 177, 178, 179, 196, 197, 198, 199, 200, 211, 227, 228, 243, 259, 275, 291, 307, 323, 339, 355, 371, 372, 373, 387, 405, 406, 407, 419, 439, 451, 471, 472, 473, 474, 482, 483, 506, 509, 513, 514, 538, 541, 545, 570, 571, 572, 573, 577, 605, 609, 637, 640, 641, 642, 643, 667, 668, 669, 672, 674, 675, 699, 700, 705, 706, 732, 733, 737, 764, 765, 769, 797, 801, 829, 833, 865, 897]
------------------------------ test ends --------------------------------
