
------------------------------ test starts ------------------------------ 
s**********************************************: 2
Current result: {699,700,732,764}
Current function value: 7.341318935653281E7
s**********************************************: 3
Current result: {480,512,513,545,577,609}
Current function value: 7.327144990833598E7
s**********************************************: 4
Current result: {667,668,669,699,731}
Current function value: 7.320591912163366E7
s**********************************************: 5
Current result: {610,642,673,674,675,676,708,709}
Current function value: 7.280694471523085E7
s**********************************************: 6
Current result: {455,486,487,515,516,517,518,546,547,548,577,578}
Current function value: 7.18387293526695E7
s**********************************************: 7
Current result: {78,79,80,110,112,133,134,135,136,137,138,139,140,141,142,144,165,176,197,208,229,240,260,261,272,292,304,305,306,323,324,336,355,368,387,400,419,432,451,464,465,483,497,498,499,500,501,502,503,504,505,514,515,536,546,568,577,578,600,610,632,642,643,664,675,696,697,698,699,700,732,764,796,797,798,830,862,894,895,927}
Current function value: 6.987904008868597E7
s**********************************************: 8
Current result: {481,513,514,515,516,517,518,519,520,521,522,523,524,525,557,558,559,591,592,593,594,595,596,597,598,599,631,632,633,665,666,667,668,669,701,733,734,766,798,830,831,863}
Current function value: 7.204170827814919E7
s**********************************************: 9
Current result: {197,229,230,231,232,264,296,328,360,391,392,423,451,452,453,454,455,482,483,513,514,545,577,609,641}
Current function value: 7.175733902231036E7
s**********************************************: 10
Current result: {167,199,200,201,230,231,233,234,235,236,262,268,269,293,294,301,302,303,304,305,325,337,357,369,370,389,402,419,420,421,434,450,451,466,467,468,482,500,501,502,503,504,514,536,537,546,569,601,633,665,697,729,761,793,794,795,796,797,829,830,831}
Current function value: 7.032726990421346E7
s**********************************************: 11
Current result: {263,295,327,359,391,423,453,454,455,483,484,485,515,546,547,578,609,610,611,643,675,676}
Current function value: 7.178619463050088E7
s**********************************************: 12
Current result: {263,293,294,295,324,325,355,356,384,385,386,387,416,419,451,483,513,515,545,546,547,548,579,609,610,611}
Current function value: 7.052717847690271E7
s**********************************************: 13
Current result: {481,513,514,515,547,578,579,580,581,608,609,610,611,613,645,677,709,741,773,803,804,805,833,834,835,865}
Current function value: 7.202811860578825E7
s**********************************************: 14
Current result: {251,266,267,268,269,270,271,272,273,274,275,276,277,278,279,280,281,282,283,295,296,297,298,315,325,326,327,347,357,379,389,411,421,443,448,453,475,480,483,484,485,506,507,512,513,514,515,538,544,569,570,576,577,601,609,633,665,697,701,702,703,728,729,735,761,762,767,794,795,796,797,799,829,830,831,863}
Current function value: 7.05290036179597E7
s**********************************************: 15
Current result: {162,163,164,165,166,195,198,230,231,232,263,264,295,327,359,391,423,454,455,485,486,513,517,545,546,548,549,578,579,580}
Current function value: 6.996763610862781E7
sRESULT**********************************************: 
result subgraph is: [78, 79, 80, 110, 112, 133, 134, 135, 136, 137, 138, 139, 140, 141, 142, 144, 165, 176, 197, 208, 229, 240, 260, 261, 272, 292, 304, 305, 306, 323, 324, 336, 355, 368, 387, 400, 419, 432, 451, 464, 465, 483, 497, 498, 499, 500, 501, 502, 503, 504, 505, 514, 515, 536, 546, 568, 577, 578, 600, 610, 632, 642, 643, 664, 675, 696, 697, 698, 699, 700, 732, 764, 796, 797, 798, 830, 862, 894, 895, 927]
------------------------------ test ends --------------------------------
