
------------------------------ test starts ------------------------------ 
s**********************************************: 2
Current result: {579,611,643,675}
Current function value: 7.368530963777365E7
s**********************************************: 3
Current result: {701,702,703,732,733,764}
Current function value: 7.372891218686396E7
s**********************************************: 4
Current result: {764,765,796,799,828,829,830,831}
Current function value: 7.34750234951513E7
s**********************************************: 5
Current result: {576,577,578,608,609,610,641,642,674,705,706}
Current function value: 7.237754189597915E7
s**********************************************: 6
Current result: {573,603,604,605,634,635,667,668,700,732,733,765,766}
Current function value: 7.089978172255653E7
s**********************************************: 7
Current result: {546,547,548,549,578,581,609,610,642,673,674,675,707,739}
Current function value: 7.265176393256584E7
s**********************************************: 8
Current result: {290,291,292,293,294,295,322,354,385,386,417,449,481,482,483,513,545,577}
Current function value: 7.193653654489617E7
s**********************************************: 9
Current result: {663,664,665,666,698,699,700,701,731,733,764,765,795,796,797,829,830,862,863}
Current function value: 7.14534816500432E7
s**********************************************: 10
Current result: {178,179,180,209,210,240,241,263,264,265,266,267,268,269,270,271,272,293,294,295}
Current function value: 7.188506556800449E7
s**********************************************: 11
Current result: {257,289,290,322,354,386,418,450,482,514,546,578,579,610,642,674,705,706,737,769,801,833,864,865,896,928}
Current function value: 7.128230521854708E7
s**********************************************: 12
Current result: {231,232,233,234,235,236,237,238,239,240,241,242,260,261,262,263,274,292,306,324,338,356,370,388,402,403,404,405,420,452,484,512,513,516,544,548,576,580,608,612,640,644,672,674,675,676,704,705,706,738}
Current function value: 7.004635027243425E7
s**********************************************: 13
Current result: {202,203,204,205,206,207,208,209,234,241,266,273,298,305,306,307,329,330,339,340,361,372,393,404,436,468,469,470,502,534,566,598,599,600,601,633,634,666,667,699,731,732,733,734}
Current function value: 7.044422624473935E7
s**********************************************: 14
Current result: {256,288,289,290,291,295,321,327,353,359,385,391,417,423,449,455,481,487,513,514,515,516,517,518,519,545,577}
Current function value: 6.998524438913591E7
s**********************************************: 15
Current result: {292,293,294,295,296,297,298,299,300,301,302,303,304,305,306,324,338,356,369,370,388,401,420,452,482,483,484,514,545,546,577,609,641,673,674,675,705,706,737}
Current function value: 7.055095512338072E7
sRESULT**********************************************: 
result subgraph is: [256, 288, 289, 290, 291, 295, 321, 327, 353, 359, 385, 391, 417, 423, 449, 455, 481, 487, 513, 514, 515, 516, 517, 518, 519, 545, 577]
------------------------------ test ends --------------------------------
