
------------------------------ test starts ------------------------------ 
s**********************************************: 2
Current result: {611}
Current function value: 7.372556679527739E7
s**********************************************: 3
Current result: {733,734,766,798,830,862,863,894,895,927}
Current function value: 7.335240643200655E7
s**********************************************: 4
Current result: {515,546,547,578,609,610,641,673}
Current function value: 7.33034064651002E7
s**********************************************: 5
Current result: {513,545,577,609,610,641,672,673,705,737}
Current function value: 7.290670084574181E7
s**********************************************: 6
Current result: {545,546,547,548,580,611,612,643,674,675,676,708,740,772,804}
Current function value: 7.24632882607961E7
s**********************************************: 7
Current result: {636,668,669,670,702,734,766,798,799,831,862,863,895}
Current function value: 7.239571744779876E7
s**********************************************: 8
Current result: {207,208,237,238,239,240,241,268,269,273,274,275,292,293,294,295,296,297,298,299,300,307,308,322,323,324,340,353,354,372,373,385,405,417,437,449,469,470,471,472,481,504,505,506,507,513,514,539,545,546,571,578,579,603,611,612,635,643,667,675,699,700,701,702,707,731,732,739,740,764,765,797,798,830,862}
Current function value: 6.92396600904072E7
s**********************************************: 9
Current result: {352,384,416,448,480,512,544,576,608,609,610,611,612,613,642,674,675,706,738}
Current function value: 7.118042154720584E7
s**********************************************: 10
Current result: {481,482,514,546,578,610,642,673,674,675,678,679,707,708,709,710,740,770,771,772,801,802}
Current function value: 7.07266670650262E7
s**********************************************: 11
Current result: {389,419,420,421,451,483,515,547,579,608,609,610,611,642,643,675,707,708,709,710,711,712}
Current function value: 7.103217534958886E7
s**********************************************: 12
Current result: {423,455,487,519,547,551,578,579,580,581,582,583,584,585,586,587,588,589,590,591,592,593,594,595,596,597,598,599,600,610,632,641,642,664,673,696,705,728,729,730,731,732,733,734}
Current function value: 6.986166262625854E7
s**********************************************: 13
Current result: {295,327,359,391,420,421,422,423,452,484,513,514,515,516,545,577,609,641,642,643,675,676,677,707,708,739}
Current function value: 7.009819491575664E7
s**********************************************: 14
Current result: {295,327,359,391,423,455,487,489,490,515,516,517,518,519,520,521,547,579,609,611,641,643,672,673,675,704,707,736,737,738,739,740,741}
Current function value: 7.053785906804144E7
s**********************************************: 15
Current result: {266,267,268,269,270,271,272,273,274,275,276,277,298,309,324,325,326,327,328,329,330,341,356,373,387,388,405,406,407,417,418,419,439,440,449,472,481,504,513,536,545,568,577,600,609,632,641,664,670,673,674,675,696,697,698,699,700,701,702,703,707,735,738,739,765,766,767,769,770,797,798,801,833}
Current function value: 6.990767734531331E7
sRESULT**********************************************: 
result subgraph is: [207, 208, 237, 238, 239, 240, 241, 268, 269, 273, 274, 275, 292, 293, 294, 295, 296, 297, 298, 299, 300, 307, 308, 322, 323, 324, 340, 353, 354, 372, 373, 385, 405, 417, 437, 449, 469, 470, 471, 472, 481, 504, 505, 506, 507, 513, 514, 539, 545, 546, 571, 578, 579, 603, 611, 612, 635, 643, 667, 675, 699, 700, 701, 702, 707, 731, 732, 739, 740, 764, 765, 797, 798, 830, 862]
------------------------------ test ends --------------------------------
