
------------------------------ test starts ------------------------------ 
s**********************************************: 2
Current result: {642,643,675,707}
Current function value: 7.317659772545636E7
s**********************************************: 3
Current result: {733,764,765,797,829}
Current function value: 7.331631850646311E7
s**********************************************: 4
Current result: {669,700,701,702,733,765,797,829}
Current function value: 7.311890662909226E7
s**********************************************: 5
Current result: {387,419,451,483,514,515,546,578,610,611}
Current function value: 7.211682956397709E7
s**********************************************: 6
Current result: {196,228,260,289,290,291,292,321,353,385,417,449,481,513}
Current function value: 7.228855179148759E7
s**********************************************: 7
Current result: {640,672,673,674,706,707,709,710,711,739,740,741}
Current function value: 7.22576903156585E7
s**********************************************: 8
Current result: {293,325,326,327,359,391,423,455,486,487,518,550,582,614,646,675,676,677,678,707,739,771}
Current function value: 7.043782342305198E7
s**********************************************: 9
Current result: {637,664,665,666,667,668,669,700,701,733,764,765,797,829,830,831,862}
Current function value: 7.127016848437913E7
s**********************************************: 10
Current result: {419,451,452,453,454,484,516,548,579,580,611,642,643,674,705,706,707,737,769,801,833}
Current function value: 7.134897110741559E7
s**********************************************: 11
Current result: {170,171,172,173,174,175,176,177,178,200,201,202,210,211,212,213,231,232,245,246,261,262,263,278,293,295,310,327,342,359,374,375,376,391,408,423,440,455,472,487,504,519,536,549,550,551,567,568,569,570,577,578,579,580,581,599,602,603,604,636,637,669}
Current function value: 7.032679122912847E7
s**********************************************: 12
Current result: {385,417,449,450,451,483,514,515,546,578,579,610,642,673,674,675,676,677,678,704,705,736,768,800}
Current function value: 7.079011965555601E7
s**********************************************: 13
Current result: {295,327,359,391,423,454,455,481,482,483,484,485,486,512,513,544,576,608,640,672,704,736,737,738,770,771}
Current function value: 7.076955352658345E7
s**********************************************: 14
Current result: {167,199,231,260,261,262,263,292,324,356,388,420,421,453,485,517,545,546,547,548,549,550,577,609,641,672,673,704}
Current function value: 7.060189524002194E7
s**********************************************: 15
Current result: {245,246,270,271,272,273,274,275,276,277,278,296,297,298,299,300,301,302,310,311,328,343,359,360,375,391,407,423,438,439,440,451,452,453,454,455,472,482,483,504,514,536,537,538,539,540,546,569,572,573,577,578,600,601,605,606,610,611,632,638,643,664,675,676}
Current function value: 6.967115147907102E7
sRESULT**********************************************: 
result subgraph is: [245, 246, 270, 271, 272, 273, 274, 275, 276, 277, 278, 296, 297, 298, 299, 300, 301, 302, 310, 311, 328, 343, 359, 360, 375, 391, 407, 423, 438, 439, 440, 451, 452, 453, 454, 455, 472, 482, 483, 504, 514, 536, 537, 538, 539, 540, 546, 569, 572, 573, 577, 578, 600, 601, 605, 606, 610, 611, 632, 638, 643, 664, 675, 676]
------------------------------ test ends --------------------------------
