
------------------------------ test starts ------------------------------ 
s**********************************************: 2
Current result: {514,545,546,577}
Current function value: 7.3728E7
s**********************************************: 3
Current result: {481,482,513,545,577,578,579,611,643,675}
Current function value: 7.327476353292923E7
s**********************************************: 4
Current result: {764,765,796,797,798,828,829,830}
Current function value: 7.361576131799279E7
s**********************************************: 5
Current result: {169,170,171,200,201,203,204,205,206,207,208,209,241,272,273}
Current function value: 7.169897438902955E7
s**********************************************: 6
Current result: {697,698,699,731,732,733,734,735,764,796,797,829}
Current function value: 7.292995748383781E7
s**********************************************: 7
Current result: {513,514,515,516,517,545,577,578,610,611,642,674,706,738,770,802,832,833,834}
Current function value: 7.27643790366823E7
s**********************************************: 8
Current result: {142,143,174,206,232,233,234,235,236,237,238,239,240,241,264,273,274,296,306,328,338,339,340,341,359,360,373,374,391,406,407,423,439,455,471,472,482,483,487,504,515,516,517,518,519,536,548,568,569,571,601,602,603}
Current function value: 6.971985737588486E7
s**********************************************: 9
Current result: {256,288,289,290,322,354,386,418,450,451,481,482,483,513,514,545,576,577,578,579}
Current function value: 7.152883148574312E7
s**********************************************: 10
Current result: {633,634,635,636,665,668,697,700,701,732,733,764,796,828,829,830,862,894}
Current function value: 7.24218791989985E7
s**********************************************: 11
Current result: {171,172,173,174,175,203,207,229,230,231,232,233,234,235,239,260,261,271,291,292,303,323,335,354,355,367,386,399,400,401,418,433,434,450,466,467,468,469,470,482,502,513,514,534,535,536,537,538,539,540,545,572,573,577,605,609,610,611,612,637,641,669,673,701,705,733,737,764,765,766,769,796,798,801,830,833,862,863,865}
Current function value: 7.06560945064496E7
s**********************************************: 12
Current result: {535,540,567,570,571,572,577,578,579,580,581,582,583,584,585,586,587,588,589,590,591,592,593,594,595,596,597,598,599,600,601,602,610,633,634,642,666,674,698,706,730,738,762,763,764,765,766,770,796,798,802,830}
Current function value: 7.03646235816443E7
s**********************************************: 13
Current result: {200,232,264,296,327,328,359,391,423,453,454,455,482,483,484,485,514,544,545,546,578,579,611,612,644,676,708,740,769,770,771,772,801,833,865,896,897}
Current function value: 6.985123562319908E7
s**********************************************: 14
Current result: {245,246,278,310,342,374,406,438,440,470,471,472,504,536,537,569,601,602,634,635,667,668,699,700,701,702,731,734,766,796,798,828,830,860,861,862,893}
Current function value: 7.063240719634894E7
s**********************************************: 15
Current result: {263,264,265,266,267,268,269,270,271,272,273,274,275,276,292,293,294,295,308,309,324,341,356,373,388,405,419,420,437,451,468,469,483,501,513,514,515,533,545,565,566,567,577,599,609,631,663,695,696,697,698,699,731,732,764}
Current function value: 6.929171140078606E7
sRESULT**********************************************: 
result subgraph is: [263, 264, 265, 266, 267, 268, 269, 270, 271, 272, 273, 274, 275, 276, 292, 293, 294, 295, 308, 309, 324, 341, 356, 373, 388, 405, 419, 420, 437, 451, 468, 469, 483, 501, 513, 514, 515, 533, 545, 565, 566, 567, 577, 599, 609, 631, 663, 695, 696, 697, 698, 699, 731, 732, 764]
------------------------------ test ends --------------------------------
