
------------------------------ test starts ------------------------------ 
s**********************************************: 2
Current result: {832,833}
Current function value: 7.228813203733882E7
s**********************************************: 3
Current result: {668,669,670,700,732,733,765}
Current function value: 7.354630735161725E7
s**********************************************: 4
Current result: {481,513,545,577,608,609,640,672,704}
Current function value: 7.30824782910115E7
s**********************************************: 5
Current result: {635,667,668,669,701,702,703,732,733,764}
Current function value: 7.257599857103533E7
s**********************************************: 6
Current result: {169,200,201,232,264,292,293,294,295,296,327}
Current function value: 7.176868775374575E7
s**********************************************: 7
Current result: {669,699,700,701,702,703,734,766,798,829,830,831,862,863}
Current function value: 7.276006049343339E7
s**********************************************: 8
Current result: {548,580,610,612,641,642,643,644,645,673,674,677,678,708,709,740}
Current function value: 7.222495881301054E7
s**********************************************: 9
Current result: {480,481,482,512,513,514,545,577,609,611,641,642,643,673,675,707,739}
Current function value: 7.048695941902876E7
s**********************************************: 10
Current result: {259,260,261,262,263,289,290,291,295,321,327,328,353,360,361,362,385,394,395,396,397,398,417,430,449,450,462,463,464,465,466,467,468,469,470,471,482,503,514,535,536,546,568,569,577,578,601,602,608,609,633,634,640,644,665,672,673,674,675,676,697,698,704,730,731,732,736,764,765,766,768,800,801,833,865}
Current function value: 6.92525576444569E7
s**********************************************: 11
Current result: {425,426,427,428,429,430,431,432,433,434,457,466,488,489,498,499,500,501,502,503,504,505,506,507,508,509,520,541,547,548,549,550,551,552,573,605,637,638,670,700,701,702,730,731,732,733,763,765,797,829,830,862}
Current function value: 7.086748376381171E7
s**********************************************: 12
Current result: {295,325,326,327,357,389,421,422,454,483,484,485,486,513,514,515,545,577,609,610,641,642,643,673,674}
Current function value: 7.100798242297731E7
s**********************************************: 13
Current result: {232,263,264,291,292,293,294,295,321,322,323,326,358,390,422,454,486,518,548,549,550,551,552,553,554,555,556,557,558,559,560,561,562,579,580,594,611,626,627,643,659,660,661,662,663,664,665,666,667,668,669,675,700,701,707,708,732,764,765,766}
Current function value: 7.057853644549447E7
s**********************************************: 14
Current result: {323,324,355,386,387,418,450,482,513,514,545,548,577,580,609,611,612,613,614,641,643,644,673,674,675,676,708,740,772}
Current function value: 7.074623017645235E7
s**********************************************: 15
Current result: {129,130,131,161,163,164,165,193,224,225,256,288,291,320,321,322,323,352,384,416,448,480,512,513,514,544,576,608,609,610,640,672,704,736,768,800,832,864}
Current function value: 6.849728643864304E7
sRESULT**********************************************: 
result subgraph is: [129, 130, 131, 161, 163, 164, 165, 193, 224, 225, 256, 288, 291, 320, 321, 322, 323, 352, 384, 416, 448, 480, 512, 513, 514, 544, 576, 608, 609, 610, 640, 672, 704, 736, 768, 800, 832, 864]
------------------------------ test ends --------------------------------
