
------------------------------ test starts ------------------------------ 
s**********************************************: 2
Current result: {239,240,271,303}
Current function value: 7.20068476202955E7
s**********************************************: 3
Current result: {451,452,453,454,455,456,457,483}
Current function value: 7.320662265657496E7
s**********************************************: 4
Current result: {321,353,354,355,356,357,389,420,421}
Current function value: 7.286394113008425E7
s**********************************************: 5
Current result: {737,738,739,740,741,769}
Current function value: 7.18195865322398E7
s**********************************************: 6
Current result: {323,324,356,388,419,420,451,483}
Current function value: 7.291660784173587E7
s**********************************************: 7
Current result: {329,357,358,359,360,361,389,420,421,449,450,451,452,481}
Current function value: 7.105298633200026E7
s**********************************************: 8
Current result: {449,450,451,452,481,513,545,577,609,610,611,612,613,643,645}
Current function value: 7.116197211028814E7
s**********************************************: 9
Current result: {355,387,419,451,452,483,484,485,517,549,581,613,643,644,645,646,647}
Current function value: 7.196275774533781E7
s**********************************************: 10
Current result: {361,393,425,453,454,455,456,457,458,482,483,484,485,513,514,545,577,609,641}
Current function value: 7.068547004583195E7
s**********************************************: 11
Current result: {205,237,267,268,269,297,298,299,301,323,324,325,326,327,328,329,333,365,372,397,404,429,435,436,461,467,493,494,495,496,499,528,529,530,531}
Current function value: 6.934298650897266E7
s**********************************************: 12
Current result: {357,388,389,390,419,420,422,423,424,425,451,483,515,547,579,610,611,612,613,642,643,645}
Current function value: 7.061085643785451E7
s**********************************************: 13
Current result: {99,100,101,131,163,195,227,259,291,323,354,355,386,418,450,451,483,513,514,515,545,577,609,641,642,643}
Current function value: 7.010571638584131E7
s**********************************************: 14
Current result: {272,273,274,275,300,301,302,303,304,307,325,326,327,328,329,330,331,332,339,357,371,389,403,404,421,434,435,453,466,485,498,515,516,517,547,579,611,643}
Current function value: 6.834407919088633E7
s**********************************************: 15
Current result: {208,238,239,240,241,242,274,306,338,370,402,434,466,498,529,530,562,594,626,627,628,660,692,724,725,726,727,728,729,730,731,763,795,827,828,829,861,893}
Current function value: 7.026885646534236E7
sRESULT**********************************************: 
result subgraph is: [272, 273, 274, 275, 300, 301, 302, 303, 304, 307, 325, 326, 327, 328, 329, 330, 331, 332, 339, 357, 371, 389, 403, 404, 421, 434, 435, 453, 466, 485, 498, 515, 516, 517, 547, 579, 611, 643]
------------------------------ test ends --------------------------------
