
------------------------------ test starts ------------------------------ 
s**********************************************: 2
Current result: {707,739}
Current function value: 7.372652509896593E7
s**********************************************: 3
Current result: {363,364,365,395,424,425,426,427,455,456,487,518,519}
Current function value: 7.137465275998294E7
s**********************************************: 4
Current result: {363,395,396,397,398,399,400,401,402,434,466,467,468,500,501,502}
Current function value: 6.835049500853945E7
s**********************************************: 5
Current result: {269,270,271,301,333,334,366,397,398,429}
Current function value: 7.101723382192586E7
s**********************************************: 6
Current result: {271,303,335,367,368,369,401,433,434,435}
Current function value: 7.068379413227749E7
s**********************************************: 7
Current result: {268,300,325,332,333,334,357,358,359,360,364,366,392,393,394,395,396,427,459,491,521,522,523,553,585,617}
Current function value: 6.978546442649691E7
s**********************************************: 8
Current result: {366,398,418,419,420,421,422,423,424,425,426,427,428,429,430,431,432,450,464,465,466,467,480,481,482,512,544,576,608,640,672,704,736,737,738,739,740,741,742,768,800}
Current function value: 6.961748344113295E7
s**********************************************: 9
Current result: {429,435,459,460,461,462,463,464,465,466,467,468,469,470,491,521,522,523,553,585,616,617,648,679,680,711,739,740,741,742,743}
Current function value: 6.779433285179204E7
s**********************************************: 10
Current result: {238,239,270,271,272,273,302,331,332,333,334,363,395,427,428,429}
Current function value: 6.955396647362706E7
s**********************************************: 11
Current result: {270,300,301,302,332,364,396,428,434,438,460,461,462,463,464,465,466,467,468,469,470,498}
Current function value: 6.786256315628867E7
s**********************************************: 12
Current result: {240,241,272,302,303,304,305,306,307,308,309,333,334,335,341,373,405,434,435,436,437,438,466,467,470,498}
Current function value: 6.784367166649252E7
s**********************************************: 13
Current result: {333,334,335,336,363,364,365,368,395,400,401,423,424,425,426,427,433,434,435,453,454,455,466,483,484,485,498,517}
Current function value: 6.81007433330914E7
s**********************************************: 14
Current result: {270,271,272,273,274,303,323,324,325,326,327,328,329,335,353,354,355,359,361,362,363,364,365,366,367,385,395}
Current function value: 6.922876060156421E7
s**********************************************: 15
Current result: {352,353,354,355,356,357,358,359,360,361,362,363,385,395,396,397,417,427,449,481,513,545,577,578,579,611,643,675,707,739,771,802,803,832,833,834,864}
Current function value: 6.945721730879427E7
sRESULT**********************************************: 
result subgraph is: [429, 435, 459, 460, 461, 462, 463, 464, 465, 466, 467, 468, 469, 470, 491, 521, 522, 523, 553, 585, 616, 617, 648, 679, 680, 711, 739, 740, 741, 742, 743]
------------------------------ test ends --------------------------------
