
------------------------------ test starts ------------------------------ 
s**********************************************: 2
Current result: {495,496,497,498,499,500}
Current function value: 6.841503367252126E7
s**********************************************: 3
Current result: {430,431,462,494,495,526}
Current function value: 6.835916067787206E7
s**********************************************: 4
Current result: {207,208,209,238,239,270,302,334,366,398,399,431,461,463,493,494,495,526}
Current function value: 6.787375065615857E7
s**********************************************: 5
Current result: {359,360,392,393,394,395,396,428,429,430,431,463,495}
Current function value: 6.904557212514421E7
s**********************************************: 6
Current result: {453,485,486,487,488,489,490,491,492,493,494,495}
Current function value: 6.921548112626526E7
s**********************************************: 7
Current result: {238,239,240,241,242,243,270,275,301,302,307,339,371,403,435,467,499,500,531}
Current function value: 6.950821164768603E7
s**********************************************: 8
Current result: {435,451,452,453,454,455,456,457,458,467,490,491,492,493,494,495,496,497,498,499}
Current function value: 6.785521681675997E7
s**********************************************: 9
Current result: {461,490,491,492,493,494,495,496,497,498,499,500,521,522,531,553,585,611,612,613,614,615,616,617,643,675,707,739}
Current function value: 6.784865964682932E7
s**********************************************: 10
Current result: {462,463,464,465,466,490,491,492,493,494,498,499,500,522,529,530,531,553,554,561,585,593,617,625}
Current function value: 6.841943910594898E7
s**********************************************: 11
Current result: {433,463,464,465,466,493,494,495,498,524,525,526,556,588,620,645,646,647,648,649,650,651,652}
Current function value: 6.799115341323064E7
s**********************************************: 12
Current result: {435,453,467,485,486,487,488,489,490,491,492,493,494,495,496,497,498,499,517,531,549,581,613,614,615,647}
Current function value: 6.82300291453695E7
s**********************************************: 13
Current result: {494,495,496,497,498,499,500,526,532,564,596,597,629,661,693,725,757,761,789,790,791,792,793,794,795,827,859}
Current function value: 6.94438884543243E7
s**********************************************: 14
Current result: {405,430,431,437,462,469,494,495,496,497,498,499,500,501,530,532,561,562,593,625,657,658,659,660,692,693,725,757,759,760,761,789,790,791}
Current function value: 6.89523929188335E7
s**********************************************: 15
Current result: {207,208,209,210,242,243,275,276,308,327,340,353,354,355,356,357,358,359,360,361,362,363,364,365,372,397,404,405,429,435,436,437,461,467,493,496,497,498,499,525,526,527,528}
Current function value: 6.817240234940885E7
sRESULT**********************************************: 
result subgraph is: [461, 490, 491, 492, 493, 494, 495, 496, 497, 498, 499, 500, 521, 522, 531, 553, 585, 611, 612, 613, 614, 615, 616, 617, 643, 675, 707, 739]
------------------------------ test ends --------------------------------
