
------------------------------ test starts ------------------------------ 
s**********************************************: 2
Current result: {234,235,236,268,269,270,302}
Current function value: 7.199531234171388E7
s**********************************************: 3
Current result: {575,607,636,637,638,639}
Current function value: 7.319182764300275E7
s**********************************************: 4
Current result: {238,270,271,272,273}
Current function value: 7.252605621430823E7
s**********************************************: 5
Current result: {234,235,236,266,268,300,332,333,334}
Current function value: 7.192988634007372E7
s**********************************************: 6
Current result: {258,259,260,261,265,266,293,294,295,296,297,329,361,393,425,456,457,488}
Current function value: 7.103921419349271E7
s**********************************************: 7
Current result: {238,267,268,269,270,299,331,357,363,389,395,421,422,423,424,425,426,427,459,491,492}
Current function value: 6.959599103412364E7
s**********************************************: 8
Current result: {70,71,72,73,74,102,106,107,133,134,139,165,171,197,203,204,205,229,237,238,239,240,261,272,293,304,305,306,325,357,358,390,391,423,455,456,483,484,485,486,487,488,515,547,579,611}
Current function value: 6.975086444733128E7
s**********************************************: 9
Current result: {201,232,233,264,296,297,298,299,300,301,302,303,328,360,392,424,456,488}
Current function value: 7.075521253961784E7
s**********************************************: 10
Current result: {233,265,266,267,268,269,270,271,272,297,304,328,329,336,337,360,369,392,424,453,454,455,456,485}
Current function value: 7.015127120371047E7
s**********************************************: 11
Current result: {264,265,266,267,268,269,270,271,272,273,296,305,328,337,338,357,358,359,360,370,392,402,423,424,434,455,466,487,498,530,562,563,595,627,628,639,660,661,670,671,693,694,695,702,727,731,732,733,734,759,760,761,762,763}
Current function value: 6.839912384967147E7
s**********************************************: 12
Current result: {298,299,325,326,327,328,329,330,357,389,421,453,481,482,483,485,515,516,517}
Current function value: 7.146952098211765E7
s**********************************************: 13
Current result: {202,203,204,205,206,207,234,239,265,266,271,296,297,303,304,305,306,307,328,339,355,356,357,358,359,360,371,387,403,419,435,451,483,515,547,579,609,611,641,642,643}
Current function value: 6.963989195991996E7
s**********************************************: 14
Current result: {238,239,271,303,306,332,333,334,335,336,337,338,356,357,358,359,360,361,362,363,364,389,421,453,485}
Current function value: 6.954910336801724E7
s**********************************************: 15
Current result: {296,328,329,330,331,332,333,365,397,398,399,400,401,402,403,435,467,499,531,532,564,565,597,629,630,631,663,664,665,666,698,699,731,763,795,826,827,858,859,860,891}
Current function value: 7.11968211968548E7
sRESULT**********************************************: 
result subgraph is: [264, 265, 266, 267, 268, 269, 270, 271, 272, 273, 296, 305, 328, 337, 338, 357, 358, 359, 360, 370, 392, 402, 423, 424, 434, 455, 466, 487, 498, 530, 562, 563, 595, 627, 628, 639, 660, 661, 670, 671, 693, 694, 695, 702, 727, 731, 732, 733, 734, 759, 760, 761, 762, 763]
------------------------------ test ends --------------------------------
