
------------------------------ test starts ------------------------------ 
s**********************************************: 2
Current result: {449,481,482}
Current function value: 7.30813469619267E7
s**********************************************: 3
Current result: {323,324,325,355}
Current function value: 7.306310786415634E7
s**********************************************: 4
Current result: {448,449,450,482,514,546,578,610,611,642}
Current function value: 7.208394230032493E7
s**********************************************: 5
Current result: {273,305,337,338,370,401,402,432,433}
Current function value: 6.914534715650702E7
s**********************************************: 6
Current result: {401,425,426,427,428,429,430,431,432,433,457,489,518,519,520,521,550}
Current function value: 6.849676818398128E7
s**********************************************: 7
Current result: {237,238,239,240,272,273,305,337,369,401,402,434,435,436,437,469,501,502,503,535,536,537,569,601,633,634,635,667,699,700,732,764,796,827,828,859,891,892,924,956}
Current function value: 6.877144777707748E7
s**********************************************: 8
Current result: {306,323,324,338,356,357,358,359,360,361,362,370,394,395,396,397,398,399,400,401,402,433}
Current function value: 6.873694225397542E7
s**********************************************: 9
Current result: {236,237,238,239,267,268,298,299,323,324,325,326,327,328,329,330,355,387,419,451,483,515,547,579,611,643}
Current function value: 6.908995080270176E7
s**********************************************: 10
Current result: {322,353,354,384,385,386,387,419,451,483,515,547,579,611,612,613,614,643,646,647}
Current function value: 7.094033361859426E7
s**********************************************: 11
Current result: {399,421,422,423,424,425,426,427,428,429,430,431,432,433,453,485,517,549,581,611,612,613}
Current function value: 6.87843619393243E7
s**********************************************: 12
Current result: {321,322,323,324,325,357,387,388,389,419,450,451,481,482,483,513,515,545,547,579,611,612,613,643}
Current function value: 6.928619210291837E7
s**********************************************: 13
Current result: {299,331,363,364,365,366,367,368,369,396,401,428,449,460,481,492,513,514,515,516,517,518,519,520,521,522,523,524,547,579,611}
Current function value: 6.867200770500682E7
s**********************************************: 14
Current result: {330,360,361,362,363,392,395,396,397,424,456,487,488,517,518,519,549,581,613,643,644,645,675,707,737,738,739,769}
Current function value: 7.054089035442759E7
s**********************************************: 15
Current result: {353,354,355,356,357,358,385,390,391,392,393,396,397,417,425,426,427,428,449,450,451,460,483,515,516,517,549,581,611,612,613,643}
Current function value: 6.960796476278016E7
sRESULT**********************************************: 
result subgraph is: [401, 425, 426, 427, 428, 429, 430, 431, 432, 433, 457, 489, 518, 519, 520, 521, 550]
------------------------------ test ends --------------------------------
