
------------------------------ test starts ------------------------------ 
s**********************************************: 2
Current result: {402,434,435,436,468}
Current function value: 7.198737773356603E7
s**********************************************: 3
Current result: {641,673,705,737,738,739,740,772}
Current function value: 7.240672982013322E7
s**********************************************: 4
Current result: {480,481,513,545,577,609,610,611}
Current function value: 7.264589680355275E7
s**********************************************: 5
Current result: {695,696,697,727,729,759,760,792,793,825}
Current function value: 7.274371490422393E7
s**********************************************: 6
Current result: {419,420,421,422,423,424,425,426,427,453,485,517,549,581,613}
Current function value: 7.058073817575409E7
s**********************************************: 7
Current result: {611,615,641,642,643,644,645,646,647,673,705,737,769,770,771}
Current function value: 7.132144437720253E7
s**********************************************: 8
Current result: {206,237,238,269,301,333,365,397,398,399,400,401,402,432,433}
Current function value: 6.85698967981494E7
s**********************************************: 9
Current result: {237,238,239,240,269,272,273,305,337,369,401,427,428,429,430,431,432,433}
Current function value: 6.809947209827425E7
s**********************************************: 10
Current result: {353,354,355,356,357,358,359,360,361,385,393,394,395,427}
Current function value: 7.062513152794015E7
s**********************************************: 11
Current result: {323,324,325,355,357,358,387,390,391,392,393,394,395,419,427,449,450,451,483,515,547,579,611,643}
Current function value: 6.913322761681257E7
s**********************************************: 12
Current result: {234,235,236,237,238,266,270,298,302,303,304,327,328,329,330,336,337,338,357,358,359,370,389,402,421,434,435,436,451,452,453,468,483,515,547,579,611,643,675,707,739,771,772}
Current function value: 6.842416759095044E7
s**********************************************: 13
Current result: {236,237,238,267,268,270,271,272,273,298,299,305,330,337,362,369,394,401,402,426,427,459,491,492,493,494,495}
Current function value: 6.802453251402102E7
s**********************************************: 14
Current result: {236,237,238,268,300,330,331,332,353,354,355,356,357,358,359,360,362,385,392,393,394,417,425,426,427,449,481,513,545,577,609,641}
Current function value: 6.81949963549592E7
s**********************************************: 15
Current result: {330,362,394,395,400,401,402,423,424,425,426,427,428,429,430,431,432,434,453,454,455,466,467,468,483,484,485,515,547,579,611,643}
Current function value: 6.823339368919095E7
sRESULT**********************************************: 
result subgraph is: [236, 237, 238, 267, 268, 270, 271, 272, 273, 298, 299, 305, 330, 337, 362, 369, 394, 401, 402, 426, 427, 459, 491, 492, 493, 494, 495]
------------------------------ test ends --------------------------------
