
------------------------------ test starts ------------------------------ 
s**********************************************: 2
Current result: {331,332}
Current function value: 7.344100352327749E7
s**********************************************: 3
Current result: {238,239,240,270}
Current function value: 7.319259107348363E7
s**********************************************: 4
Current result: {301,302,331,332,333,357,358,359,360,361,362,363}
Current function value: 7.120331217094578E7
s**********************************************: 5
Current result: {500,532,533,565,566,598,599,600,601,602}
Current function value: 7.206946483825341E7
s**********************************************: 6
Current result: {209,239,240,241,242,269,270,271,301,333}
Current function value: 7.281179206414126E7
s**********************************************: 7
Current result: {299,330,331,361,362,393,423,424,425,451,452,453,455,485,487,517,518,519}
Current function value: 7.082830795502155E7
s**********************************************: 8
Current result: {267,268,269,299,301,302,330,331,362}
Current function value: 7.20018512893176E7
s**********************************************: 9
Current result: {237,238,239,269,301,332,333,334,362,363,364,394,426,451,458,483,490,515,516,517,518,519,520,521,522}
Current function value: 7.050243718554342E7
s**********************************************: 10
Current result: {301,333,365,397,426,427,428,429,458,490,522,554,586,587,610,611,612,613,619,645,646,647,648,649,650,651,681}
Current function value: 7.030169412633455E7
s**********************************************: 11
Current result: {230,231,232,233,234,235,236,237,262,269,270,293,294,302,324,325,356}
Current function value: 7.066244441791151E7
s**********************************************: 12
Current result: {236,237,238,268,300,332,364,396,428,457,458,459,460,489,521,553,585,616,617,648,680,712,743,744,773,774,775,805,835,836,837}
Current function value: 7.226081953951548E7
s**********************************************: 13
Current result: {238,270,271,302,328,329,330,331,332,333,334,357,358,359,360,389,421,449,450,451,452,453}
Current function value: 6.926921632162833E7
s**********************************************: 14
Current result: {363,364,365,395,427,459,491,523,555,587,619,651,683,715,747,779,792,811,824,825,843,857,875,876,879,881,882,883,884,885,886,887,888,889,890,891,908,909,910,911,912,913,923,945}
Current function value: 6.982105836079387E7
s**********************************************: 15
Current result: {208,239,240,271,298,299,300,301,302,303,331,332,364,365,396,397,428,429,430,431,432,433,434,435,460,467,492,499,500,524,556,588,620,652,684,716,748,780,812,844,845,877,879,880,881,909,911,913,914,941,942,943}
Current function value: 6.922948870031923E7
sRESULT**********************************************: 
result subgraph is: [208, 239, 240, 271, 298, 299, 300, 301, 302, 303, 331, 332, 364, 365, 396, 397, 428, 429, 430, 431, 432, 433, 434, 435, 460, 467, 492, 499, 500, 524, 556, 588, 620, 652, 684, 716, 748, 780, 812, 844, 845, 877, 879, 880, 881, 909, 911, 913, 914, 941, 942, 943]
------------------------------ test ends --------------------------------
