
------------------------------ test starts ------------------------------ 
s**********************************************: 2
Current result: {201,233,234,235}
Current function value: 7.325547372101523E7
s**********************************************: 3
Current result: {305,337,338,369}
Current function value: 7.229030588355714E7
s**********************************************: 4
Current result: {547,579,611,643}
Current function value: 7.274230154199272E7
s**********************************************: 5
Current result: {237,265,266,267,268,269,297,329,361,393,425,456,457,488,518,519,520,550,582,613,614,645,677,705,706,707,708,709,737,769}
Current function value: 7.043008943806332E7
s**********************************************: 6
Current result: {729,761,762,763,793,794,795,827}
Current function value: 7.2339062850733E7
s**********************************************: 7
Current result: {236,261,262,263,264,265,266,267,268,293,325,356,357,387,388,419,451}
Current function value: 7.070155239032227E7
s**********************************************: 8
Current result: {206,238,270,302,303,335,336,337,338,339,340,341,342,343,375,407,439,440,441,473,474,475}
Current function value: 7.109284658218738E7
s**********************************************: 9
Current result: {298,299,300,301,302,330,362,393,394,425,457,482,483,484,485,486,487,488,489}
Current function value: 7.21177597732836E7
s**********************************************: 10
Current result: {368,369,370,371,372,404,436,437,469,501,502,534,566,598,630,631,632,633,665,666,667,668,669,701,702,734,766,767}
Current function value: 7.029743198900157E7
s**********************************************: 11
Current result: {409,410,411,412,413,414,427,428,429,430,431,432,433,434,435,436,437,438,439,440,441,454,455,456,457,458,459,485,486,516,517,547,548}
Current function value: 7.112093843915153E7
s**********************************************: 12
Current result: {181,182,183,206,212,213,236,237,238,239,240,241,242,244,268,274,275,276,300,301,306,332,338,364,370,396,428,460,492,524,556,588,620,652,684,716,748,780,812,844,876,908}
Current function value: 6.94071204572801E7
s**********************************************: 13
Current result: {298,299,300,301,302,303,304,305,306,338,370,402,434,435,467,468,500,532,564,596,628,660,692,693,694,726,727,728,760,761,793,825,857,887,888,889,917,918,919}
Current function value: 6.965130388851951E7
s**********************************************: 14
Current result: {265,266,267,268,297,300,301,302,328,329,334,335,359,360,367,368,369,391,401,420,421,422,423,433,465,466,467,499,500,501,502,503}
Current function value: 6.855617916697381E7
s**********************************************: 15
Current result: {234,262,263,264,265,266,267,268,269,270,271,272,273,293,294,325,357,389,421,453,485,517,549,581,613,645,646}
Current function value: 7.085349700884962E7
sRESULT**********************************************: 
result subgraph is: [265, 266, 267, 268, 297, 300, 301, 302, 328, 329, 334, 335, 359, 360, 367, 368, 369, 391, 401, 420, 421, 422, 423, 433, 465, 466, 467, 499, 500, 501, 502, 503]
------------------------------ test ends --------------------------------
