
------------------------------ test starts ------------------------------ 
s**********************************************: 2
Current result: {457}
Current function value: 7.32644275351944E7
s**********************************************: 3
Current result: {464,465,496}
Current function value: 7.229574034249249E7
s**********************************************: 4
Current result: {107,139,140,172,204,205,236,268}
Current function value: 7.17026155119397E7
s**********************************************: 5
Current result: {451,483,514,515,546,577,578,609,641,673,705,737,769}
Current function value: 7.136283070285825E7
s**********************************************: 6
Current result: {266,267,268,269,270,298,329,330,361,393,425,426,458,459,460}
Current function value: 7.10671695972703E7
s**********************************************: 7
Current result: {205,237,269,270,271,272,273,274,275,307,339,371,403,435,436,468}
Current function value: 7.07178774058231E7
s**********************************************: 8
Current result: {267,268,269,270,298,299,329,330,361,393,425,457,489,490,491,492,493}
Current function value: 6.888598322346209E7
s**********************************************: 9
Current result: {387,419,449,450,451,481,513,545,577,609,611,612,613,641,642,643}
Current function value: 7.083315771060735E7
s**********************************************: 10
Current result: {205,237,269,301,302,303,333,365,397,429,457,461,488,489,490,491,492,493,519,520,524,551,583}
Current function value: 6.834849350202882E7
s**********************************************: 11
Current result: {204,205,206,207,208,234,235,236,240,241,266,273,298,305,329,330,337,361,369,393,401,402,434,435,467,468}
Current function value: 6.900213910065988E7
s**********************************************: 12
Current result: {205,237,238,270,271,272,298,299,300,301,302,304,330,360,361,362,391,392,422,423,450,451,452,453,454,481,482,513,545,577,609,640,641,672,704,736,737,769}
Current function value: 6.897808774487343E7
s**********************************************: 13
Current result: {355,387,393,419,425,449,450,451,452,457,481,484,485,486,487,488,489,513,517,549,581,613,643,644,645}
Current function value: 6.969256212687163E7
s**********************************************: 14
Current result: {236,237,265,266,267,268,269,294,295,296,297,301,302,324,325,326,334,354,355,356,366,367,386,399,416,417,418,431,448,463,480,481,495,496,497,498,499,500,501,533,534,535,567,568,600,632,633,665,697,729,761,793,825,826,857,888,889}
Current function value: 6.985772098045708E7
s**********************************************: 15
Current result: {352,384,416,448,453,454,455,456,457,458,459,480,481,483,485,491,493,494,495,496,513,514,515,516,517,523,524,525,547,579}
Current function value: 6.841559143340267E7
sRESULT**********************************************: 
result subgraph is: [205, 237, 269, 301, 302, 303, 333, 365, 397, 429, 457, 461, 488, 489, 490, 491, 492, 493, 519, 520, 524, 551, 583]
------------------------------ test ends --------------------------------
