
------------------------------ test starts ------------------------------ 
s**********************************************: 2
Current result: {609,641,673,705,737}
Current function value: 7.23031543648486E7
s**********************************************: 3
Current result: {645,646,677,709,741,773}
Current function value: 7.214459896568349E7
s**********************************************: 4
Current result: {268,269,301,333,362,363,364,365,393,394,423,424,425,455,487,517,518,519,549,581,613,645}
Current function value: 7.159552509912747E7
s**********************************************: 5
Current result: {636,665,666,667,668,669,670,695,696,697,702,727,734,766}
Current function value: 7.281723652299213E7
s**********************************************: 6
Current result: {236,237,238,239,267,268,271,272,299}
Current function value: 6.961558332924066E7
s**********************************************: 7
Current result: {306,338,370,401,402,429,430,431,432,433}
Current function value: 6.970469319342633E7
s**********************************************: 8
Current result: {322,323,355,356,357,387,419,451,483,515,516,517}
Current function value: 7.171731447679476E7
s**********************************************: 9
Current result: {320,321,322,354,355,356,357,358,359,360,392,393,394,397,398,399,400,401,426,428,429,458,459,460}
Current function value: 6.944139656962343E7
s**********************************************: 10
Current result: {237,238,239,262,263,264,265,266,267,268,269,271,272,273,274,275,291,292,293,294,307,308,323,340,355,371,372,387,401,402,403,419,433,451,483,515,547,579,611,643,644,645}
Current function value: 6.831872355878831E7
s**********************************************: 11
Current result: {338,370,402,430,431,432,433,434,466,498,530,562,563,595,627,659,691,723,755,756,757,758,759,760,761,786,787,793,816,817,818,825,844,848,857,876,877,880,909,910,911,912}
Current function value: 6.891466354739249E7
s**********************************************: 12
Current result: {425,426,427,428,429,430,455,456,457,487,513,514,515,516,517,518,519,545,577,609,610,611,643}
Current function value: 7.056011655383252E7
s**********************************************: 13
Current result: {305,306,338,370,402,424,425,426,427,428,429,430,431,432,433,434,456,486,487,488,517,518,549,581,613,645}
Current function value: 6.804289948779239E7
s**********************************************: 14
Current result: {323,353,354,355,356,357,385,417,449,480,481,513,545,577,609,640,641,642,643,672,704,736,737,768,769,800,801,833}
Current function value: 6.913219244976057E7
s**********************************************: 15
Current result: {237,268,269,292,293,294,295,296,297,298,299,300,324,356,388,420,451,452,483,515,547,579,611,612,613,643,675,707,737,738,739}
Current function value: 6.966132511008933E7
sRESULT**********************************************: 
result subgraph is: [305, 306, 338, 370, 402, 424, 425, 426, 427, 428, 429, 430, 431, 432, 433, 434, 456, 486, 487, 488, 517, 518, 549, 581, 613, 645]
------------------------------ test ends --------------------------------
