
------------------------------ test starts ------------------------------ 
s**********************************************: 2
Current result: {719,751}
Current function value: 7.225781981860775E7
s**********************************************: 3
Current result: {717,718,719,749,781}
Current function value: 7.174537672744854E7
s**********************************************: 4
Current result: {627,628,629,630,656,657,658,659,687,688,718,719,750,782}
Current function value: 7.055749404093854E7
s**********************************************: 5
Current result: {624,625,656,687,688,718,719,720,721,722,723,724,725,726,727,728,729,750,761,782,793}
Current function value: 7.009243693263811E7
s**********************************************: 6
Current result: {371,403,435,467,468,500,501,533,565,597,598,630,662,692,693,694,717,722,723,724,749,750,751,752,753,754}
Current function value: 6.974686328169121E7
s**********************************************: 7
Current result: {598,629,630,655,656,657,658,659,660,661,687,717,718,719,749,751}
Current function value: 7.003129854680236E7
s**********************************************: 8
Current result: {719,739,740,741,742,743,744,745,746,747,748,749,751,781,782,783}
Current function value: 7.048908096099547E7
s**********************************************: 9
Current result: {339,369,370,371,401,432,433,464,496,528,560,592,624,656,687,688,719,750,751,782}
Current function value: 6.944805383613658E7
s**********************************************: 10
Current result: {486,518,519,520,521,550,582,613,614,645,677,709,736,737,738,739,740,741,742,768}
Current function value: 7.204025601069623E7
s**********************************************: 11
Current result: {687,688,719,749,750,751,752,753,754,755,756,757,758,759,760,761,782,791,792}
Current function value: 7.014301513393968E7
s**********************************************: 12
Current result: {14,15,16,46,78,110,142,174,205,206,237,269,301,333,334,364,365,366,367,368,369,396,428,460,486,487,488,489,490,491,492}
Current function value: 6.996438487168472E7
s**********************************************: 13
Current result: {646,647,648,649,650,651,652,653,654,655,656,657,658,678,686,687,710,719,736,737,738,739,740,741,742,750,751,768,782}
Current function value: 6.971262672449227E7
s**********************************************: 14
Current result: {518,519,520,521,522,523,524,556,588,620,652,684,685,686,718,719,750,782,814,846,878,879,880,881,882,883}
Current function value: 6.892536677118362E7
s**********************************************: 15
Current result: {14,15,16,17,45,46,77,109,141,173,205,237,267,268,269,298,299,330,361,362,393,424,425,450,451,452,453,454,455,456,482,513,514,545,546,578,610,630,642,661,662,674,688,689,690,691,692,693,706,720,738,739,740,741,742,743,752,753,775,776,777,778,779,780,781,782,783,784,785}
Current function value: 6.902391590197504E7
sRESULT**********************************************: 
result subgraph is: [518, 519, 520, 521, 522, 523, 524, 556, 588, 620, 652, 684, 685, 686, 718, 719, 750, 782, 814, 846, 878, 879, 880, 881, 882, 883]
------------------------------ test ends --------------------------------
