
------------------------------ test starts ------------------------------ 
s**********************************************: 2
Current result: {497,529,530,531}
Current function value: 7.035315694548716E7
s**********************************************: 3
Current result: {494,495,496,497,529,530,531}
Current function value: 6.875233274548616E7
s**********************************************: 4
Current result: {274,306,307,339,371,403,435,467,499,526,527,528,529,530,531}
Current function value: 6.862027448109327E7
s**********************************************: 5
Current result: {640,641,642,643,644,645,646,647,672,679,704,710,711,736,742}
Current function value: 7.259868159647058E7
s**********************************************: 6
Current result: {494,497,525,526,529,530,531,532,558,561,562,564,590,591,592,593,596,628,660,692}
Current function value: 6.93080477692919E7
s**********************************************: 7
Current result: {17,49,81,113,145,177,204,206,207,208,209,210,236,237,238,242}
Current function value: 7.261995834858803E7
s**********************************************: 8
Current result: {494,495,496,497,498,499,526,529,530,557,558,559,591,623,624,656,688,720,752,753}
Current function value: 6.836696115799515E7
s**********************************************: 9
Current result: {497,499,529,530,531,563,595,627,659,691,723,724,756,788,820,852}
Current function value: 6.878449739716743E7
s**********************************************: 10
Current result: {489,490,491,492,493,494,495,518,519,520,521,527,530,531,557,558,559,561,562,589,591,592,593}
Current function value: 6.887518639759263E7
s**********************************************: 11
Current result: {493,494,495,525,526,556,557,558,559,560,561,562,586,587,588,590,591,594,615,616,617,618,646,647,678,710,742}
Current function value: 6.897571427374533E7
s**********************************************: 12
Current result: {206,238,239,240,272,304,336,368,400,432,464,495,496,497,498,499,525,526,527,530,531,557,558,563}
Current function value: 6.856265789224923E7
s**********************************************: 13
Current result: {494,495,496,497,498,499,531,563,595,627,659,660,672,691,704,720,721,722,723,736,737,738,739,740,741,742,743,744,745,746,747,748,749,750,751,752,753,768,800}
Current function value: 6.79728624985352E7
s**********************************************: 14
Current result: {526,529,530,531,555,556,557,558,559,560,561,584,585,586,587,616,648,680,704,712,736,737,738,739,740,741,742,743,744}
Current function value: 6.888924608206055E7
s**********************************************: 15
Current result: {401,433,463,465,494,495,497,499,527,528,529,530,531,557,558,559,560,561,589,591,593,625,656,657,688,718,719,720,742,743,744,745,746,747,748,749,750}
Current function value: 7.05423586560012E7
sRESULT**********************************************: 
result subgraph is: [494, 495, 496, 497, 498, 499, 531, 563, 595, 627, 659, 660, 672, 691, 704, 720, 721, 722, 723, 736, 737, 738, 739, 740, 741, 742, 743, 744, 745, 746, 747, 748, 749, 750, 751, 752, 753, 768, 800]
------------------------------ test ends --------------------------------
