
------------------------------ test starts ------------------------------ 
s**********************************************: 2
Current result: {558,559,590}
Current function value: 7.279177251190856E7
s**********************************************: 3
Current result: {333,334,335,336,337,338}
Current function value: 6.9702136E7
s**********************************************: 4
Current result: {333,334,335,336,337,338,365,397,429,461,493,525,557,558,559,589,590,621}
Current function value: 6.84470656074499E7
s**********************************************: 5
Current result: {333,334,335,336,337,338,370,371,403,435,467,499,531,558,559,560,561,562,563,590,622,653,654,685,717}
Current function value: 6.932685158516134E7
s**********************************************: 6
Current result: {334,335,336,337,338,366,398,430,462,494,526,558,590,621,622}
Current function value: 6.835315093915509E7
s**********************************************: 7
Current result: {467,499,527,528,529,530,531,557,558,559,560,589,621,653}
Current function value: 7.062216962925026E7
s**********************************************: 8
Current result: {334,335,336,337,338,370,402,434,435,467,499,528,529,530,531,558,559,560,590,621,622,623,653,685,717}
Current function value: 6.904913987377316E7
s**********************************************: 9
Current result: {337,338,370,402,434,466,498,499,530,531,559,560,561,562,591,621,622,623}
Current function value: 6.903695491085416E7
s**********************************************: 10
Current result: {334,366,398,430,462,494,495,526,527,528,557,558,589,621,653,685,717,749,750,782,814}
Current function value: 6.838898681878206E7
s**********************************************: 11
Current result: {335,336,337,338,364,365,366,367,398,430,431,463,495,527,558,559,560,589,590,592,621,624,625}
Current function value: 6.873504202409807E7
s**********************************************: 12
Current result: {332,333,334,364,366,398,430,462,494,526,557,558,559,589,621,653,685,717,749,750,782,814,846,847}
Current function value: 6.869589268054956E7
s**********************************************: 13
Current result: {337,338,339,371,403,435,467,494,495,496,497,498,499,516,517,518,519,520,521,522,523,524,525,526,557,558,589,621}
Current function value: 6.856021193833734E7
s**********************************************: 14
Current result: {338,339,371,403,435,466,467,499,526,527,528,529,530,531,558,590,621,622,623,624,653,685,686,718,750,782,814,846,847}
Current function value: 6.90816881633822E7
s**********************************************: 15
Current result: {467,499,527,528,529,530,531,555,556,557,559,561,562,589,590,591,621,622,623,624,653,685,717,718,750,782,814,815,847,848}
Current function value: 6.957801467211041E7
sRESULT**********************************************: 
result subgraph is: [334, 335, 336, 337, 338, 366, 398, 430, 462, 494, 526, 558, 590, 621, 622]
------------------------------ test ends --------------------------------
