
------------------------------ test starts ------------------------------ 
s**********************************************: 2
Current result: {461,493,494,495,496,497,501,502,529,530,531,532,533}
Current function value: 7.059817390121152E7
s**********************************************: 3
Current result: {645,646,647,648,675,676,677,707}
Current function value: 7.245938927929156E7
s**********************************************: 4
Current result: {243,271,272,273,274,275,303}
Current function value: 7.243200279303159E7
s**********************************************: 5
Current result: {398,430,461,462,493,494,526,557,558,589}
Current function value: 7.039821606989719E7
s**********************************************: 6
Current result: {462,484,489,490,491,492,493,494,516,517,518,519,520,521,526,558,589,590}
Current function value: 7.150915992192425E7
s**********************************************: 7
Current result: {461,493,494,526,558,590,622,653,654,683,684,685,712,713,714,715,739,740,741,742,743,744}
Current function value: 7.071563307111792E7
s**********************************************: 8
Current result: {484,485,486,512,513,514,515,516,544,576,608,640,672,704,736,768}
Current function value: 7.198243802473408E7
s**********************************************: 9
Current result: {557,558,559,589,591,592,624,656,688,689,690,691,692,697,724,729,756,757,758,759,760,761}
Current function value: 7.131965769312869E7
s**********************************************: 10
Current result: {557,589,621,622,623,624,625,657,658,690,691,692,724,725,726,727,728,760,761,762,763,795,827,828,829,861,862,863}
Current function value: 7.161925899264196E7
s**********************************************: 11
Current result: {517,549,581,612,613,614,615,616,617,618,619,620,621,644,653,675,676,685,686,687,688,689,690,707,722,723,724,736,737,738,739,756,757,768,789,790,791,792}
Current function value: 7.016149837675188E7
s**********************************************: 12
Current result: {389,421,453,485,493,494,517,525,549,557,581,589,613,614,615,616,617,618,619,620,621,622,648,654}
Current function value: 6.96439066832101E7
s**********************************************: 13
Current result: {485,516,517,548,580,612,613,645,672,677,704,709,736,737,741,769,770,773,802,805,834,835,836,837}
Current function value: 7.108527517317222E7
s**********************************************: 14
Current result: {557,589,621,647,648,649,650,651,652,653,654,678,679,686,687,688,689,690,691,710,723,742,755,756,757,758,759,760,790,792,793,794,795,796,797,798,822}
Current function value: 6.938609897432248E7
s**********************************************: 15
Current result: {558,590,621,622,653,654,686,718,736,750,768,782,800,801,814,833,843,844,845,846,865,866,867,868,869,870,871,872,873,874,875}
Current function value: 6.937689391294307E7
sRESULT**********************************************: 
result subgraph is: [558, 590, 621, 622, 653, 654, 686, 718, 736, 750, 768, 782, 800, 801, 814, 833, 843, 844, 845, 846, 865, 866, 867, 868, 869, 870, 871, 872, 873, 874, 875]
------------------------------ test ends --------------------------------
