
------------------------------ test starts ------------------------------ 
s**********************************************: 2
Current result: {427,459,491}
Current function value: 6.9429327E7
s**********************************************: 3
Current result: {487,488,489,490,491,518,519}
Current function value: 7.187075246271507E7
s**********************************************: 4
Current result: {367,368,369,370,371,395,396,397,398,399,427,458,459,491}
Current function value: 6.8192161488464E7
s**********************************************: 5
Current result: {692,724,756,758,759,760,761,788,789,790}
Current function value: 7.190980024092233E7
s**********************************************: 6
Current result: {339,371,398,399,400,401,402,403,427,428,429,430,458,459}
Current function value: 6.833718852985892E7
s**********************************************: 7
Current result: {337,338,339,368,369,397,398,399,400,426,429,458,459,460,461}
Current function value: 6.889703878493592E7
s**********************************************: 8
Current result: {371,396,397,398,399,400,401,402,403,427,428,433,457,458,459,465,491,497,529,561,593,625,657,689}
Current function value: 6.853145192192541E7
s**********************************************: 9
Current result: {307,339,369,370,371,396,397,398,399,400,401,426,427,428,458,459,460,491}
Current function value: 6.909583559830561E7
s**********************************************: 10
Current result: {371,372,396,397,398,399,400,401,402,403,404,428,436,459,460,461,468,500,501,502,534,566,598,630,662,694}
Current function value: 6.867063843476638E7
s**********************************************: 11
Current result: {307,339,369,370,371,396,397,398,399,400,401,427,428,433,458,459,460,465,491,497,529,561,593}
Current function value: 6.91817528672151E7
s**********************************************: 12
Current result: {369,395,396,397,398,399,400,401,402,403,427,435,457,458,459,467,468,491,497,498,499,500,529,561,593,625}
Current function value: 7.00122281478088E7
s**********************************************: 13
Current result: {301,333,365,368,369,370,371,395,396,397,398,399,400,403,427,435,459,467,499,531,532,564,596,628,660,662,692,693,694,695,696,697,729}
Current function value: 6.846705159454301E7
s**********************************************: 14
Current result: {236,268,300,332,364,369,370,371,396,397,398,399,400,401,428,433,454,455,456,457,458,459,460,465,466,486,498,518,530,562,593,594}
Current function value: 6.936752340006468E7
s**********************************************: 15
Current result: {142,174,206,238,270,302,307,334,337,338,339,340,341,366,368,369,373,395,396,397,398,399,400,405,427,437,438,459,470,491,502,503,523,535,554,555,566,567,586,598,618,630,650,662,682,694,714,715,716,725,726,748,757,758,759,760,761,780,793,824,825}
Current function value: 6.890091701119131E7
sRESULT**********************************************: 
result subgraph is: [367, 368, 369, 370, 371, 395, 396, 397, 398, 399, 427, 458, 459, 491]
------------------------------ test ends --------------------------------
