
------------------------------ test starts ------------------------------ 
s**********************************************: 2
Current result: {465,466,493,494,495,496,497}
Current function value: 6.883428652278027E7
s**********************************************: 3
Current result: {462,463,464,465,466,494}
Current function value: 6.971046332596873E7
s**********************************************: 4
Current result: {433,461,462,463,464,465,497,498}
Current function value: 6.94607685922115E7
s**********************************************: 5
Current result: {545,577,608,609,640,672,704,736,768,800}
Current function value: 7.35174253237044E7
s**********************************************: 6
Current result: {430,431,432,433,460,461,462,465,466,494,498}
Current function value: 6.777625274888016E7
s**********************************************: 7
Current result: {371,403,430,434,435,461,462,465,466,494,495,496,497,498,530}
Current function value: 6.8140263693517E7
s**********************************************: 8
Current result: {466,496,497,498,528,560,592,624,656,657,658,659,689,721}
Current function value: 6.915302548589927E7
s**********************************************: 9
Current result: {433,452,453,454,455,456,457,458,459,460,461,462,463,464,465,483,484,497,498,515,547,579,611,643,675,707,739,740,741,742}
Current function value: 6.87530426936167E7
s**********************************************: 10
Current result: {362,363,364,396,403,428,431,432,433,435,460,462,463,465,466,467,492,493,494,495,527}
Current function value: 6.855742462934375E7
s**********************************************: 11
Current result: {433,460,461,462,463,464,465,466,494,526,527,528,559,560,561,562,594,626,658,690,722,754,786,818,850,881,882,913}
Current function value: 6.843720344723977E7
s**********************************************: 12
Current result: {430,431,432,433,460,461,462,465,466,467,492,493,497,499,500,532,564,596,627,628,656,657,658,659}
Current function value: 6.782860200995661E7
s**********************************************: 13
Current result: {14,15,16,46,78,110,142,174,206,237,238,269,301,333,364,365,396,428,460,465,466,492,493,494,495,496,497,525,557}
Current function value: 6.825427693007213E7
s**********************************************: 14
Current result: {274,275,306,307,337,338,353,354,355,356,357,358,359,369,385,391,392,393,394,395,401,417,427,428,433,449,460,461,462,463,464,465,481,494,497,498,513,530,531,545,563,577,595,608,609,627,640,659,672,704,705,706,738,739}
Current function value: 6.800002565673773E7
s**********************************************: 15
Current result: {331,354,363,386,387,388,389,390,391,392,393,394,395,426,430,431,458,459,460,461,462,463,464,465,466,494,495,497,498,527,529,559,560}
Current function value: 6.815131677607973E7
sRESULT**********************************************: 
result subgraph is: [430, 431, 432, 433, 460, 461, 462, 465, 466, 494, 498]
------------------------------ test ends --------------------------------
