
------------------------------ test starts ------------------------------ 
s**********************************************: 2
Current result: {729,761,793,825,857,858,890,891,892,893,894,895,927}
Current function value: 7.355051773569179E7
s**********************************************: 3
Current result: {339,371,403,435,467,468,500,532,564}
Current function value: 7.147945794283915E7
s**********************************************: 4
Current result: {356,357,388,418,419,420,450,482,513,514,545}
Current function value: 7.301842504775779E7
s**********************************************: 5
Current result: {339,371,372,404,405,436,468,500,532}
Current function value: 7.021190071777202E7
s**********************************************: 6
Current result: {389,421,453,485,517,549,581,612,613,642,643,644,645,646,647,648,672,673,674,704}
Current function value: 7.174047662165162E7
s**********************************************: 7
Current result: {485,517,549,581,613,645,677,678,710,742,759,760,761,762,763,764,765,766,774,786,787,788,789,790,791,798,806,815,816,817,818,830,831,838,839,840,841,842,843,844,845,846,847,863,895,927,959}
Current function value: 7.218714150403665E7
s**********************************************: 8
Current result: {672,704,736,768,771,772,773,774,775,776,800,801,802,803,808,840,872}
Current function value: 7.321434273865762E7
s**********************************************: 9
Current result: {518,519,520,521,522,552,584,616,619,647,648,649,650,651,683,684,716}
Current function value: 7.119465510375382E7
s**********************************************: 10
Current result: {15,16,47,79,111,143,174,175,206,238,239,240,241,242,274,306,338,339,371,372}
Current function value: 6.947582502400686E7
s**********************************************: 11
Current result: {240,241,273,305,306,338,339,356,357,358,359,360,371,385,386,387,388,392,393,394,395,396,403,428,429,434,435,461,462,463,464,465,466}
Current function value: 6.875915294566043E7
s**********************************************: 12
Current result: {339,371,403,435,436,468,500,532,561,562,563,564,565,593,597,629,661,693,694,695,696,697,729,761}
Current function value: 7.03602572275706E7
s**********************************************: 13
Current result: {364,396,428,460,492,493,494,526,558,559,591,623,655,687,688,689,690,722,729,754,761,786,787,788,789,790,791,792,793,794,795,796,797,829,830,831,863}
Current function value: 7.03085912820685E7
s**********************************************: 14
Current result: {176,208,238,239,240,269,270,300,301,332,364,396,428,454,455,456,457,458,459,460,487,519,551,583,615,645,646,647,672,673,674,675,676,677,704,736,768,800,832}
Current function value: 6.861221535612856E7
s**********************************************: 15
Current result: {428,458,459,460,491,496,497,523,524,525,529,530,557,558,562,590,591,592,593,594,613,614,615,616,617,618,619,620,621,622,645}
Current function value: 6.957670081533791E7
sRESULT**********************************************: 
result subgraph is: [176, 208, 238, 239, 240, 269, 270, 300, 301, 332, 364, 396, 428, 454, 455, 456, 457, 458, 459, 460, 487, 519, 551, 583, 615, 645, 646, 647, 672, 673, 674, 675, 676, 677, 704, 736, 768, 800, 832]
------------------------------ test ends --------------------------------
