
------------------------------ test starts ------------------------------ 
s**********************************************: 2
Current result: {739,740,741,742,768,769,770,771,800}
Current function value: 7.3728E7
s**********************************************: 3
Current result: {529,530,561,562,563}
Current function value: 7.07869563761472E7
s**********************************************: 4
Current result: {524,525,526,558,590,622,654,686,718,750,760,761,782,783,784,785,786,787,788,789,790,791,792,822}
Current function value: 7.023370399715455E7
s**********************************************: 5
Current result: {16,48,80,112,113,145,146,178,210,242,274,306,307}
Current function value: 7.327839687294987E7
s**********************************************: 6
Current result: {529,561,562,563,593,625,657,689,721,752,753,782,783,784}
Current function value: 7.106183179433064E7
s**********************************************: 7
Current result: {481,482,483,484,485,513,545,577,608,609,640,672,704,736,768}
Current function value: 7.293477107044566E7
s**********************************************: 8
Current result: {237,238,239,240,241,242,269,274,306,338,370,402,434,466,498,530,562}
Current function value: 6.891875755136853E7
s**********************************************: 9
Current result: {231,232,233,234,235,236,237,238,239,242,263,271,272,273,274,294,295,325,326,357,389,421,453}
Current function value: 7.068475804456407E7
s**********************************************: 10
Current result: {526,556,557,558,559,560,561,562,563,564,590,591,593,594,596,597,629,630,631,663,695,727,759,760}
Current function value: 6.992598146500123E7
s**********************************************: 11
Current result: {232,233,234,235,236,237,238,239,240,241,242,264,274,275,296,307,326,327,328,354,355,356,357,358,385,386,417,449,481,513,545,576,577,608,640,672}
Current function value: 7.13286889930441E7
s**********************************************: 12
Current result: {15,16,47,48,79,111,143,175,207,239,269,270,271,272,273,274,306,307,308,340,372,404,436,468,499,500,529,530,531,561,563}
Current function value: 6.863326638621567E7
s**********************************************: 13
Current result: {524,525,527,528,551,552,553,554,555,556,557,558,559,579,580,581,582,583,609,610,611,640,641,672,704,736}
Current function value: 7.008496664717528E7
s**********************************************: 14
Current result: {209,241,273,274,306,307,338,339,370,402,433,434,465,497,526,527,528,529,558,561,562,594,626,658,659,691,723,724}
Current function value: 7.028112961923835E7
s**********************************************: 15
Current result: {385,386,417,449,481,513,545,577,578,579,611,643,675,707,739,740,741,742,743,744,745,746,747,755,756,779,780,786,787,812,813,814,815,816,817,818}
Current function value: 6.901904448888715E7
sRESULT**********************************************: 
result subgraph is: [15, 16, 47, 48, 79, 111, 143, 175, 207, 239, 269, 270, 271, 272, 273, 274, 306, 307, 308, 340, 372, 404, 436, 468, 499, 500, 529, 530, 531, 561, 563]
------------------------------ test ends --------------------------------
