
------------------------------ test starts ------------------------------ 
s**********************************************: 2
Current result: {338,369,370}
Current function value: 7.07266940477823E7
s**********************************************: 3
Current result: {530,559,560,561,562,591,622,623}
Current function value: 7.039204139195415E7
s**********************************************: 4
Current result: {526,527,528,529,530,560,561,592}
Current function value: 7.037165954656744E7
s**********************************************: 5
Current result: {338,369,370,371,403,404,436,468,500,532,562,563,564}
Current function value: 6.91419837983337E7
s**********************************************: 6
Current result: {337,338,365,366,367,368,369,401,433,465,497,528,529,557,558,559,560,590,622}
Current function value: 6.830247343923824E7
s**********************************************: 7
Current result: {369,399,400,401,431,463,464,496,528,531,532,560,561,562,563}
Current function value: 6.903004296062428E7
s**********************************************: 8
Current result: {337,338,366,367,368,369,398,430,462,494,500,526,530,531,532,558,559,560,561,562}
Current function value: 6.83999673725621E7
s**********************************************: 9
Current result: {366,367,368,369,370,371,397,398,430,462,494,526,527,559,591,622,623,654,686,718,750,782}
Current function value: 6.846850307902017E7
s**********************************************: 10
Current result: {500,525,526,527,528,529,530,531,532,557,589,621,653,685,717,749,781,813,845,846,847}
Current function value: 6.892073663690801E7
s**********************************************: 11
Current result: {338,365,369,370,371,397,398,399,400,401,430,462,494,526,558,590,622,654,686,717,718,749,781}
Current function value: 6.845371674012035E7
s**********************************************: 12
Current result: {303,334,335,336,337,338,365,366,370,397,398,402,434,466,498,527,528,529,530,558,559,590,622,623}
Current function value: 6.882082594038898E7
s**********************************************: 13
Current result: {337,338,339,368,369,371,397,398,399,400,432,433,434,466,467,499,525,526,527,531,559,560,561,562,563,591,595,596,597,623,629,661}
Current function value: 6.871393311703333E7
s**********************************************: 14
Current result: {365,366,397,429,461,493,525,528,529,557,560,589,592,593,594,595,621,622,623,624,627,653,655,659,687,688,720,752,783,784,815,847}
Current function value: 6.848789945267363E7
s**********************************************: 15
Current result: {365,366,367,368,369,401,433,464,465,496,527,528,529,530,531,559,563,590,591,595,622,654,686,718,750,782,813,814,846,847,848,880}
Current function value: 6.85234454306359E7
sRESULT**********************************************: 
result subgraph is: [337, 338, 365, 366, 367, 368, 369, 401, 433, 465, 497, 528, 529, 557, 558, 559, 560, 590, 622]
------------------------------ test ends --------------------------------
