
------------------------------ test starts ------------------------------ 
s**********************************************: 2
Current result: {332,333,364,365}
Current function value: 6.975020873198523E7
s**********************************************: 3
Current result: {305,306,338,370,402,434,466,467}
Current function value: 7.0580519416262E7
s**********************************************: 4
Current result: {332,333,334,335,336,337,338,365}
Current function value: 6.884054884144537E7
s**********************************************: 5
Current result: {303,304,305,306,333,334,335,337,338,365}
Current function value: 6.908074417560181E7
s**********************************************: 6
Current result: {305,333,334,335,336,337,365,368,399,400,431,463,495,527}
Current function value: 6.854054260976315E7
s**********************************************: 7
Current result: {303,304,305,333,334,335,337,338,367,399,431,463,495,527,528,560,561,562}
Current function value: 6.840716891990435E7
s**********************************************: 8
Current result: {304,332,333,334,335,336,368,369,370,402,434,466,498,527,530,558,559,560,561,562}
Current function value: 6.893218654435058E7
s**********************************************: 9
Current result: {332,333,365,397,403,429,430,431,432,433,434,435,463,495,527,528,560,561}
Current function value: 6.842352449623439E7
s**********************************************: 10
Current result: {302,303,304,305,306,333,334,337,338,365,369,401,433,465,497,529,558,559,560,561}
Current function value: 6.902744475653416E7
s**********************************************: 11
Current result: {333,334,335,336,337,338,367,399,431,463,465,466,467,495,497,527,528,529,560,561,592,624,656,688,720,721,722,752}
Current function value: 6.860754423637798E7
s**********************************************: 12
Current result: {301,302,303,304,305,333,337,369,400,401,431,432,463,495,527,556,557,558,559,588,590,622,654,655,656,688,689,690,719,720,751}
Current function value: 6.859683090692608E7
s**********************************************: 13
Current result: {333,334,335,336,337,338,365,397,429,459,460,461,493,494,495,527,559,560,561,562,593,625,626,658,690,719,720,721,722,751,783,815,847}
Current function value: 6.864395854595074E7
s**********************************************: 14
Current result: {302,303,304,332,333,334,364,365,366,367,368,395,396,400,427,432,464,495,496,526,527,558,559,591,623,655,656,688,719,720,721,751,783,815,847}
Current function value: 7.113140268175392E7
s**********************************************: 15
Current result: {302,303,304,333,334,336,337,369,370,371,403,427,432,435,459,460,464,466,467,492,493,494,495,496,498,527,528,529,530,562}
Current function value: 6.869356527654305E7
sRESULT**********************************************: 
result subgraph is: [303, 304, 305, 333, 334, 335, 337, 338, 367, 399, 431, 463, 495, 527, 528, 560, 561, 562]
------------------------------ test ends --------------------------------
