
------------------------------ test starts ------------------------------ 
s**********************************************: 2
Current result: {659,691,692}
Current function value: 7.168262216310732E7
s**********************************************: 3
Current result: {736,737,738,739,768,800}
Current function value: 7.3728E7
s**********************************************: 4
Current result: {680,681,682,683,684,710,711,712,742}
Current function value: 7.261710162393601E7
s**********************************************: 5
Current result: {659,691,692,693,694,726,758,759,760,761,793}
Current function value: 7.125893109500094E7
s**********************************************: 6
Current result: {405,437,438,439,471,503,535,567,599,631,663,664,665,697,729}
Current function value: 6.95791814588933E7
s**********************************************: 7
Current result: {356,388,420,452,484,515,516,547,579,610,611,641,642,672,673}
Current function value: 7.156216048717591E7
s**********************************************: 8
Current result: {207,208,209,237,238,239,269,301,333,365,397,428,429,453,454,455,456,457,458,459,460,486,518,550,582,614,646,678,704,710,736,737,738,739,740,741,742}
Current function value: 6.964861182215846E7
s**********************************************: 9
Current result: {301,333,364,365,396,428,460,492,524,525,557,589,620,621,652,683,684}
Current function value: 6.959638163063616E7
s**********************************************: 10
Current result: {619,651,676,677,678,679,680,681,682,683,708,736,740,768,769,770,771,772,800}
Current function value: 7.157050381353323E7
s**********************************************: 11
Current result: {567,599,630,631,658,659,662,691,692,693,694,726,727,728,729,730,731,732,733,734,735,767,799,831}
Current function value: 6.968169681141466E7
s**********************************************: 12
Current result: {595,627,659,680,681,682,683,684,685,686,687,688,689,690,691,704,711,712,736,738,739,740,741,742,743,768,769,770,800}
Current function value: 7.049392150245403E7
s**********************************************: 13
Current result: {715,716,739,748,768,771,780,800,803,812,832,835,842,843,844,864,865,866,867,868,869,870,871,872,873,874}
Current function value: 7.01821976727336E7
s**********************************************: 14
Current result: {484,516,548,580,581,613,645,659,677,691,692,693,709,724,741,742,743,744,745,746,747,748,749,750,751,752,753,754,755,756,788,789,790,791,792,793,820}
Current function value: 6.943471168820293E7
s**********************************************: 15
Current result: {301,333,364,365,396,428,460,492,518,519,520,521,522,523,524,550,556,582,588,614,620,646,652,678,684,685,686,687,688,689,690,691,692,710,742}
Current function value: 6.875634837991515E7
sRESULT**********************************************: 
result subgraph is: [301, 333, 364, 365, 396, 428, 460, 492, 518, 519, 520, 521, 522, 523, 524, 550, 556, 582, 588, 614, 620, 646, 652, 678, 684, 685, 686, 687, 688, 689, 690, 691, 692, 710, 742]
------------------------------ test ends --------------------------------
