
------------------------------ test starts ------------------------------ 
s**********************************************: 2
Current result: {959}
Current function value: 7.3728E7
s**********************************************: 3
Current result: {332,333,364,396,428,460,492,524,556,588,594,620,621,622,623,624,625,626,658,659,691}
Current function value: 6.956394581834593E7
s**********************************************: 4
Current result: {736,737,738,739,740,741,742,768,800}
Current function value: 7.3728E7
s**********************************************: 5
Current result: {736,768,769,770,771,772,773,774,775,776,777,778,779,780}
Current function value: 7.294393163559406E7
s**********************************************: 6
Current result: {16,17,48,49,80,112,144,176,206,207,208,238}
Current function value: 7.101588476437262E7
s**********************************************: 7
Current result: {357,389,390,391,423,454,455,484,485,486,515,516,518}
Current function value: 7.252897890586127E7
s**********************************************: 8
Current result: {356,388,389,390,391,392,393,425,426,427,459,491,523,524,556,588,620,652,653,654,655,656,657,658,659,660}
Current function value: 7.017429931051771E7
s**********************************************: 9
Current result: {620,621,622,623,624,625,626,627,652,659,660,661,684,693,694,726,758,790,822,823,824,825,826,827,828,860,861,862,863,895,927,959}
Current function value: 7.01183634426276E7
s**********************************************: 10
Current result: {384,416,448,480,481,513,514,515,516,548,580,612,643,644,645,672,673,674,675,704,736}
Current function value: 7.133510630959542E7
s**********************************************: 11
Current result: {332,356,357,358,359,360,361,362,363,364,384,385,386,387,388,390,416,422,454,486,518,550,582,583,615,616}
Current function value: 7.160970148486759E7
s**********************************************: 12
Current result: {658,659,660,661,662,689,690,694,697,721,726,727,728,729,748,749,750,751,752,753,761,780,810,811,812}
Current function value: 6.959099560684426E7
s**********************************************: 13
Current result: {417,449,481,513,514,515,547,579,611,643,644,645,675,704,707,736,739,768,771,800,801,802,803,832}
Current function value: 7.113924448112954E7
s**********************************************: 14
Current result: {332,364,396,428,453,454,455,456,457,458,459,460,461,485,493,494,495,496,497,498,517,518,530,550,562,563,582,595,613,614,627,645,659,660,661,662,677,692,709,724,738,739,740,741,756,768,769,770,788}
Current function value: 6.918002743065658E7
s**********************************************: 15
Current result: {396,428,453,454,455,456,457,458,459,460,461,483,484,485,493,497,498,525,526,527,528,529,530,556,557,558,562,588,594,620,626,652,658,659}
Current function value: 6.916807110189721E7
sRESULT**********************************************: 
result subgraph is: [396, 428, 453, 454, 455, 456, 457, 458, 459, 460, 461, 483, 484, 485, 493, 497, 498, 525, 526, 527, 528, 529, 530, 556, 557, 558, 562, 588, 594, 620, 626, 652, 658, 659]
------------------------------ test ends --------------------------------
