
------------------------------ test starts ------------------------------ 
s**********************************************: 2
Current result: {717,718,719,749}
Current function value: 7.232223331660445E7
s**********************************************: 3
Current result: {401}
Current function value: 7.326480608953528E7
s**********************************************: 4
Current result: {267,299,300,301,333,365,366,367,399,400,432,464,496,528,545,546,559,560,578,579,591,611,623,643,644,645,646,647,648,649,650,655,682,683,687,715,717,718,719,747,748,749,781}
Current function value: 6.95318575286096E7
s**********************************************: 5
Current result: {661,693,725,729,757,758,759,760,761}
Current function value: 7.275370709212767E7
s**********************************************: 6
Current result: {370,401,402,403,435,467,499,531,532,533,534,566,598,630,662,694}
Current function value: 7.061657319043687E7
s**********************************************: 7
Current result: {555,587,588,589,590,591,623,655,687,688,719,750,751,782,814}
Current function value: 6.987365423492694E7
s**********************************************: 8
Current result: {10,11,12,13,14,15,16,17,46,78,110,142,174,206,236,237,238,268}
Current function value: 7.202256965818104E7
s**********************************************: 9
Current result: {719,741,742,743,744,745,746,747,748,749,750,751,781,813,814}
Current function value: 6.955236292231123E7
s**********************************************: 10
Current result: {267,268,298,299,331,363,395,427,459,491,523,555,556,557,558,559,560,592,593,594,626,627,659,690,691,721,722,753}
Current function value: 6.930621869708881E7
s**********************************************: 11
Current result: {236,237,267,268,295,296,297,298,299,326,327,358,390,422,454,486,518,550,582,613,614,640,641,642,643,644,645,672,704}
Current function value: 7.096990619381063E7
s**********************************************: 12
Current result: {565,597,628,629,656,657,658,659,660,688,691,692,693,694,717,718,719,720,726,727,728,729,730,731,732,733,734,735,767,799,831,863,895,926,927}
Current function value: 6.963780044903901E7
s**********************************************: 13
Current result: {521,522,523,551,552,553,555,556,583,588,613,614,615,620,643,644,645,652,653,654,655,656,657,658,659,660,661}
Current function value: 6.883314539819436E7
s**********************************************: 14
Current result: {13,14,15,16,17,45,77,109,141,172,173,204,236,267,268,299,330,331,362,394,426,458,490,518,519,520,521,522,523,555}
Current function value: 6.898897253414035E7
s**********************************************: 15
Current result: {268,300,332,364,395,396,427,459,491,523,555,587,619,651,652,684,688,689,690,691,716,719,720,748,749,750,751,752,780,812,844}
Current function value: 7.005689388276225E7
sRESULT**********************************************: 
result subgraph is: [521, 522, 523, 551, 552, 553, 555, 556, 583, 588, 613, 614, 615, 620, 643, 644, 645, 652, 653, 654, 655, 656, 657, 658, 659, 660, 661]
------------------------------ test ends --------------------------------
