
------------------------------ test starts ------------------------------ 
s**********************************************: 2
Current result: {527,528,529,530,531,559}
Current function value: 7.10572644840394E7
s**********************************************: 3
Current result: {335,336,337,338,365,366,367,370}
Current function value: 7.021474852455518E7
s**********************************************: 4
Current result: {334,335,336,337,338,339,369,371,403,435,467,499,531}
Current function value: 6.96023343671822E7
s**********************************************: 5
Current result: {337,365,366,367,368,369,370,401,433,465,497,529,530}
Current function value: 6.884252906890081E7
s**********************************************: 6
Current result: {370,402,434,466,467,497,498,499,500,527,528,529}
Current function value: 6.939597212003161E7
s**********************************************: 7
Current result: {333,334,335,365,367,368,369,400,401,432,464,496,527,528,559,591,623,624}
Current function value: 6.950444384954037E7
s**********************************************: 8
Current result: {338,366,367,368,369,370,399,431,463,495,527,531,559,560,561,562,563,590,591,622}
Current function value: 6.850335657490735E7
s**********************************************: 9
Current result: {365,370,397,398,399,402,426,427,428,429,430,431,432,433,434,466,498,499,531}
Current function value: 6.924468327764486E7
s**********************************************: 10
Current result: {337,338,339,371,403,435,467,499,500,527,528,529,530,531,559,560,591,621,622,623,655}
Current function value: 6.936219746430609E7
s**********************************************: 11
Current result: {366,367,368,369,370,371,403,435,467,499,526,527,528,529,530,531,559,562,591,623,655,687,719,751,783,815,847}
Current function value: 6.824657731947348E7
s**********************************************: 12
Current result: {337,369,370,400,401,432,464,467,496,497,498,499,526,527,528,529,530,531,558,589,590,621,622,623}
Current function value: 6.859681124824585E7
s**********************************************: 13
Current result: {334,337,338,365,366,367,368,369,370,402,434,466,498,500,530,531,532,560,561,562,563,592,624,653,654,655,656,686,687,718,750,751,752,782,783}
Current function value: 6.978246136235116E7
s**********************************************: 14
Current result: {334,335,336,337,367,369,370,402,403,435,463,464,465,466,467,494,495,499,500,526,558,590,621,622,653,685,717,718,750,782,814}
Current function value: 6.908523631241576E7
s**********************************************: 15
Current result: {334,335,336,337,366,369,370,402,434,466,467,498,527,528,529,530,559,561,562,591,594,623,626,658,690,722,754,782,783,786,815,816,817,818,847}
Current function value: 6.912480145697254E7
sRESULT**********************************************: 
result subgraph is: [366, 367, 368, 369, 370, 371, 403, 435, 467, 499, 526, 527, 528, 529, 530, 531, 559, 562, 591, 623, 655, 687, 719, 751, 783, 815, 847]
------------------------------ test ends --------------------------------
