
------------------------------ test starts ------------------------------ 
s**********************************************: 2
Current result: {471,503,535,536}
Current function value: 6.921230029664224E7
s**********************************************: 3
Current result: {311,312,344,376,408,440,472,504,536}
Current function value: 6.937833320543465E7
s**********************************************: 4
Current result: {504,536,537,538,570,602,603,635,636,637,638}
Current function value: 7.111856432572588E7
s**********************************************: 5
Current result: {309,341,372,373,374,402,403,404,434}
Current function value: 7.205311773275115E7
s**********************************************: 6
Current result: {472,504,536,568,569,570,602,634,666,667,668,669,701,733,765,797,798,799}
Current function value: 7.054045681255516E7
s**********************************************: 7
Current result: {343,344,371,374,375,376,403,404,405,406,408,440,472,504}
Current function value: 6.92215068577542E7
s**********************************************: 8
Current result: {374,406,438,441,442,443,444,445,470,471,472,473,477,503,509,541,542,574,606,638,670,702,734,766,798,830}
Current function value: 7.03250798589271E7
s**********************************************: 9
Current result: {371,403,404,405,406,407,408,409,435,441,442,474,506,507,508,509,541,542}
Current function value: 7.084986296158439E7
s**********************************************: 10
Current result: {342,374,375,403,404,405,406,437,438,439,471,503,535,536,568,569,570,571,603,635,667,699,700,701,733,765,797,798,829,861,862,863}
Current function value: 6.876309765903834E7
s**********************************************: 11
Current result: {272,304,307,308,309,310,311,312,334,335,336,337,338,339,344,376,407,408,439,471}
Current function value: 6.932907736848275E7
s**********************************************: 12
Current result: {276,277,306,307,308,338,370,402,434,435,466,467,468,469,470,471,472,473,474,475,507,508,509,541,542,574,606,638,670,702,734,766,798,830,862}
Current function value: 6.92246181210082E7
s**********************************************: 13
Current result: {374,406,407,439,471,503,535,566,567,598,629,630,661,693,694,695,696,697,698,699,700,701,733,765,797,829,861,862,894}
Current function value: 6.924230663752319E7
s**********************************************: 14
Current result: {471,472,473,505,537,538,539,570,602,605,629,630,631,632,633,634,635,636,637,661,669,701,733,765}
Current function value: 7.006117536674435E7
s**********************************************: 15
Current result: {445,477,478,509,510,541,572,573,605,606,637,638,639,669,671,701,733,764,765,766,767,797,799,829,830,861,891,892,893,923}
Current function value: 7.10072424281533E7
sRESULT**********************************************: 
result subgraph is: [342, 374, 375, 403, 404, 405, 406, 437, 438, 439, 471, 503, 535, 536, 568, 569, 570, 571, 603, 635, 667, 699, 700, 701, 733, 765, 797, 798, 829, 861, 862, 863]
------------------------------ test ends --------------------------------
