
------------------------------ test starts ------------------------------ 
s**********************************************: 2
Current result: {422,423,424,425,426,455}
Current function value: 7.190427833261259E7
s**********************************************: 3
Current result: {423,424,425,455,457,458}
Current function value: 6.859074752163255E7
s**********************************************: 4
Current result: {394,422,423,426,455,456,457,458}
Current function value: 6.879071364350064E7
s**********************************************: 5
Current result: {268,300,332,363,364,395,425,426,427,454,455,456,457,458}
Current function value: 6.834101393965372E7
s**********************************************: 6
Current result: {234,265,266,298,303,330,335,362,367,394,395,396,397,398,399,426,458}
Current function value: 6.94277394426661E7
s**********************************************: 7
Current result: {204,234,235,236,237,238,239,266,298,330,362,394,425,426,455,456,457,458}
Current function value: 7.020974475910331E7
s**********************************************: 8
Current result: {393,394,423,424,425,455,487,519,551,583,615,647,677,678,679,709}
Current function value: 7.045761328371462E7
s**********************************************: 9
Current result: {141,142,143,144,172,173,203,204,234,235,266,298,330,362,394,424,425,426}
Current function value: 7.018415770675719E7
s**********************************************: 10
Current result: {236,237,265,266,267,268,269,296,297,301,302,303,328,335,360,367,368,392,393,425,457,489,520,521,552,583,584,615}
Current function value: 6.919687228659075E7
s**********************************************: 11
Current result: {140,172,173,174,203,204,235,236,267,268,296,298,299,328,329,330,362,393,394,425,457,458}
Current function value: 6.885815596902607E7
s**********************************************: 12
Current result: {266,267,268,269,270,298,330,362,394,422,423,424,425,426,455,487,519,551,583,615,645,646,647,675,676,677,707}
Current function value: 6.904728953368741E7
s**********************************************: 13
Current result: {235,262,263,264,265,266,267,268,269,270,271,272,292,294,304,324,325,326,336,368,369,370,402,434,466,498,530,562}
Current function value: 7.161430772437376E7
s**********************************************: 14
Current result: {236,267,268,269,270,271,272,273,300,305,306,330,331,332,338,362,370,394,402,423,424,425,426,434,435,436,455,487}
Current function value: 6.827849145609918E7
s**********************************************: 15
Current result: {240,241,269,270,271,272,273,274,301,306,338,370,402,434,466,498,530,562,563,595,596,597,598,599,631,663,664,696,697,698,699,700,732,733,765,797,829,861,893,925,926,927,959}
Current function value: 6.938523707390034E7
sRESULT**********************************************: 
result subgraph is: [236, 267, 268, 269, 270, 271, 272, 273, 300, 305, 306, 330, 331, 332, 338, 362, 370, 394, 402, 423, 424, 425, 426, 434, 435, 436, 455, 487]
------------------------------ test ends --------------------------------
