
------------------------------ test starts ------------------------------ 
s**********************************************: 2
Current result: {203,235,236}
Current function value: 7.370943574810725E7
s**********************************************: 3
Current result: {369,370,402,434,466,498,530,562,594}
Current function value: 7.149953179412742E7
s**********************************************: 4
Current result: {206,207,237,238,270,302,334}
Current function value: 7.329534705251987E7
s**********************************************: 5
Current result: {304,305,306,307,336,339,368,400,401,433,434}
Current function value: 7.305351317281552E7
s**********************************************: 6
Current result: {274,306,338,370,394,395,396,397,398,399,400,401,402,426,457,458}
Current function value: 6.930933252547008E7
s**********************************************: 7
Current result: {234,235,236,237,269,270,271,303,335,367,368,369,401,402}
Current function value: 7.286001659452875E7
s**********************************************: 8
Current result: {232,233,234,235,236,237,238,264,270,296,302,304,305,306,334,335,336}
Current function value: 7.300997633787765E7
s**********************************************: 9
Current result: {366,367,392,393,394,395,396,397,398,399,424,427,431,432,433,434,435,467,499,531,563,595,596,628,629,630,631,632,664,694,695,696,726,728,729,730,731,732,733,765,797,798,830,862,894,895,927,959}
Current function value: 6.913335101129404E7
s**********************************************: 10
Current result: {171,173,203,205,234,235,237,266,267,268,269,270,298,330,362,393,394,425,457}
Current function value: 7.05174561228075E7
s**********************************************: 11
Current result: {238,270,271,296,303,304,328,333,334,335,336,360,365,392,393,394,395,396,397,424,425,456,488,518,519,520,550,582,613,614,643,644,645,675,707,739}
Current function value: 7.014280689025502E7
s**********************************************: 12
Current result: {173,203,204,205,237,238,270,271,303,335,367,394,395,396,397,398,399,400,401,402,422,423,424,425,426,434}
Current function value: 6.892044010763174E7
s**********************************************: 13
Current result: {204,234,236,263,264,265,266,267,268,269,270,271,294,295,303,326,335,336,338,358,368,369,370,390,422,423}
Current function value: 7.13780856536342E7
s**********************************************: 14
Current result: {203,235,267,298,299,330,362,394,417,418,419,420,421,422,423,424,425,426,449,481,513,545,577,609,641,673,674,705,706,737}
Current function value: 6.938579247859462E7
s**********************************************: 15
Current result: {206,238,241,270,271,272,273,274,297,303,326,327,328,329,334,335,361,366,393,394,395,396,397,398,399,400,423,424,425,426}
Current function value: 6.854260589228164E7
sRESULT**********************************************: 
result subgraph is: [206, 238, 241, 270, 271, 272, 273, 274, 297, 303, 326, 327, 328, 329, 334, 335, 361, 366, 393, 394, 395, 396, 397, 398, 399, 400, 423, 424, 425, 426]
------------------------------ test ends --------------------------------
