
------------------------------ test starts ------------------------------ 
s**********************************************: 2
Current result: {552,553,554,555,556,584}
Current function value: 7.356175609448485E7
s**********************************************: 3
Current result: {551,552,583,615}
Current function value: 7.367703830393438E7
s**********************************************: 4
Current result: {299,331,363,395,396,397,429,461,493,525,553,554,555,556,557}
Current function value: 7.147467289752376E7
s**********************************************: 5
Current result: {612,613,614,615,644,676,707,708,739,771}
Current function value: 7.270940304413418E7
s**********************************************: 6
Current result: {237,264,265,266,267,268,269,295,296,327,359,391,392,424,456,488,520,551,552,583,615,647,679,709,710,711,741,771,772,773,803}
Current function value: 7.182059125455727E7
s**********************************************: 7
Current result: {207,208,209,210,211,212,213,236,237,238,239,245,246,278,310,342,374,375,407,439,440,472,504,536,537,538,539,540,541,569,573,605,637,638,670,702,734}
Current function value: 6.970038958120258E7
s**********************************************: 8
Current result: {234,235,236,237,238,265,266,270,297,302,329,361,393,425,457,489,521,553,585,617,647,648,649,677,678,679,709,739,740,741,771,803,832,833,834,835,864,896,897,929}
Current function value: 7.202676711153138E7
s**********************************************: 9
Current result: {310,342,343,375,407,408,440,472,473,505,535,536,537,568,569,599,600,601,632}
Current function value: 7.011661448005709E7
s**********************************************: 10
Current result: {586,587,618,647,648,649,650,676,677,678,679,708,740,741,769,770,771,772,801,833}
Current function value: 7.256338724807733E7
s**********************************************: 11
Current result: {332,364,394,395,396,426,458,490,522,554,555,556,588,620,650,651,652,682,706,707,708,709,710,711,712,713,714,738,770,801,802,832,833,864}
Current function value: 7.10996288514023E7
s**********************************************: 12
Current result: {199,200,204,205,206,232,233,234,235,236,238,267,270,299,302,303,331,335,336,337,338,339,363,371,372,373,374,394,395,406,426,438,440,458,470,471,472,490,503,504,505,522,537,554,569,586,601,602,603,616,617,618,619,647,648,679,708,709,710,711,740,768,771,772,800,803,832,835,864,865,866,867}
Current function value: 6.87343883409095E7
s**********************************************: 13
Current result: {209,241,273,304,305,336,365,366,367,368,397,428,429,459,460,490,491,520,521,522,552,584,585,616,617}
Current function value: 7.083351218698491E7
s**********************************************: 14
Current result: {206,207,208,236,237,238,268,300,332,364,365,397,398,399,400,401,402,403,404,405,406,407,408,428,429,440,460,472,473,474,475,504,507,536,537,569,600,601,632}
Current function value: 6.848884659610105E7
s**********************************************: 15
Current result: {237,238,245,246,270,277,302,309,334,341,366,367,368,373,396,397,398,400,405,428,432,433,434,435,436,437,460,469,470,492,502,503,504,505,524,537,556,569,587,588,601,616,617,618,619,633,634,635,636,637,638,646,647,648,670,678,702,708,709,710,734,740,766,772,798,799,831,863,895,927}
Current function value: 6.88300437411532E7
sRESULT**********************************************: 
result subgraph is: [206, 207, 208, 236, 237, 238, 268, 300, 332, 364, 365, 397, 398, 399, 400, 401, 402, 403, 404, 405, 406, 407, 408, 428, 429, 440, 460, 472, 473, 474, 475, 504, 507, 536, 537, 569, 600, 601, 632]
------------------------------ test ends --------------------------------
