
------------------------------ test starts ------------------------------ 
s**********************************************: 2
Current result: {670,671,701,702}
Current function value: 7.314214360246113E7
s**********************************************: 3
Current result: {549,581,613,614,615,647}
Current function value: 7.285374734976548E7
s**********************************************: 4
Current result: {308,340,341,342,374,375,407,439}
Current function value: 7.074217172249511E7
s**********************************************: 5
Current result: {552,583,584,609,610,611,612,613,614,615}
Current function value: 7.298999106219438E7
s**********************************************: 6
Current result: {554,555,579,580,581,582,583,584,585,586,611}
Current function value: 7.185853092516619E7
s**********************************************: 7
Current result: {586,617,618,644,645,646,647,648,649,675,676,677,707,709,741,773}
Current function value: 7.291557171426167E7
s**********************************************: 8
Current result: {278,279,311,343,375,407,439,471,501,502,503,504,505,533,537,538,539,565,571,597,603,629,635,636,637,669,701,733,734,735,767}
Current function value: 6.877441789339198E7
s**********************************************: 9
Current result: {611,640,641,643,645,673,674,675,676,677,707,708,739,771,772,773}
Current function value: 7.129932424901466E7
s**********************************************: 10
Current result: {340,341,342,374,375,407,439,440,441,473,505,506,507,508,509,541,573,605,637,669,701,733,734,766,798,830,862,863,895,927,959}
Current function value: 6.994142528910056E7
s**********************************************: 11
Current result: {490,522,545,546,547,553,554,555,556,578,579,580,581,582,583,584,585,588,610,616,620,642}
Current function value: 7.063414644490606E7
s**********************************************: 12
Current result: {212,243,244,245,271,275,277,278,298,299,300,301,302,303,304,305,306,307,327,328,329,330,359,391,423,452,453,454,455,484,515,516,548,580,612,644,674,675,676}
Current function value: 6.927205116423172E7
s**********************************************: 13
Current result: {513,523,545,555,577,587,588,609,619,620,641,643,644,645,646,649,650,651,673,674,675,678,679,680,681,705,737,768,769,800,832,864,896,928}
Current function value: 6.94442284188092E7
s**********************************************: 14
Current result: {212,213,245,246,278,310,342,374,406,438,470,502,534,566,567,568,600,632,664,665,666,667,668,669,701,702,703,735,767,799,831,862,863,895}
Current function value: 6.885189671471098E7
s**********************************************: 15
Current result: {235,236,237,267,269,270,271,272,273,274,275,299,307,308,309,310,331,342,343,363,375,395,407,427,439,440,441,459,473,491,505,514,523,537,538,539,540,541,546,554,555,573,578,579,580,581,582,583,584,585,586,605,637,669,701,733,765,797}
Current function value: 6.925381070275217E7
sRESULT**********************************************: 
result subgraph is: [278, 279, 311, 343, 375, 407, 439, 471, 501, 502, 503, 504, 505, 533, 537, 538, 539, 565, 571, 597, 603, 629, 635, 636, 637, 669, 701, 733, 734, 735, 767]
------------------------------ test ends --------------------------------
