
------------------------------ test starts ------------------------------ 
s**********************************************: 2
Current result: {638,639,670}
Current function value: 7.292110304117E7
s**********************************************: 3
Current result: {701,733,765,766,767}
Current function value: 7.3452781470204E7
s**********************************************: 4
Current result: {394,426,458,490,522,554,555,587,615,616,617,618,619}
Current function value: 7.187628933645251E7
s**********************************************: 5
Current result: {513,545,546,578,610,641,642,643,673}
Current function value: 7.328084278616245E7
s**********************************************: 6
Current result: {271,272,273,274,275,307,308,309,341,373,405,437,469}
Current function value: 7.029509614128217E7
s**********************************************: 7
Current result: {547,548,549,550,551,579,583,584,585,586,611,618,619,643,644,676,708}
Current function value: 7.149247444366112E7
s**********************************************: 8
Current result: {642,643,644,645,672,673,674,704,736,768,769,800,832,864,896,897}
Current function value: 7.148558715431139E7
s**********************************************: 9
Current result: {458,489,490,521,553,585,609,610,611,612,613,614,615,616,617,618,619}
Current function value: 7.107460071053961E7
s**********************************************: 10
Current result: {551,552,553,554,580,581,582,583,610,611,612,642,644,676,708,740,771,772,773}
Current function value: 7.109150720870666E7
s**********************************************: 11
Current result: {373,405,437,469,472,473,501,502,503,504,536,537,569,601,602,603,604,605,606,633,634,638,670,702,734,766,798,830}
Current function value: 6.949398247052898E7
s**********************************************: 12
Current result: {298,299,330,362,394,426,427,428,429,430,431,432,433,434,435,436,437,438,458,470,471,472,473,474,489,490,506,521,522,523,538,539,540,541,555,573,587,605,613,614,615,616,617,618,619,637,645,669,670,671,701,733,765,796,797,798,830,862}
Current function value: 7.037890869624934E7
s**********************************************: 13
Current result: {583,615,616,619,648,649,650,651,682,713,714,743,744,745,772,773,774,775,803,804,835,866,867,896,897,898}
Current function value: 6.858902754437022E7
s**********************************************: 14
Current result: {266,267,298,322,330,354,362,386,394,418,426,450,451,452,453,455,456,457,458,481,482,485,486,487,490,522,554,586,618,619}
Current function value: 6.87383928520832E7
s**********************************************: 15
Current result: {299,300,301,302,303,304,305,306,307,308,340,341,373,405,437,469,501,502,503,504,536,568,572,573,600,601,602,603,604,605,632,637,669,670,702,734}
Current function value: 6.923054890986568E7
sRESULT**********************************************: 
result subgraph is: [583, 615, 616, 619, 648, 649, 650, 651, 682, 713, 714, 743, 744, 745, 772, 773, 774, 775, 803, 804, 835, 866, 867, 896, 897, 898]
------------------------------ test ends --------------------------------
