
------------------------------ test starts ------------------------------ 
s**********************************************: 2
Current result: {210,211,242,243}
Current function value: 7.35121337860991E7
s**********************************************: 3
Current result: {458,490,522,523,555,556}
Current function value: 7.211012441900578E7
s**********************************************: 4
Current result: {236,237,238,239,240,241,242,243,244,245}
Current function value: 7.32409706526205E7
s**********************************************: 5
Current result: {709,740,741,771,772,803,834,835,864,865,866}
Current function value: 7.302058028007984E7
s**********************************************: 6
Current result: {206,207,208,237,238,240,241,242,243,244,276,277,309,310,342,373,374,405}
Current function value: 7.12377715824028E7
s**********************************************: 7
Current result: {300,330,331,332,362,394,426,458,490,522,554,583,584,585,586,587,615}
Current function value: 7.201094399161293E7
s**********************************************: 8
Current result: {178,204,205,206,207,208,209,210,236,241,268,273,300,331,332,363}
Current function value: 7.277077301974745E7
s**********************************************: 9
Current result: {520,521,522,523,552,580,581,582,583,584,611,612,643,675,707,738,739,770}
Current function value: 7.214335641925615E7
s**********************************************: 10
Current result: {206,207,208,209,210,238,270,302,328,329,330,331,332,333,334,360,392,424,456,488,520,552,553,585,586,587}
Current function value: 7.095555523686248E7
s**********************************************: 11
Current result: {587,615,616,617,618,619,646,647,648,678,680,710,740,741,742,772,803,804,833,834,835,865}
Current function value: 7.163485505893263E7
s**********************************************: 12
Current result: {206,207,239,240,269,270,271,272,301,331,332,333,363,395,427,452,453,454,455,459,481,482,483,484,487,491,519,520,521,522,523,551,583,615,645,646,647,648,649,650,677,708,709,740,772}
Current function value: 7.025952282203811E7
s**********************************************: 13
Current result: {277,309,341,342,374,404,406,436,437,438,439,440,441,442,469,474,506,538,570,571,572,573,605,637,638,670}
Current function value: 6.916063404697579E7
s**********************************************: 14
Current result: {236,237,238,239,271,303,335,367,399,431,463,495,520,524,525,526,527,552,556,584,586,587,588,614,615,616,617,618,646,647,678,710,742}
Current function value: 6.960564318543452E7
s**********************************************: 15
Current result: {142,143,144,175,176,206,207,238,239,267,270,299,300,301,302,332,362,363,364,394,426,458,490,521,522,523,553}
Current function value: 7.123098573435214E7
sRESULT**********************************************: 
result subgraph is: [277, 309, 341, 342, 374, 404, 406, 436, 437, 438, 439, 440, 441, 442, 469, 474, 506, 538, 570, 571, 572, 573, 605, 637, 638, 670]
------------------------------ test ends --------------------------------
