
------------------------------ test starts ------------------------------ 
s**********************************************: 2
Current result: {554,586,617,618}
Current function value: 7.335549022278412E7
s**********************************************: 3
Current result: {330,331,363,395,427,459}
Current function value: 7.202297201527925E7
s**********************************************: 4
Current result: {515,516,547,579,611,643,675}
Current function value: 7.31286567643646E7
s**********************************************: 5
Current result: {373,405,437,469,501,533,565,596,597,628}
Current function value: 6.928188427716288E7
s**********************************************: 6
Current result: {536,537,538,539,540,568,572,573,574,605}
Current function value: 7.23551536344138E7
s**********************************************: 7
Current result: {303,304,305,306,338,339,371,403,435,436,437,469,470,502,534,535,536,537,538,539,540,572,604,636,668,669}
Current function value: 6.927605124081036E7
s**********************************************: 8
Current result: {301,302,303,304,305,306,307,331,332,333,339,363,371,395,403,404,405,427,437,459,486,487,488,489,490,491,516,517,518}
Current function value: 6.881208145927602E7
s**********************************************: 9
Current result: {520,521,522,551,552,554,555,583,587,613,614,615,645,675,676,677}
Current function value: 7.057751529165137E7
s**********************************************: 10
Current result: {207,208,238,239,240,241,270,273,299,300,301,302,305,306,307,334,339,371,403,404,436,437,438,439,440,472,504,536,568,600,601}
Current function value: 6.916157402723758E7
s**********************************************: 11
Current result: {522,553,554,555,581,582,583,584,585,587,609,610,611,612,613,617,644,676,677,709,741,773}
Current function value: 7.069329135078384E7
s**********************************************: 12
Current result: {303,306,335,336,337,338,339,340,341,372,373,405,437,469,470,471,472,473,505,537,569,570,602}
Current function value: 6.860703823421748E7
s**********************************************: 13
Current result: {373,405,437,469,501,502,503,504,505,533,537,564,565,569,596,601,633,665,697,701,702,703,729,732,733,761,762,763,764,796,797}
Current function value: 6.995656077292624E7
s**********************************************: 14
Current result: {395,427,458,459,490,518,519,520,521,522,546,547,548,549,550,578,610,642,674,675,677,707,708,709}
Current function value: 7.00352881956568E7
s**********************************************: 15
Current result: {275,307,339,340,341,373,405,437,438,439,440,472,504,536,568,569,601,633,665,666,667,668,700,701,702,734,735,767,799}
Current function value: 6.889120522151554E7
sRESULT**********************************************: 
result subgraph is: [303, 306, 335, 336, 337, 338, 339, 340, 341, 372, 373, 405, 437, 469, 470, 471, 472, 473, 505, 537, 569, 570, 602]
------------------------------ test ends --------------------------------
