
------------------------------ test starts ------------------------------ 
s**********************************************: 2
Current result: {705,706,707,739}
Current function value: 7.290963868207507E7
s**********************************************: 3
Current result: {704,705,706,707,738,770}
Current function value: 7.28737376179541E7
s**********************************************: 4
Current result: {174,205,206,207,233,234,237,265,269,297,298,299,300,301}
Current function value: 7.293240120202062E7
s**********************************************: 5
Current result: {473,474,475,476,477,478,505,510,537,542,562,569,574,594,595,596,597,598,599,600,601,606,627,638,670,702,734,766,798,830,861,862,894,926,958,959}
Current function value: 6.943175069905958E7
s**********************************************: 6
Current result: {173,205,206,238,239,240,270,271,272,273,274,306}
Current function value: 7.290302678399125E7
s**********************************************: 7
Current result: {172,173,174,204,206,235,236,237,267,269,295,296,297,298,299,301,328,333,360,392,424,449,450,451,452,453,454,455,456,481,513,545,577,609,641,642,643,675,707,708,709,710,738,739,769,770}
Current function value: 7.102296693132661E7
s**********************************************: 8
Current result: {235,265,266,267,299,331,332,333,334,335,363,367,394,395,399,426}
Current function value: 7.083200969532897E7
s**********************************************: 9
Current result: {205,237,269,270,298,299,300,301,302,330,334,335,362,367,394,426,458,459,491}
Current function value: 7.003397581096339E7
s**********************************************: 10
Current result: {172,204,205,206,238,270,302,303,335,367,368,369,370,402,434,466,498,530,562,594}
Current function value: 7.14466985621608E7
s**********************************************: 11
Current result: {336,368,400,426,427,428,429,430,431,432,433,434,466,467,499,531,562,563,569,570,594,599,600,601,602,603,626,627,628,629,630,631,635,667,699,700,732,764,796,828,829,861,862,863,895,927,958,959}
Current function value: 6.897216934617005E7
s**********************************************: 12
Current result: {204,236,237,238,266,267,268,296,297,298,329,361,393,422,423,424,425,426,427,456,458,459,491,523,555,587,619,651,683,715,747,748,749,750,751,752,753,754,755,756,757,758,759,760}
Current function value: 6.885061893305176E7
s**********************************************: 13
Current result: {172,173,202,203,204,234,236,268,300,301,333,365,366,367,399,400,432,433,465,497,529,530,531,563,595,627}
Current function value: 7.03914234952067E7
s**********************************************: 14
Current result: {172,173,205,206,234,235,236,237,238,239,270,302,303,335,337,367,368,369,370,402,434,466,498,499,531,563,595}
Current function value: 7.105901961904763E7
s**********************************************: 15
Current result: {173,174,206,238,266,267,268,269,270,271,272,273,298,305,306,330,362,394,426,458,488,489,490,491,520,552,583,584,585,586,587,588,603,615,620,635,652,657,658,659,660,661,662,663,664,665,666,667,668,684,685,686,687,688,689,700,701,702,734,766,798,830,862,894}
Current function value: 6.875180131829238E7
sRESULT**********************************************: 
result subgraph is: [173, 174, 206, 238, 266, 267, 268, 269, 270, 271, 272, 273, 298, 305, 306, 330, 362, 394, 426, 458, 488, 489, 490, 491, 520, 552, 583, 584, 585, 586, 587, 588, 603, 615, 620, 635, 652, 657, 658, 659, 660, 661, 662, 663, 664, 665, 666, 667, 668, 684, 685, 686, 687, 688, 689, 700, 701, 702, 734, 766, 798, 830, 862, 894]
------------------------------ test ends --------------------------------
