
------------------------------ test starts ------------------------------ 
s**********************************************: 2
Current result: {335,366,367,368}
Current function value: 6.87947875650086E7
s**********************************************: 3
Current result: {353,385,386,387,388,389,421,453,485}
Current function value: 7.295222410345054E7
s**********************************************: 4
Current result: {328,334,335,360,367,392,393,394,395,396,397,398,399}
Current function value: 6.881481733474244E7
s**********************************************: 5
Current result: {451,483,484,485,517,549,581,611,612,613,643}
Current function value: 7.315774045308103E7
s**********************************************: 6
Current result: {392,393,394,395,396,397,398,399,400,401,402,434}
Current function value: 6.890104611965553E7
s**********************************************: 7
Current result: {366,392,393,394,395,396,397,398,424,456,487,488,517,518,519}
Current function value: 6.87528211749339E7
s**********************************************: 8
Current result: {325,334,355,356,357,358,359,360,361,362,363,364,365,366,398}
Current function value: 6.902737141479667E7
s**********************************************: 9
Current result: {321,322,323,324,325,353,357,358,390,422,454,455,485,486,517,549,581,613}
Current function value: 7.210260848804475E7
s**********************************************: 10
Current result: {353,354,355,360,361,387,388,389,390,391,392,421,453,484,485,515,516,547,579,611}
Current function value: 7.076119372817816E7
s**********************************************: 11
Current result: {360,361,362,363,364,365,366,367,368,393,394,400,401,433,434,466,467,499,531,563,595,627,628,660,692,724,725,726}
Current function value: 6.856089827941142E7
s**********************************************: 12
Current result: {325,326,327,328,357,360,361,366,367,368,369,389,393,394,395,396,397,398,401,402,421,434,453,485}
Current function value: 6.782216816083343E7
s**********************************************: 13
Current result: {358,359,360,361,390,393,422,454,486,487,519,549,550,551,581,612,613,642,643,644,673,674,705,737,738,739,771}
Current function value: 7.030354744413315E7
s**********************************************: 14
Current result: {330,358,360,361,362,390,391,392,394,395,423,453,454,455,485,513,514,515,516,517,544,545,576,608,640,672,704,736}
Current function value: 6.996170768238185E7
s**********************************************: 15
Current result: {486,518,550,582,614,641,642,643,644,645,646,673,692,705,717,718,719,720,721,722,723,724,725,726,727,728,729,736,737,738,739,740,741,742,743,744,745,746,747,748,749,761,768,771,793,794,795,827,859,860}
Current function value: 7.003103821745814E7
sRESULT**********************************************: 
result subgraph is: [325, 326, 327, 328, 357, 360, 361, 366, 367, 368, 369, 389, 393, 394, 395, 396, 397, 398, 401, 402, 421, 434, 453, 485]
------------------------------ test ends --------------------------------
