
------------------------------ test starts ------------------------------ 
s**********************************************: 2
Current result: {342,374,406,438,470,502,534,566}
Current function value: 6.98418609856442E7
s**********************************************: 3
Current result: {736,737,738,739,768,800}
Current function value: 7.334043902901891E7
s**********************************************: 4
Current result: {341,342,343,375,407,438,439,470,502,534,566,567,598}
Current function value: 6.838331963844769E7
s**********************************************: 5
Current result: {372,373,374,406,438,470,502,534,566,598}
Current function value: 6.890152097315721E7
s**********************************************: 6
Current result: {374,406,438,470,502,534,566,598,599,600,632,633,665,697,698,730,762,794,826,827,828,860}
Current function value: 6.868510391365182E7
s**********************************************: 7
Current result: {354,355,385,386,418,450,482,514,546,578,610,642,643,675,707,739,771,772}
Current function value: 7.254788614086671E7
s**********************************************: 8
Current result: {311,342,343,374,375,407,408,439,471,502,503,534}
Current function value: 6.874590381894866E7
s**********************************************: 9
Current result: {338,342,343,370,371,372,373,374,402,406,433,434,438,470,502,534,566,567}
Current function value: 6.813206549325514E7
s**********************************************: 10
Current result: {306,338,339,340,370,402,433,434,461,462,463,464,465,497,529,534,561,562,566,594,595,596,597,598,627,659}
Current function value: 6.852178607698657E7
s**********************************************: 11
Current result: {372,373,374,402,403,404,406,429,430,431,432,433,434,438,460,461,470,492,502,534,566,567}
Current function value: 6.801757659488551E7
s**********************************************: 12
Current result: {449,450,451,481,483,515,547,579,580,581,613,614,646,647,679,711,741,742,743,768,769,770,771,772,773}
Current function value: 7.083886761442165E7
s**********************************************: 13
Current result: {325,342,357,358,359,370,371,372,373,374,375,391,400,401,402,423,429,430,431,432,455,457,458,459,460,461,487,488,489,519,548,549,550,551,579,580,611,643}
Current function value: 6.835697706488019E7
s**********************************************: 14
Current result: {308,309,341,372,373,374,404,406,436,468,500,532,533,534,566,567,568,600,632,664,696,728,760,792,793,794}
Current function value: 6.86343323965086E7
s**********************************************: 15
Current result: {341,342,343,370,371,372,373,374,402,406,433,434,438,461,462,463,464,465,470,493,502,519,520,521,522,523,524,525,534,566,567}
Current function value: 6.820152671595508E7
sRESULT**********************************************: 
result subgraph is: [372, 373, 374, 402, 403, 404, 406, 429, 430, 431, 432, 433, 434, 438, 460, 461, 470, 492, 502, 534, 566, 567]
------------------------------ test ends --------------------------------
