
------------------------------ test starts ------------------------------ 
s**********************************************: 2
Current result: {367,368,369,401}
Current function value: 6.931606002123865E7
s**********************************************: 3
Current result: {334,362,363,364,365,366,367}
Current function value: 6.886487387820412E7
s**********************************************: 4
Current result: {331,332,333,334,335,362,363,366,367,394}
Current function value: 6.814734178289597E7
s**********************************************: 5
Current result: {329,335,336,361,362,363,364,365,366,367}
Current function value: 6.839514891955924E7
s**********************************************: 6
Current result: {329,359,360,361,362,363,391,422,423,454,485,486}
Current function value: 7.030704832161415E7
s**********************************************: 7
Current result: {329,330,331,332,333,334,361,362,366,367,393,394,399,400,401,433,434,466}
Current function value: 6.810590945120941E7
s**********************************************: 8
Current result: {323,324,325,326,331,332,333,334,335,354,355,358,359,360,361,363,367,368,387,393,394,395,400,419,451,483,515,547,579,611}
Current function value: 6.989211618820335E7
s**********************************************: 9
Current result: {329,331,335,361,362,363,364,365,366,367,368,369,393,394,425,457,487,488,489,518,519}
Current function value: 6.813406844515812E7
s**********************************************: 10
Current result: {323,324,325,329,330,331,332,333,334,335,336,357,358,359,360,361,368,389,400,401,421,453,485}
Current function value: 6.855414426743014E7
s**********************************************: 11
Current result: {266,297,298,327,328,329,330,331,332,333,334,335,353,354,355,356,357,358,359,362,366,391,423,455,487,519,551,582,583,614,646,678,710,742,774,806}
Current function value: 6.833608460318422E7
s**********************************************: 12
Current result: {329,331,332,333,334,335,359,360,361,362,363,391,393,394,423,455,487,519,551,583,615,647,679,711,743,744,745}
Current function value: 6.831912256782322E7
s**********************************************: 13
Current result: {235,236,268,300,325,326,327,328,329,330,331,332,333,334,336,337,357,366,367,368,369,389,401,421,453,483,484,485,515,547,579,611,643}
Current function value: 6.908811401267998E7
s**********************************************: 14
Current result: {329,330,331,332,333,334,335,336,352,355,361,368,369,384,385,386,387,388,389,390,391,392,393,394,401,419,451,483}
Current function value: 6.828141578695948E7
s**********************************************: 15
Current result: {265,266,297,329,356,357,358,359,360,361,364,365,366,367,368,369,389,393,394,395,396,401,402,421,434,453,454,466,498,530,531,563,595,596,628,660,692,693}
Current function value: 6.860851005777688E7
sRESULT**********************************************: 
result subgraph is: [329, 330, 331, 332, 333, 334, 361, 362, 366, 367, 393, 394, 399, 400, 401, 433, 434, 466]
------------------------------ test ends --------------------------------
