
------------------------------ test starts ------------------------------ 
s**********************************************: 2
Current result: {331,335,336,362,363,364,365,366,367}
Current function value: 6.801754854001962E7
s**********************************************: 3
Current result: {331,336,363,364,365,366,367,368,369}
Current function value: 6.785972918740945E7
s**********************************************: 4
Current result: {266,298,330,362,363,364,365,366,367,368,369,393,394,425}
Current function value: 6.855386663035783E7
s**********************************************: 5
Current result: {266,298,330,332,333,334,335,362,363,364,367,368,369}
Current function value: 6.845498719187033E7
s**********************************************: 6
Current result: {483,484,485,486,487,515,547,579,611,643,675,704,707,736,737,738,739,740,741,742,743,774}
Current function value: 7.115343831736512E7
s**********************************************: 7
Current result: {235,267,299,331,332,333,362,363,365,366,367,368,394,395}
Current function value: 6.807833654726017E7
s**********************************************: 8
Current result: {324,325,326,327,331,332,333,334,335,336,337,359,360,361,362,363,368,393}
Current function value: 6.786654624851431E7
s**********************************************: 9
Current result: {329,330,331,332,333,334,335,336,337,361,363,369,393,401,425,433,434,456,457,488,517,518,519,520,549,581,613}
Current function value: 6.866267286210653E7
s**********************************************: 10
Current result: {266,267,299,326,331,334,335,358,359,360,362,363,364,365,366,367,368,390,392,393,394,400,401,402,422,434,454,486,517,518,519}
Current function value: 6.827329998297603E7
s**********************************************: 11
Current result: {234,266,297,298,329,331,332,333,334,335,336,337,357,358,359,360,361,362,363,369,389,421,422,454,486,518,519,551,583,615,647,679,711,743}
Current function value: 6.871204501989843E7
s**********************************************: 12
Current result: {331,332,333,334,335,336,362,363,367,368,393,394,424,425,455,456,487,519,551,583,615,647,679,711,743,744}
Current function value: 6.798795321585159E7
s**********************************************: 13
Current result: {296,297,298,299,300,328,332,333,334,360,366,367,368,391,392,423,455,487,519,551,583,615,647,679,711,742,743,744,745,774}
Current function value: 6.855616568881187E7
s**********************************************: 14
Current result: {331,332,333,334,335,336,361,362,363,392,393,394,423,424,455,485,486,487,517,519,549,580,581,612,644,675,676,707,739,771,803,835,865,866,867,896,897}
Current function value: 6.907863746437018E7
s**********************************************: 15
Current result: {234,266,298,299,300,301,330,333,334,335,336,362,368,369,393,394,423,424,425,455,485,486,487,519,551,582,583,614,646,647,679,711,743}
Current function value: 6.837129423982543E7
sRESULT**********************************************: 
result subgraph is: [331, 336, 363, 364, 365, 366, 367, 368, 369]
------------------------------ test ends --------------------------------
