
------------------------------ test starts ------------------------------ 
s**********************************************: 2
Current result: {555,556,557,589,590,591,592}
Current function value: 6.909540075478463E7
s**********************************************: 3
Current result: {487,488,489,490,522,554,555,587,619}
Current function value: 7.057922025781031E7
s**********************************************: 4
Current result: {556,557,558,559,560,561}
Current function value: 7.090873889612195E7
s**********************************************: 5
Current result: {327,328,329,355,356,357,358,359,391,423}
Current function value: 7.168804649391511E7
s**********************************************: 6
Current result: {138,170,202,203,204,205,206,233,234,235,265,297,298,330,362,394,426,453,454,458,482,483,484,485,490,517,522,549,554,555,556,557,558,559,581,585,586,591,613,617,645,646,647,648,649,681}
Current function value: 6.815358503862657E7
s**********************************************: 7
Current result: {267,268,269,270,299,328,329,330,331,355,356,357,358,359,360,362,363}
Current function value: 7.005535748607765E7
s**********************************************: 8
Current result: {451,452,453,454,455,481,482,483,487,488,489,521,522,554,555,556}
Current function value: 7.102788090454409E7
s**********************************************: 9
Current result: {352,353,355,356,357,358,359,360,361,362,385,386,387,419,451,483,515,547,579,611,643,675,707,739}
Current function value: 7.061428892232813E7
s**********************************************: 10
Current result: {328,329,330,362,394,424,425,426,455,456,487,519,520,521,553,554,555,556,586,587}
Current function value: 6.825272142454764E7
s**********************************************: 11
Current result: {168,169,170,202,234,235,236,237,238,239,240,266,271,298,328,329,330,360,362,392,423,424,454,455}
Current function value: 6.853692748711365E7
s**********************************************: 12
Current result: {328,360,392,422,423,424,425,426,453,454,456,483,484,485,488,519,520,521,522,554,555,556,585,586,588,617}
Current function value: 6.822240028598548E7
s**********************************************: 13
Current result: {323,355,356,357,358,359,360,361,362,394,426,453,454,455,456,457,458,485,489,517,521,553,585,615,616,617,647}
Current function value: 7.02851035948169E7
s**********************************************: 14
Current result: {266,296,297,298,328,330,362,394,426,458,490,521,522,554,586,614,615,616,617,618,643,644,645,646,675,707,738,739,770}
Current function value: 6.874013805356847E7
s**********************************************: 15
Current result: {298,299,328,330,331,332,333,334,353,354,355,356,357,358,359,360,361,362,366,385,398,430,462,463,464,494,522,526,554,555,557,558,587,588,589}
Current function value: 6.822036303634867E7
sRESULT**********************************************: 
result subgraph is: [138, 170, 202, 203, 204, 205, 206, 233, 234, 235, 265, 297, 298, 330, 362, 394, 426, 453, 454, 458, 482, 483, 484, 485, 490, 517, 522, 549, 554, 555, 556, 557, 558, 559, 581, 585, 586, 591, 613, 617, 645, 646, 647, 648, 649, 681]
------------------------------ test ends --------------------------------
