
------------------------------ test starts ------------------------------ 
s**********************************************: 2
Current result: {404,405,436,468}
Current function value: 6.9886768E7
s**********************************************: 3
Current result: {306,307,338,370,371,403,404,405}
Current function value: 6.893408104910104E7
s**********************************************: 4
Current result: {363,364,365,366,367,368,369,370,371,372,404,405,437,438}
Current function value: 6.88561765730206E7
s**********************************************: 5
Current result: {308,340,372,404,405,436,437,438}
Current function value: 6.873044992816065E7
s**********************************************: 6
Current result: {307,339,365,366,367,368,369,370,371,403,404,436,468}
Current function value: 6.842351691730034E7
s**********************************************: 7
Current result: {306,307,308,340,372,404,405,406,438,470,502,534,566,598,628,629,630}
Current function value: 6.945540419555861E7
s**********************************************: 8
Current result: {306,307,308,339,371,372,404,436,468,469,470,471,502,534,566,598,630,662}
Current function value: 6.874564187169221E7
s**********************************************: 9
Current result: {244,245,276,308,340,371,372,403,404,405,406,437,469,501,533,565,597,629,630,662,663,695,727,728,729,730,762,794,795,827,828,860}
Current function value: 7.082191348582757E7
s**********************************************: 10
Current result: {306,307,308,340,372,404,405,437,438,439,471,502,503,534,566,598,630,662,694,695,696,697,729,761,762,763,795,827,828,860}
Current function value: 6.98850978550087E7
s**********************************************: 11
Current result: {243,244,276,301,306,307,308,333,339,340,364,365,366,367,368,369,370,371,396,403,404,428,436,457,458,459,460,487,488,489,519,551,552,584}
Current function value: 6.847563143320158E7
s**********************************************: 12
Current result: {306,338,365,366,367,368,369,370,371,372,373,404,405,406,436,438,439,468,471,503,535,566,567,598,630,662,694,695,696,697,729,761,762}
Current function value: 6.879503560605942E7
s**********************************************: 13
Current result: {212,244,276,308,309,340,372,396,397,398,399,400,401,402,403,404,405,406,428,436,438,470,502,534,566,598,630}
Current function value: 6.91183751526066E7
s**********************************************: 14
Current result: {306,327,328,329,330,331,332,333,334,335,338,359,363,367,368,369,370,371,391,403,404,405,406,422,423,436,438,452,453,454,470,471,483,484}
Current function value: 6.998139164222445E7
s**********************************************: 15
Current result: {306,307,308,338,340,354,355,363,364,365,366,367,368,369,370,372,387,395,404,419,424,425,426,427,436,451,452,453,454,455,456,468,469,470,471}
Current function value: 6.918864692260455E7
sRESULT**********************************************: 
result subgraph is: [307, 339, 365, 366, 367, 368, 369, 370, 371, 403, 404, 436, 468]
------------------------------ test ends --------------------------------
