
------------------------------ test starts ------------------------------ 
s**********************************************: 2
Current result: {397,398,429,430}
Current function value: 6.854747899328257E7
s**********************************************: 3
Current result: {363,364,365,366,367,368,369,396,397,401,402,429}
Current function value: 6.786594932402128E7
s**********************************************: 4
Current result: {366,398,399,400,401,430,433,434}
Current function value: 6.793039434360355E7
s**********************************************: 5
Current result: {365,366,367,368,369,370,371,396,397,402,429}
Current function value: 6.795432641188191E7
s**********************************************: 6
Current result: {339,370,371,396,397,398,399,400,401,402,428,430,434,460,492,524,555,556,584,585,586,587,615,616,647,679,711,743,775,807,838,839,871,903,935}
Current function value: 6.866816160507357E7
s**********************************************: 7
Current result: {363,370,371,372,395,396,397,401,402,404,429,430,431,432,433}
Current function value: 6.814539928267778E7
s**********************************************: 8
Current result: {330,331,363,366,367,395,396,397,398,399,400,401,402,428,429,430}
Current function value: 6.791024455228235E7
s**********************************************: 9
Current result: {263,264,265,293,294,295,297,298,299,325,331,357,363,364,365,366,371,389,398,402,403,421,430,431,432,433,434,450,451,453,483,484,485,516}
Current function value: 6.845522978528033E7
s**********************************************: 10
Current result: {363,364,394,395,396,397,398,399,400,401,425,426,433,434,451,452,453,454,455,456,457,483,515,547,576,577,578,579,608,640,672,704,736,768,800,832,864,896,897}
Current function value: 6.797223305128446E7
s**********************************************: 11
Current result: {363,364,365,366,367,368,395,396,397,400,401,402,428,433,434,451,452,453,458,459,460,483,485,486,487,488,489,490,515,547,579,611,642,643,674,704,705,706}
Current function value: 6.866628778848124E7
s**********************************************: 12
Current result: {331,363,364,365,366,395,396,398,427,430,450,451,452,453,454,455,456,457,458,459,482,486,487,519,551,583,615,647,679,711,743,775,807,839}
Current function value: 6.840480766618861E7
s**********************************************: 13
Current result: {363,395,401,422,423,424,425,426,427,428,429,430,431,432,433,434,450,451,452,453,454,481,482,513,544,545}
Current function value: 6.814015585093251E7
s**********************************************: 14
Current result: {363,364,365,366,367,368,369,370,371,395,396,398,403,435,467,468,469,501,533,565,566,567,568,600,632,664,696,697,698,730,762,763,795,827,828,860}
Current function value: 6.825735970900114E7
s**********************************************: 15
Current result: {331,336,337,338,339,363,364,366,367,368,370,395,396,397,398,402,428,429,430,433,434,454,458,459,460,486,487,488,489,490}
Current function value: 7.484441081033194E7
sRESULT**********************************************: 
result subgraph is: [363, 364, 365, 366, 367, 368, 369, 396, 397, 401, 402, 429]
------------------------------ test ends --------------------------------
