
------------------------------ test starts ------------------------------ 
s**********************************************: 2
Current result: {372,373,404,436}
Current function value: 6.992849138921891E7
s**********************************************: 3
Current result: {331,363,365,366,367,368,369,370,371,372,395,396,397,404,436,437}
Current function value: 6.908228010287863E7
s**********************************************: 4
Current result: {363,364,365,366,395,397,427,459}
Current function value: 6.951244671900384E7
s**********************************************: 5
Current result: {331,340,363,364,365,366,367,368,369,370,371,372,404,405,406,436}
Current function value: 6.891524954853854E7
s**********************************************: 6
Current result: {339,340,341,363,364,365,366,367,368,369,370,371,373,395,405,406,436,437,438}
Current function value: 6.889401757944904E7
s**********************************************: 7
Current result: {299,331,332,364,365,366,367,368,369,370,371,403,404,405,406}
Current function value: 6.909053976082742E7
s**********************************************: 8
Current result: {307,308,339,340,363,364,365,366,367,368,369,370,371,372,404,405,406,436,438}
Current function value: 6.93131199011878E7
s**********************************************: 9
Current result: {331,363,365,366,367,368,369,370,395,396,397,402,403,404,405,406,437,438,469,501,533,565,597,628,629,630,661}
Current function value: 7.036339420421663E7
s**********************************************: 10
Current result: {205,237,269,301,333,340,365,366,367,368,369,370,371,372,397,404,436,437,469,501,533,565,597,629,661,693,694,695,696,697,729,761,762,763,795,796,828,860,861,893}
Current function value: 7.169199575109884E7
s**********************************************: 11
Current result: {244,276,299,308,331,340,363,365,366,367,368,369,370,371,372,395,396,397,404,405,434,435,436,437,466,498}
Current function value: 6.880251815657596E7
s**********************************************: 12
Current result: {299,331,340,363,364,365,366,367,368,369,372,395,401,404,405,406,427,428,433,434,435,436,437,460,466,498,530,531,563}
Current function value: 6.905468756343924E7
s**********************************************: 13
Current result: {213,214,215,216,217,218,219,220,245,252,277,284,309,316,341,348,365,366,367,368,373,380,397,400,401,402,403,404,405,412,428,429,436,444,445,446,455,460,478,487,488,489,490,491,492,510,524,542,556,573,574,605,635,636,637,667,699,731,763,764,796,828,860,892,893}
Current function value: 6.920099031808306E7
s**********************************************: 14
Current result: {244,276,277,309,339,341,353,354,355,356,357,358,359,360,361,362,363,364,365,366,367,368,369,370,371,372,373,404,405,406,436}
Current function value: 6.900705842934373E7
s**********************************************: 15
Current result: {363,365,366,367,368,369,370,371,372,373,395,397,405,406,427,428,429,436,437,438,460,469,492,501,524,533,556,565,597,629,661,662,663,664,665,697,698,730,762,794,795}
Current function value: 7.121896176310697E7
sRESULT**********************************************: 
result subgraph is: [244, 276, 299, 308, 331, 340, 363, 365, 366, 367, 368, 369, 370, 371, 372, 395, 396, 397, 404, 405, 434, 435, 436, 437, 466, 498]
------------------------------ test ends --------------------------------
