
------------------------------ test starts ------------------------------ 
s**********************************************: 2
Current result: {436,437,468,469}
Current function value: 6.9311463E7
s**********************************************: 3
Current result: {308,309,341,373,405,437,468,469}
Current function value: 6.858736740925121E7
s**********************************************: 4
Current result: {308,309,340,371,372,373,405,437}
Current function value: 6.893209954941534E7
s**********************************************: 5
Current result: {301,302,303,304,305,306,338,370,371,372,373,405,437,438}
Current function value: 6.894805237460667E7
s**********************************************: 6
Current result: {309,341,373,405,406,437,438,468,469,500,532,564,596,597,629}
Current function value: 6.933389136008792E7
s**********************************************: 7
Current result: {309,341,371,372,373,404,405,406,436,438,468,470,502,534,566,598,630,662,663,664,665,697,698,730,762,794,826,827,828}
Current function value: 6.913191293947285E7
s**********************************************: 8
Current result: {299,300,301,302,303,304,305,306,307,308,331,340,363,372,404,436,437,438,469}
Current function value: 6.878173703179094E7
s**********************************************: 9
Current result: {267,298,299,300,301,302,303,304,305,306,307,308,309,329,330,340,359,360,361,372,373,374,391,406,423,438,453,454,455}
Current function value: 6.933669033854201E7
s**********************************************: 10
Current result: {308,331,340,363,364,365,366,367,368,369,370,371,372,373,405,406,407,437,439,471}
Current function value: 6.877294598281643E7
s**********************************************: 11
Current result: {237,269,299,300,301,302,303,304,305,306,307,308,309,341,373,405,436,437,438,439,440,441,442,468,469}
Current function value: 6.954466829808423E7
s**********************************************: 12
Current result: {244,245,267,276,299,308,325,326,327,328,329,330,331,340,357,358,363,364,365,366,367,368,369,370,371,372,390,404,422,436,437,454,469,470,471,485,486,487}
Current function value: 6.918657325915387E7
s**********************************************: 13
Current result: {372,404,436,437,438,439,471,472,473,474,475,507,539,571,603,635,667,699,731,763,795,827,828,860,861,893,925}
Current function value: 6.98394320412733E7
s**********************************************: 14
Current result: {308,340,372,404,405,437,468,469,470,502,534,535,566,598,630,662,663,664,696,697,729,730,762,794,795,827,828,860}
Current function value: 7.004734910129845E7
s**********************************************: 15
Current result: {299,325,326,327,331,359,360,361,362,363,364,365,366,367,368,369,370,371,395,403,404,405,406,427,438,439,471,503,533,534,535,565,597,629,630,661,662}
Current function value: 7.024345753619385E7
sRESULT**********************************************: 
result subgraph is: [308, 309, 341, 373, 405, 437, 468, 469]
------------------------------ test ends --------------------------------
