
------------------------------ test starts ------------------------------ 
s**********************************************: 2
Current result: {369,401,402,403,435}
Current function value: 7.02700852549472E7
s**********************************************: 3
Current result: {329,330,361,393,394,425,426}
Current function value: 6.881232678918514E7
s**********************************************: 4
Current result: {331,332,361,363,392,393,394,395}
Current function value: 6.893128625835176E7
s**********************************************: 5
Current result: {329,330,331,332,361,364,365,366,367,368,369,393}
Current function value: 6.918237649750584E7
s**********************************************: 6
Current result: {331,332,333,362,363,365,366,367,368,369,370,393,394,402,426}
Current function value: 6.931647735958697E7
s**********************************************: 7
Current result: {328,329,330,331,332,333,334,360,366,367,368,369,392,393,401,402,434,435,467}
Current function value: 6.888846677865645E7
s**********************************************: 8
Current result: {325,326,327,328,329,330,331,332,333,357,358,365,368,369,370,397,398,399,400,402,434,466,467}
Current function value: 6.896130922542953E7
s**********************************************: 9
Current result: {205,237,269,301,332,333,334,362,363,364,366,367,368,369,394,401,402,426,434,435,436}
Current function value: 6.947554483324824E7
s**********************************************: 10
Current result: {327,328,329,330,331,332,333,359,361,362,365,366,367,368,369,401,402,434,435,467}
Current function value: 6.923544224140948E7
s**********************************************: 11
Current result: {325,326,327,328,329,330,331,332,333,334,335,336,360,361,368,369,370,371,372,393,394,404,425,426,435,436,467}
Current function value: 6.873360307567297E7
s**********************************************: 12
Current result: {207,239,271,302,303,330,331,332,333,334,362,366,367,368,369,370,392,393,394,402,403,425,435,467}
Current function value: 7.49339154679444E7
s**********************************************: 13
Current result: {201,202,203,204,205,206,233,238,239,240,241,242,265,274,297,306,329,338,358,359,360,361,362,370,394,402,425,426,457}
Current function value: 6.880076497957368E7
s**********************************************: 14
Current result: {201,233,265,266,298,302,328,329,330,331,332,333,334,361,366,392,393,424,456,481,482,483,484,485,486,487,488,515,516,548,549,581,613}
Current function value: 6.967928989518853E7
s**********************************************: 15
Current result: {201,207,232,233,239,240,241,242,243,264,275,296,307,308,327,328,329,331,332,333,334,340,361,362,363,366,367,368,369,372,393,401,402,404,425,434,435,436}
Current function value: 6.962297178820398E7
sRESULT**********************************************: 
result subgraph is: [325, 326, 327, 328, 329, 330, 331, 332, 333, 334, 335, 336, 360, 361, 368, 369, 370, 371, 372, 393, 394, 404, 425, 426, 435, 436, 467]
------------------------------ test ends --------------------------------
