
------------------------------ test starts ------------------------------
s**********************************************: 9
Current result: {5,6,37,38,39,40,69,71,72,100,101,104,110,111,131,132,136,137,140,141,142,169,171,172,201,202,203,234,235,266,267,298,329,330,358,361,390,393,421,422,424,425,453,455,456,458,481,482,483,484,485,487,490,513,516,517,518,519,520,521,522,523,550,552,553,555,581,582,585,587,588,589,620,621,622,623,655,656,687,688,689,690,720,722,725,726,727,728,729,754,755,757,761,762,786,788,789,794,818,819,820,825,826,849,850,855,856,857,887,919,951,952,953}
Current function value: 1.2274021840959515E7
s**********************************************: 10
Current result: {386,387,418,422,450,451,452,453,454,455,458,483,484,486,490,491,495,515,516,518,519,521,522,523,527,531,532,533,546,547,550,552,553,557,558,559,564,577,578,582,583,584,585,590,595,596,610,611,612,615,617,618,619,620,621,622,626,627,642,649,651,652,654,655,656,658,664,674,683,688,689,690,695,696,697,705,706,721,722,726,727,729,730,737,738,739,740,741,742,743,744,745,746,747,748,749,754,755,756,757,758,761,762,772,773,776,777,780,787,789,794,808,812,813,818,819,826,840,844,845,846,847,848,851,856,857,858,871,872,873,878,883,889,904,915,921,953}
Current function value: 1.270210885518959E7
s**********************************************: 11
Current result: {590,621,622,623,655,656,687,688,689,720,721,753,754,786,818,850,878,879,880,881,882,883,915}
Current function value: 1.1530277808185121E7
s**********************************************: 12
Current result: {186,213,214,215,216,217,218,245,250,280,281,282,312,344,345,373,375,377,405,406,407,408,409,410,412,420,421,438,442,443,444,445,452,456,470,474,477,478,484,487,488,499,500,501,502,509,510,515,516,517,518,519,520,521,531,534,542,543,549,550,553,557,563,581,582,583,585,589,590,594,595,617,618,620,621,626,649,651,652,653,654,656,658,680,681,682,683,686,687,688,689,690,711,712,714,719,721,722,730,731,744,745,754,755,761,762,763,776,787,792,793,794,808,818,819,824,839,840,851,853,854,855,856,872,881,882,883,884,885,911,912,913,917,943,945}
Current function value: 1.258120148043399E7
s**********************************************: 13
Current result: {361,385,386,387,388,389,393,394,417,418,421,422,425,426,449,453,454,457,481,485,488,489,490,491,513,514,517,520,523,546,549,550,551,552,555,578,583,610,611,612,615,617,631,632,647,648,649,654,655,656,664,680,688,689,696,697,712,721,722,729,741,742,743,744,745,746,747,748,749,753,754,761,771,772,773,776,777,778,780,785,793,803,805,808,812,817,824,825,839,840,844,846,849,855,856,870,871,872,876,877,878,879,881,882,883,884,885,887,909,911,913,914,915,917,918,919,920,943,944,945,952}
Current function value: 1.2437588020933012E7
s**********************************************: 14
Current result: {373,405,406,407,408,409,437,441,442,443,444,445,446,468,469,474,478,488,490,491,500,505,506,507,510,511,518,519,520,521,522,523,531,532,533,537,538,543,550,555,563,582,583,584,585,593,594,595,615,623,624,625,627,647,654,655,667,679,687,695,696,697,698,699,711,719,720,721,725,726,727,730,739,740,741,742,743,753,755,756,757,761,762,770,771,772,775,785,786,787,789,793,804,807,818,819,825,836,839,848,850,856,857,871,872,873,874,875,876,877,878,879,880,881,882,883,888,904,909,911,915,920,936,943,951,952}
Current function value: 1.2567137866376616E7
s**********************************************: 15
Current result: {425,456,457,464,488,489,495,496,521,522,523,527,553,555,556,557,558,559,560,584,585,589,590,595,622,625,627,654,655,656,657,658,659,660,661,689,690,693,694,695,697,698,721,727,728,729,730,753,754,762,793,794,826,858,890,919,920,921,922,923,951,952,954,955}
Current function value: 1.1957847241819201E7
s**********************************************: 16
Current result: {184,186,187,214,215,216,217,218,219,220,235,247,267,271,272,279,280,281,297,298,299,304,311,312,329,331,332,333,334,336,337,338,339,340,343,361,366,367,368,369,372,373,375,385,386,393,400,405,407,408,411,412,418,420,422,425,432,437,438,439,440,444,450,451,452,453,454,455,456,457,464,467,468,469,472,473,474,476,481,482,483,488,489,490,494,495,496,499,506,507,508,509,510,513,515,516,520,522,523,526,531,532,533,534,537,538,541,542,543,552,555,558,559,566,567,583,584,585,590,599,616,622,631,632,648,654,655,663,680,687,688,689,695,696,697,698,712,719,727,728,730,741,742,743,744,761,762,773,776,777,778,792,793,803,804,805,808,824,836,840,841,843,844,845,846,847,855,856,873,874,875,877,879,880,881,882,883,888,909,914,915,920,941,951,952,953}
Current function value: 1.3131744314096477E7
s**********************************************: 17
Current result: {385,394,409,410,417,418,419,420,422,425,426,437,438,440,441,449,451,452,453,454,455,456,457,458,468,469,470,471,472,481,482,483,490,495,496,502,503,520,521,522,523,527,531,532,533,534,549,550,551,552,555,558,559,560,563,566,581,583,584,587,588,589,590,595,598,599,615,616,622,623,627,631,632,648,655,656,658,659,663,664,680,688,689,690,695,698,699,711,712,713,722,727,728,729,730,731,739,745,746,753,754,755,761,762,763,770,771,776,777,778,793,803,804,805,808,825,834,835,837,838,839,840,857,888,889,919,920,951}
Current function value: 1.2636976080513995E7
sRESULT**********************************************:
result subgraph is: [590, 621, 622, 623, 655, 656, 687, 688, 689, 720, 721, 753, 754, 786, 818, 850, 878, 879, 880, 881, 882, 883, 915]
------------------------------ test ends --------------------------------
