s**********************************************: 9
Current result: {299,300,331,332,364,365,366,367,368,369,397,399,401,402,403,433,434,436,466,467,468}
Current function value: 1.1501260361955557E7
s**********************************************: 10
Current result: {367,369,399,401,402,403,429,431,433,435,436,460,461,462,463,464,465,466,492,497,523,524,556,557,588}
Current function value: 1.1581962709511112E7
s**********************************************: 11
Current result: {299,300,331,363,364,369,396,398,399,400,401,428,429,430,431,460,461,463,492,523,524,554,555,556,557,558,559,587,588,589,618,619,620,621,622,653,654,655,656,657,687,689,721,753,754,786,818,819,845,846,851,877,878,879,880,882,883,910,912,913,914}
Current function value: 1.1906602641555557E7
s**********************************************: 12
Current result: {144,174,175,176,177,204,205,206,236,268,299,300,331,363,366,369,370,371,395,397,398,399,400,401,402,426,427,428,429,434,435,438,458,461,462,463,467,468,469,470,471,493,523,524,525,554,555,586,589,596,597,615,616,617,618,619,620,621,628,653,654,655,659,660,661,685,687,688,689,690,691,692,693,694,695,696,717,723,727,754,755,759,765,766,767,786,791,792,793,794,795,796,797,799,818,819,820,821,826,829,846,850,851,857,858,861,862,863,878,879,880,883,910,912,913,914,915,942,943}
Current function value: 1.2461891344533332E7
s**********************************************: 13
Current result: {363,365,369,370,371,394,395,396,397,399,400,402,426,429,430,431,432,433,434,435,458,465,466,490,522,554,555,556,588,589,619,620,621,622,654,655}
Current function value: 1.1676070552844442E7
s**********************************************: 14
Current result: {144,174,175,176,177,178,205,206,210,211,212,236,237,243,268,300,331,332,363,364,365,366,367,368,369,370,394,395,398,401,402,428,429,430,434,435,436,437,438,439,460,461,465,466,468,469,471,493,497,501,524,525,533,556,557,564,565,588,589,597,598,619,620,621,627,628,629,653,657,659,660,661,662,663,685,689,690,691,695,696,727,728,759,765,780,781,791,794,795,796,797,813,820,821,822,823,826,845,851,852,855,856,857,858,877,878,879,881,882,883,888,910,911,912,913}
Current function value: 1.2439689211146502E7
s**********************************************: 15
Current result: {366,397,398,399,400,401,428,429,431,433,434,460,462,463,466,467,492,522,523,524,554,556,557,586,589,618,620,621,653,685,717}
Current function value: 1.1657827141066667E7
s**********************************************: 16
Current result: {369,370,371,372,373,399,400,401,402,403,405,406,428,431,434,438,460,461,462,463,465,466,493,497,525,554,555,556,557,586,589,590,618,619,622,629,650,654,655,660,661,662,663,686,687,692,695,702,703,718,723,724,727,734,750,754,755,759,760,761,762,763,764,766,767,782,786,796,797,798,814,818,829,830,831,846,847,850,861,862,863,879,880,881,882,883,910,911,912,913,914,943}
Current function value: 1.2095312180622222E7
s**********************************************: 17
Current result: {204,205,236,237,267,268,299,331,363,366,367,371,394,395,397,399,400,401,402,403,426,429,430,431,433,435,438,458,460,461,463,467,468,469,470,471,490,493,501,522,523,525,554,555,556,557,588,618,619,620,621,648,649,650,653,654,655,656,657,679,680,688,689,711,743}
Current function value: 1.2094490686035734E7
sRESULT**********************************************:
result subgraph is: [299, 300, 331, 332, 364, 365, 366, 367, 368, 369, 397, 399, 401, 402, 403, 433, 434, 436, 466, 467, 468]
------------------------------ test ends --------------------------------
