
------------------------------ test starts ------------------------------ 
s**********************************************: 9
Current result: {237,269,270,302,303,334,366,367,368,371,398,400,401,402,403,430,431,433,435,462,465,470,474,497,500,501,502,503,505,506,507,508,509,529,530,532,535,536,537,540,554,561,562,563,564,565,572,580,585,586,593,596,597,598,604,612,613,614,615,616,617,618,625,635,636,637,648,657,679,680,681,688,689,690,691,713,714,720,723,746,748,752,777,778,779,780,781,782,784,802,803,809,810,814,816,835,836,842,846,847,848,868,869,870,871,872,874,878,880,898,899,901,902,904,905,906,907,931,932,933,937}
Current function value: 1.2426402384933332E7
s**********************************************: 10
Current result: {852,853,854,855,883,884,885,887,888,889,914,915,916,917,919,921,946,947,949,951,953,954}
Current function value: 1.1264314523599999E7
s**********************************************: 11
Current result: {458,459,472,489,490,491,492,495,504,505,506,507,521,524,525,526,527,528,529,530,531,536,537,538,553,554,558,559,561,562,563,568,570,585,586,595,597,598,600,602,603,604,605,618,627,628,629,630,631,632,633,634,635,637,650,662,682,683,684,714,746,777,778,779,780,783,784,809,815,816,841,847,853,854,872,873,878,879,880,881,882,883,884,885,904,909,910,914,915,916,917,936,937,938,939,940,941,945,946,949}
Current function value: 1.2217071423734397E7
s**********************************************: 12
Current result: {497,499,500,525,526,527,529,530,531,532,554,559,560,561,564,586,589,590,591,596,597,598,618,621,622,623,629,650,651,654,655,682,686,687,713,714,718,746,750,752,778,779,780,782,783,784,809,810,815,816,842,847,854,857,869,872,873,874,875,876,877,879,880,883,884,885,886,887,889,901,905,909,911,914,915,916,919,921,932,933,934,935,936,937,941,942,943,944,945,946,951,952,953}
Current function value: 1.2126517746711113E7
s**********************************************: 13
Current result: {497,524,525,529,530,531,532,557,561,564,565,589,590,591,595,596,597,623,624,625,627,629,657,659,661,662,663,689,690,691,693,695}
Current function value: 1.1586971199011572E7
s**********************************************: 14
Current result: {274,275,307,337,338,339,340,363,364,365,366,367,368,369,371,394,395,397,401,403,426,433,435,458,467,472,474,489,490,491,499,504,505,506,522,531,536,537,538,561,562,563,564,565,568,596,597,598,600,629,630,631,632,662}
Current function value: 1.1751729512266668E7
s**********************************************: 15
Current result: {557,558,565,589,590,591,597,602,622,623,624,625,629,630,631,632,633,634,657,661,662,689,690,691,692,693,723,724,756,788,820,821,853,854,855,885,887,917,919,949}
Current function value: 1.1593039447852897E7
s**********************************************: 16
Current result: {472,474,500,501,502,503,504,505,506,507,508,525,526,527,532,536,538,539,559,564,565,568,591,597,600,601,602,604,605,622,623,629,630,633,634,635,636,654,655,661,662,663,686,690,691,692,693,695,718,723,724,726,727,728,750,751,756,758,783,788,789,815,816,817,821,849,851,852,853,854,878,879,880,881,883,910,911,915,916,943,944,945,946,947}
Current function value: 1.2051681512177778E7
s**********************************************: 17
Current result: {366,398,430,431,461,462,463,495,524,525,526,527,528,529,530,531,557,558,559,561,591,592,622,623,654,655,687,718,719,751,782,783,784,814,815,846,877,878,879}
Current function value: 1.1865128520577777E7
sRESULT**********************************************: 
result subgraph is: [852, 853, 854, 855, 883, 884, 885, 887, 888, 889, 914, 915, 916, 917, 919, 921, 946, 947, 949, 951, 953, 954]
------------------------------ test ends --------------------------------
