
------------------------------ test starts ------------------------------ 
s**********************************************: 9
Current result: {8,35,40,41,66,67,68,69,70,71,73,74,75,98,103,105,106,107,108,109,110,111,112,113,114,115,130,135,136,137,144,146,162,163,164,169,194,201,225,226,228,257,258,259,260,289,292,293,321,325,352,353,357,385,386,389,390,391,392,417,418,419,421,424}
Current function value: 1.1702708906210463E7
s**********************************************: 10
Current result: {174,206,207,208,238,239,240,241,242,272,273,304,305,335,336,368,369,370,402,432,433,434,466,498,530}
Current function value: 1.1611927602222225E7
s**********************************************: 11
Current result: {381,410,411,412,413,414,442,443,444,446,447,474,478,479,508,509,510,539,540,541,560,561,562,563,564,565,573,595,597,598,600,605,627,630,632,633,637,659,660,662,664,665,667,669,670,692,694,695,696,697,698,699,700,701,702,724,726,728,729,732,758,759,761,764,765,786,787,790,791,792,817,818,819,820,824,846,847,848,849,852,853,854,855,856,876,877,878,880,884,888,909}
Current function value: 1.2005377743644446E7
s**********************************************: 12
Current result: {16,17,18,28,34,35,36,37,42,43,44,45,46,49,50,51,52,53,60,61,64,65,66,71,74,78,82,85,92,93,94,96,98,99,102,103,104,105,106,110,111,112,113,114,117,124,126,130,133,134,137,142,143,144,146,147,148,149,150,156,162,163,164,165,174,182,183,187,188,206,207,215,216,219,238,239,240,241,248,249,250,251,273,274,283,305,306,307,314,315,339,347,370,371,378,379,380,403,404,405,437,469,501,505,533,534,535,536,537,538,565,567,568,597,600,625,626,627,632,657,659,660,664,689,696,697,716,717,718,719,720,721,728,729,730,753,754,755,759,760,762,786,787,790,791,792,818,819,820,822,852,853,854,884}
Current function value: 1.2649823412774973E7
s**********************************************: 13
Current result: {42,43,65,74,77,78,81,82,96,97,100,101,102,103,104,105,106,107,108,109,110,111,112,113,114,115,129,132,143,147,161,162,163,164,175,196,206,207,208,216,228,238,239,241,242,243,244,245,246,247,248,249,250,251,268,271,273,283,300,301,302,303,304,305,306,307,314,315,332,336,337,347,348,369,380,381,383,413,414,415,446,477,478,479,502,503,504,505,507,509,511,526,527,528,533,534,537,538,539,540,541,543,560,561,565,569,593,594,595,597,598,626,627,630,631,632,657,658,659,660,662,664,665,688,689,692,693,694,720,721,725,726,753,785,815,816,817,845,846,847,849,850,875,876,877,878,907,910,938,939}
Current function value: 1.3004697014895068E7
s**********************************************: 14
Current result: {13,33,34,41,42,43,45,46,47,66,67,68,69,70,71,72,73,75,77,79,100,101,102,103,107,108,109,111,112,135,136,137,142,143,144,169,174,201,202,206,207,232,233,234,239,241,242,243,262,263,264,271,272,273,274,293,294,296,297,305,306,307,313,314,325,339,344,345,346,347,350,356,357,359,371,372,373,374,376,379,380,381,382,388,389,390,391,392,393,394,395,406,407,408,412,420,427,437,438,439,444,452,459,469,476,484,500,501,505,506,508,513,515,516,517,518,530,531,532,537,538,539,540,541,545,546,547,550,562,571,578,582,594,595,603,614,626,627,635,639,646,657,658,659,665,667,668,670,671,677,678,689,697,698,699,700,701,702,703,709,718,719,720,721,730,731,737,738,739,740,741,742,753,770,774,775,776,785,786,787,788,791,792,802,808,815,817,818,820,824,834,840,841,845,846,847,848,849,852,853,854,856,873,877,881,886,887,888,906,907,908,909,910,918,938}
Current function value: 1.3271998172232796E7
s**********************************************: 15
Current result: {6,32,33,34,35,36,38,46,47,48,49,50,64,65,66,68,69,70,71,72,73,74,75,78,82,83,87,88,89,97,98,99,101,102,103,104,107,108,109,110,115,118,119,121,129,136,146,147,148,149,150,153,161,162,182,185,193,217,225,239,240,241,242,243,248,249,250,251,257,258,272,274,283,284,289,290,304,305,316,322,323,337,338,348,349,350,351,355,368,369,370,371,376,377,378,379,380,382,383,385,386,387,388,389,390,391,394,395,401,408,413,414,415,419,421,423,424,425,426,427,428,429,430,431,432,433,440,444,445,446,459,476,478,479,511,542,543}
Current function value: 1.2604815826131053E7
s**********************************************: 16
Current result: {33,34,35,64,65,66,96,97,98,99,100,101,102,129,130,162,163,164,193,194,225,226,256,257,288,296,297,320,325,328,352,355,357,358,359,360,384,385,386,387,388,389,392,418,420,424,450,452,482}
Current function value: 1.1610985170886662E7
s**********************************************: 17
Current result: {29,31,42,43,45,50,61,63,75,77,81,82,92,93,94,95,107,108,109,110,111,112,114,124,126,144,145,146,147,156,176,188,206,207,208,219,220,239,241,242,243,251,271,272,273,283,305,306,307,315,338,347,350,351,370,377,378,379,380,381,382,383,402,410,412,414,432,433,434,444,466,474,475,476,498,503,504,505,506,527,528,529,530,534,535,560,561,563,567,593,594,595,599,600,626,627,632,659,660,662,664,665,666,669,692,694,695,696,698,699,700,701,702,723,724,725,726,727,730,731,755,759,761,762,787,789,790,791,792,817,818,819,820,849,850,852,853}
Current function value: 1.2706540286430342E7
sRESULT**********************************************: 
result subgraph is: [33, 34, 35, 64, 65, 66, 96, 97, 98, 99, 100, 101, 102, 129, 130, 162, 163, 164, 193, 194, 225, 226, 256, 257, 288, 296, 297, 320, 325, 328, 352, 355, 357, 358, 359, 360, 384, 385, 386, 387, 388, 389, 392, 418, 420, 424, 450, 452, 482]
------------------------------ test ends --------------------------------
