
------------------------------ test starts ------------------------------ 
s**********************************************: 9
Current result: {34,37,38,66,67,68,69,72,74,76,97,98,100,104,105,106,107,108,128,129,136,138,161,162,163,167,168,169,193,194,196,197,198,199,200,201,226,227,228,232,233,258,265,290,296,297,298,299,322,323,331,354,355,363,364,365,397,429,461,462,463,471,472,476,477,494,495,496,497,501,504,505,506,508,526,528,529,533,537,538,539,540,560,563,564,565,567,568,569,592,593,595,596,597,599,600,624,628,632,653,656,660,661,663,664,666,667,668,669,670,685,686,687,688,693,696,697,698,700,702,703,717,719,720,721,722,725,730,731,735,751,752,754,755,757,762,767,783,784,786,787,789,791,794,795,796,797,802,803,804,805,806,809,810,811,815,816,818,821,822,823,824,825,829,830,831,835,837,841,842,843,844,847,850,857,858,860,861,862,863,866,867,868,872,873,876,877,878,879,882,883,890,893,899,900,902,903,904,915,920,921,922,923,924,925,926,932,933,934,935,936,947,948,949,950,951,952,954}
Current function value: 1.3217542187388385E7
s**********************************************: 10
Current result: {429,461,463,465,466,493,494,495,496,497,526,529,530,531,532,561,564,565,593,594,595,597}
Current function value: 1.15369154936E7
s**********************************************: 11
Current result: {465,472,473,497,498,504,505,529,530,531,536,537,563,564,565,566,567,568,569,570,596,601,602,603,628,633,660,691,692,693}
Current function value: 1.1459172333999999E7
s**********************************************: 12
Current result: {431,457,462,463,464,488,489,490,494,496,497,521,522,526,529,552,553,554,555,556,557,558,561,562,585,593,594,595,624,625,656,688,720,750,751,752,755,756,757,758,783,784,785,786,787,789,817,818,819,821,822,828,829,851,853,858,859,860,861,862,883,885,892,912,913,914,915,916,917,922,923,924,925,944,949,950,951,952,953,954,956}
Current function value: 1.199010191382222E7
s**********************************************: 13
Current result: {472,475,476,504,505,506,508,526,530,533,536,540,558,559,560,561,562,563,564,565,566,567,568,569,571,572,573,574,593,594,595,601,602,603,634,664,665,666,667,668,669,670,679,680,681,682,683,684,685,686,696,697,698,701,711,718,730,731,732,733,734,735,743,750,751,752,762,764,774,775,783,784,794,796,797,804,805,806,810,811,812,816,817,818,819,820,821,822,823,824,825,826,827,829,830,831,835,836,843,847,848,850,851,852,857,863,868,875,879,882,889,890,900,901,902,903,904,905,906,907,914,915,916,917,922,923,924,925,934,946,948,955,957,958,959}
Current function value: 1.2393223694191495E7
s**********************************************: 14
Current result: {314,318,344,345,346,347,348,349,350,351,376,379,406,407,408,439,471,472,473,474,476,477,478,479,506,508,510,511,531,538,539,540,543,562,563,564,572,574,575,592,593,594,595,607,624,625,633,634,639,656,666,667,668,669,670,671,685,686,687,688,696,697,698,700,702,703,717,719,720,732,734,752,764,784,796,816,827,828,847,848,851,858,859,861,862,863,879,882,883,889,890,891,892,893,911,912,914,915,916,921,925,944,945,946,948,949,950,951,952,953,954}
Current function value: 1.224324521589699E7
s**********************************************: 15
Current result: {429,461,493,521,522,525,531,532,554,555,556,557,558,559,560,561,564,565,586,591,593,597,600,601,624,625,628,629,633,634,655,656,660,662,663,666,683,684,685,686,687,691,692,693,694,696,697,698,699,717,719,722,723,725,731,750,751,752,754,755,757,758,763,764,784,786,788,789,791,792,793,794,795,796,816,817,818,820,821,822,823,825,826,828,829,851,852,854,881,882,883,912,913,915,916,944,945,946,948,949}
Current function value: 1.2333560544617945E7
s**********************************************: 16
Current result: {6,23,24,38,56,68,69,70,71,72,76,77,78,81,87,88,89,90,92,95,103,104,105,106,108,110,113,117,118,119,122,123,124,125,126,127,135,138,139,140,142,143,144,145,146,147,149,151,156,162,163,164,165,167,170,179,180,181,183,194,197,198,199,202,203,215,218,219,224,225,226,227,228,246,247,248,249,250,258,289,290,322,353,354,355,356,385,417,449,450,452,453,461,463,465,471,472,475,476,477,478,479,481,482,483,484,485,486,487,488,489,493,494,495,496,497,498,504,505,506,507,508,511,515,516,521,526,530,531,532,535,536,539,540,543,548,553,554,555,556,557,558,559,562,563,564,565,566,567,572,575,585,591,592,593,594,595,596,597,607,624,629,638,639,668,669,670,701,702,733,734,765,794,795,796,797,798,799,825,826,829,830,831,858,860,861,889,890,921,922,923,952,953,954,955,956,957}
Current function value: 1.3079786529570233E7
s**********************************************: 17
Current result: {475,476,477,478,505,506,510,511,533,538,539,540,542,563,565,566,571,572,573,574,575,595,596,597,602,603,607,628,639,660,668,669,670,671,691,692,693,701,702,705,722,723,734,735,736,737,738,754,755,756,766,768,769,770,771,772,788,792,798,800,801,802,804,808,809,810,820,821,822,823,824,825,827,829,830,831,835,836,842,853,854,857,858,859,860,861,863,866,867,874,876,885,890,893,898,901,902,903,905,906,907,908,912,915,916,917,923,924,925,926,930,931,932,933,934,935,936,937,940,941,942,943,944,945,946,947,948,949,950,955,956,958}
Current function value: 1.2174605610981377E7
sRESULT**********************************************: 
result subgraph is: [465, 472, 473, 497, 498, 504, 505, 529, 530, 531, 536, 537, 563, 564, 565, 566, 567, 568, 569, 570, 596, 601, 602, 603, 628, 633, 660, 691, 692, 693]
------------------------------ test ends --------------------------------
