
------------------------------ test starts ------------------------------ 
s**********************************************: 9
Current result: {541,570,571,572,573,574,575,602,603,605,607,639,669,671,701,702,703,734,766,767,799,827,828,829,830,831,859,862,894}
Current function value: 1.1258581014177779E7
s**********************************************: 10
Current result: {23,24,25,26,27,28,29,53,54,56,58,61,69,70,82,83,84,85,86,87,88,89,92,93,94,99,100,101,102,103,114,115,119,120,121,122,124,125,126,127,131,134,135,146,156,163,167,168,169,171,172,174,175,176,177,178,183,184,185,188,189,190,191,197,198,199,200,201,202,204,205,206,207,213,214,215,216,218,219,220,221,223,224,230,233,234,235,236,246,248,249,250,255,256,258,259,262,281,288,289,290,291,292,294,321,322,323,324,325,326,327,328,329,330,354,356,357,359,360,386,387,389,419,420,422,452,453,454,485,486,487,518,519,520}
Current function value: 1.2545859051748414E7
s**********************************************: 11
Current result: {226,258,259,291,323,353,354,355,356,357,358,386,387,389,390,417,418,419,420,421,449,481,482,483,513,514}
Current function value: 1.1353740391644446E7
s**********************************************: 12
Current result: {101,133,134,164,165,166,167,168,169,172,173,198,200,204,205,232,234,235,236,264,265,266,267,289,290,291,292,293,294,295,296,299,320,321,323,324,326,327,352,356,357,384,389,421,422,451,452,453,454,482,483,486,514,518,545,546,577,578,609,640,641,672,673,674,704,705,736}
Current function value: 1.1829351486844443E7
s**********************************************: 13
Current result: {101,131,133,163,164,165,196,228,229,230,261,262,293,294,326,327,358,386,388,390,417,418,420,421,422,449,450,451,452,453,454,455,456,481,482,485,513,514,516,546,547,548,549,580}
Current function value: 1.1621211479422221E7
s**********************************************: 14
Current result: {262,264,289,290,293,294,296,321,322,324,325,326,328,329,330,353,356,358,359,360,385,386,387,388,389,390,419,420,421,452}
Current function value: 1.145996998208889E7
s**********************************************: 15
Current result: {2,3,4,5,11,35,36,38,43,44,45,68,69,70,71,73,74,75,77,78,101,102,105,109,134,135,136,137,165,166,167,168,169,199,200}
Current function value: 1.1444947003733333E7
s**********************************************: 16
Current result: {19,51,52,53,54,55,56,82,83,84,85,87,88,90,114,115,119,120,121,122,151,153,182,183,184,214,245,246,247,249,279,280,281,282,283,310,311,313,314,344,346,376,377,378,404,405,407,408,409,437,438,439}
Current function value: 1.1554435632622896E7
s**********************************************: 17
Current result: {5,6,7,35,36,39,68,69,70,71,100,102,131,132,161,163,164,192,193,195,196,197,224,225,226,228,229,230,258,259,260,290,291,322,353,354,384,385,386,387,388,389,417,418,421,449,450,452,453,481,485,517,548,549}
Current function value: 1.164315008368889E7
sRESULT**********************************************: 
result subgraph is: [541, 570, 571, 572, 573, 574, 575, 602, 603, 605, 607, 639, 669, 671, 701, 702, 703, 734, 766, 767, 799, 827, 828, 829, 830, 831, 859, 862, 894]
------------------------------ test ends --------------------------------
