
------------------------------ test starts ------------------------------ 
s**********************************************: 9
Current result: {18,19,20,21,22,51,83,84,116,117,139,140,141,149,171,181,184,185,186,203,213,218,230,235,236,245,250,254,255,262,263,264,265,266,267,268,269,270,271,277,278,279,280,281,282,283,284,287,295,297,303,309,311,316,317,318,319,329,335,340,341,343,348,361,367,369,370,371,372,374,375,376,380,381,382,385,386,391,392,393,399,400,401,406,408,412,414,415,417,418,419,420,421,422,423,424,432,435,438,440,441,446,449,464,467,468,469,470,481,487,491,492,493,494,495,496,499,502,513,516,518,519,520,523,545,547,548,550,551,555,556,557,576,577,578,579,580,581,582,587,589,608,611,613,614,627,645,646,647,657,658,659,678,679,689,690,710,711,714,715,716,717,722,739,740,741,742,747,749,753,754,771,781,782,785,803,813,814,815,817,819,834,835,836,837,838,839,840,841,845,848,849,850,851,866,868,871,873,877,878,879,880,883,884,898,903,905,909,910,930,937,938,939,940,941}
Current function value: 1.3216759044489482E7
s**********************************************: 10
Current result: {657,658,686,687,688,689,718,721,722,750,753,754,781,782,813,845,846,877,878,909,941}
Current function value: 1.1451745451466667E7
s**********************************************: 11
Current result: {8,9,10,11,12,13,14,19,20,44,45,52,53,76,84,108,116,140,141,142,143,144,148,149,150,154,173,175,176,181,182,185,186,187,188,189,205,208,209,210,211,212,213,216,217,229,230,235,236,237,241,243,244,248,254,259,262,263,267,276,277,279,280,284,285,286,291,292,293,294,299,309,312,316,323,324,330,331,341,342,343,344,348,356,361,362,363,364,372,373,375,376,377,378,379,380,381,388,389,390,392,393,396,397,398,399,400,404,408,412,413,420,422,423,424,432,436,438,456,464,468,469,470,481,485,487,488,489,490,491,492,495,496,513,517,518,519,524,545,548,549,556,557,577,578,579,580,581,589,608,609,612,618,619,620,621,644,646,647,650,652,657,658,676,677,678,679,682,687,688,689,690,708,709,710,711,714,715,716,717,718,719,722,741,742,746,749,753,754,781,811,813,839,840,841,843,845,849,867,868,869,870,871,873,874,875,877,878,879,880,881,905,907,908,909,910,935,936,937}
Current function value: 1.3225528037752556E7
s**********************************************: 12
Current result: {329,361,362,386,392,393,394,418,419,420,421,422,423,424,451,456,483,488,517,518,519,520,550,551,582,614,620,621,646,651,652,677,678,684,710,716,742,743,744,745,746,747,748,778,779,811,813,840,841,842,843,844,845,873,874,875,877,878,909}
Current function value: 1.1659304303288888E7
s**********************************************: 13
Current result: {386,418,419,451,483,484,485,487,516,517,519,549,550,551,582,590,611,612,614,615,618,619,620,621,622,623,644,645,646,647,648,649,650,651,655,677,678,686,687,688,689,710,721,741,742,743,753,754}
Current function value: 1.168264411351111E7
s**********************************************: 14
Current result: {329,361,392,393,394,395,396,424,428,455,456,459,460,488,491,492,519,520,523,550,551,555,579,580,582,611,612,613,614,646,678,686,687,688,689,710,711,712,713,714,715,716,717,718,721,722,743,749,753,754,781,782,813,814,815,845,847,848,849,850,856,877,880,881,882,883,884,887,888,908,909,914,916,917,918,919}
Current function value: 1.2034232683955556E7
s**********************************************: 15
Current result: {386,417,418,419,449,451,455,456,483,485,487,488,489,490,491,515,516,517,518,519,523,546,547,548,549,555,577,578,581,582,587,589,590,613,619,620,621,622,623,650,651,652,655,656,682,684,688,689,714,715,721,753,785}
Current function value: 1.1702246662177777E7
s**********************************************: 16
Current result: {546,578,579,583,586,611,612,613,614,615,618,619,627,644,645,647,648,649,650,651,652,657,658,659,682,684,685,686,687,688,689,718,721,722,754}
Current function value: 1.1531236541955557E7
s**********************************************: 17
Current result: {182,185,186,213,214,218,245,250,263,277,279,280,281,282,283,284,285,294,295,308,309,310,311,312,317,326,327,328,329,340,342,358,361,372,389,390,392,393,404,405,419,420,422,424,436,451,455,456,467,468,469,470,483,485,487,499,502,503,515,516,517,518,519,520,521,522,523,535,548,549,551,555,564,567,580,581,582,583,587,595,596,597,598,599,613,614,619,627,631,646,651,652,657,658,659,663,678,682,684,686,687,688,689,690,710,714,715,716,718,722,747,748,749,750,754,779,781,782,811,813,839,840,841,842,843,845,846,871,873,874,877,878,903,909,910,935}
Current function value: 1.2556982792611307E7
sRESULT**********************************************: 
result subgraph is: [657, 658, 686, 687, 688, 689, 718, 721, 722, 750, 753, 754, 781, 782, 813, 845, 846, 877, 878, 909, 941]
------------------------------ test ends --------------------------------
