
------------------------------ test starts ------------------------------ 
s**********************************************: 9
Current result: {11,12,41,42,43,44,45,66,74,77,78,79,86,87,88,89,90,91,92,96,97,98,106,111,113,114,118,122,128,130,131,135,136,138,143,144,146,147,148,149,150,152,153,154,155,156,157,158,159,160,162,163,164,165,166,167,168,169,170,175,176,177,178,179,182,183,186,189,194,207,209,221,239,253,271,272,285,302,303,317,334,349,350,351,366,382,397,398,412,413,414,415,429,444,461,476,477,492,493,508,524,539,540,541,542,543,573,574,575,604,605,607,639}
Current function value: 1.2107712684853729E7
s**********************************************: 10
Current result: {79,107,108,109,110,111,115,139,143,147,149,170,171,175,176,177,178,179,180,181,182,183,203,210,242,271,274,302,303,304,305,306,307,334,336,339,366,371,372,398,399,400,404,434,435,436,460,467,475,490,491,492,498,499,500,504,505,506,507,508,522,524,525,526,527,528,529,530,532,533,534,536,540,541,542,552,553,554,566,567,568,573,574,584,586,597,598,599,616,626,628,629,647,648,658,659,660,678,679,689,690,709,710,722,723,741,742,743,754,773,774,775,785,786,805,807,837,866,867,869,899,900,901}
Current function value: 1.2555019570067763E7
s**********************************************: 11
Current result: {35,49,50,65,66,67,81,86,87,93,96,97,98,99,100,101,102,103,112,113,115,119,120,122,124,125,126,127,128,129,133,134,143,144,146,147,148,149,151,154,155,156,158,160,165,166,167,168,176,178,181,182,183,184,186,190,199,200,208,209,210,216,217,218,231,240,242,246,248,249,258,263,265,272,278,279,280,281,289,290,294,295,296,297,304,305,310,312,313,314,315,316,321,325,326,327,336,341,342,346,347,353,354,355,356,357,359,360,371,372,373,378,386,389,403,410,418,434,435,436,442,449,450,474,475,476,477,482,493,494,504,505,506,507,508,514,515,516,517,521,524,525,526,527,528,529,530,532,533,534,535,536,540,547,549,552,553,554,555,556,557,562,563,564,568,572,573,579,581,584,595,613,614,615,616,627,647,648,658,659,660,678,679,690,692,693,694,708,709,710,711,712,722,724,740,742,774,806,837,838,839,866,869,898,900,901,930,931,932}
Current function value: 1.3324264285443958E7
s**********************************************: 12
Current result: {11,12,43,44,45,57,58,59,60,61,62,65,66,74,75,77,78,79,89,94,96,97,98,99,100,101,102,106,107,109,111,119,120,121,126,129,130,136,137,138,143,144,145,146,147,148,149,150,151,153,154,158,162,167,168,170,175,178,179,180,182,183,184,186,189,190,191,194,200,210,217,218,226,232,241,242,249,258,264,273,280,281,289,290,291,292,293,296,304,305,306,312,325,328,338,339,344,357,358,359,360,371,372,376,377,403,404,436,467,468,469,499,501,507,508,523,524,525,526,527,528,529,530,531,533,534,535,536,539,540,545,546,547,554,555,568,569,570,571,572,573,577,579,580,581,586,602,603,604,605,606,607,609,613,614,618,639,646,647,650,671,678,679,682,701,702,703,707,708,709,711,714,732,733,735,741,742,743,744,745,746,764,774,775,796,807,828,837,839,860,867,868,869,870,871,890,891,892,898,899,900,922,923,924,925,930,931,955}
Current function value: 1.3042994059404768E7
s**********************************************: 13
Current result: {59,70,87,91,92,96,98,99,100,101,102,111,112,113,114,115,119,120,121,122,123,128,129,130,131,134,143,146,151,152,153,154,155,156,157,158,159,160,162,166,167,168,169,170,171,173,174,175,177,178,179,183,184,190,191,194,199,203,204,205,208,209,216,231,241,248,260,263,265,271,273,280,289,290,291,292,294,295,296,297,303,304,305,306,307,312,313,324,325,326,339,344,346,347,358,359,360,371,376,377,378,379,392,403,411,435,436,443,467,474,475,498,499,506,507,508,531,532,533,534,537,539,541,542,562,563,566,567,568,569,570,571,573,574,595,603,604,605,606,607,639,653,654,670,671,686,702,707,708,709,712,718,727,728,734,735,740,742,744,745,746,747,748,749,750,759,760,765,766,767,772,773,774,775,776,778,791,797,799,806,807,810,822,823,829,831,839,842,852,853,854,860,861,862,867,869,870,871,874,881,882,884,886,888,889,890,892,894,898,899,900,901,905,906,907,908,909,910,911,912,913,914,915,916,918,919,920,922,923,924,925,932,938,940,944,946,955,956,957,958,959}
Current function value: 1.3395825395935249E7
s**********************************************: 14
Current result: {65,87,90,91,92,96,97,98,102,104,119,120,121,122,123,130,131,133,134,135,136,152,154,155,163,164,165,179,180,181,182,183,184,186,197,210,211,216,229,230,242,248,249,251,262,271,272,273,274,278,281,283,285,293,294,295,296,297,298,299,300,301,302,303,304,306,307,310,313,314,315,316,317,318,319,321,326,328,331,334,339,342,346,350,353,354,357,358,360,363,365,366,371,372,373,374,377,378,379,382,383,386,387,388,389,397,403,411,412,414,415,428,429,434,435,436,443,447,459,460,467,473,474,475,476,479,490,491,499,508,521,522,531,540,542,543,552,553,562,563,572,573,575,584,595,604,605,606,607,616,627,628,629,630,636,648,661,680,693,711,712,725,726,727,728,740,741,742,743,759,760,761,762,774,791,794,795,822,823,827,828,829,851,852,853,854,860,861,862,863,883,884,890,891,892,894,911,912,913,914,915,916,919,948,949,950,951}
Current function value: 1.320391576788227E7
s**********************************************: 15
Current result: {65,66,67,68,75,76,77,78,89,90,92,93,96,97,98,100,101,106,107,110,111,112,114,115,120,121,122,123,125,128,130,132,135,136,137,138,139,143,144,145,146,148,149,150,151,152,154,155,156,157,162,164,165,166,167,171,175,176,178,179,180,182,183,185,186,194,198,209,210,216,217,230,242,248,260,262,263,273,274,275,280,285,290,291,292,293,294,295,296,302,303,304,305,307,312,313,314,315,316,317,318,320,321,323,325,326,327,334,336,339,344,349,350,351,353,354,355,359,366,371,372,376,377,382,383,385,386,397,398,403,404,414,417,429,446,447}
Current function value: 1.2648920463871684E7
s**********************************************: 16
Current result: {112,120,121,122,123,124,125,126,143,144,145,148,149,150,151,152,154,155,156,157,175,177,178,179,180,181,183,189,210,215,242,247,248,249,280,281,312,314,319,344,346,351,376,377,378,382,383,410,411,414,415,443,447,475,478,479,507,510,539,540,542,572,573,574,575,606,607}
Current function value: 1.1698336009990385E7
s**********************************************: 17
Current result: {42,49,58,59,65,68,74,75,76,77,78,79,80,81,89,90,91,92,93,97,99,100,101,106,109,113,114,115,120,121,123,124,128,129,130,131,133,134,135,136,137,138,147,148,149,151,152,156,160,163,166,169,170,171,181,182,183,198,215,216,217,230,231,246,248,249,263,265,278,279,280,289,290,291,292,293,294,295,296,297,298,299,300,310,312,322,327,328,331,342,344,354,355,360,363,376,377,378,384,385,386,392,410,416,417,424,448,467,480,494,496,497,498,499,512,514,515,516,525,526,527,528,531,532,544,545,546,548,549,550,551,552,553,554,555,556,557,564,577,578,582,586,596,609,614,626,627,628,641,646,653,654,658,659,662,678,679,685,686,688,689,690,691,692,693,694,695,711,712,718,719,720,727,733,734,735,736,744,759,764,765,767,768,774,775,776,791,792,793,794,795,796,797,798,800,801,802,807,827,828,829,834,837,838,839,859,861,866,869,871,890,891,898,901,905,906,923,926,930,931,932,933,934,935,936,937,955,956,957,958,959}
Current function value: 1.299446806287278E7
sRESULT**********************************************: 
result subgraph is: [112, 120, 121, 122, 123, 124, 125, 126, 143, 144, 145, 148, 149, 150, 151, 152, 154, 155, 156, 157, 175, 177, 178, 179, 180, 181, 183, 189, 210, 215, 242, 247, 248, 249, 280, 281, 312, 314, 319, 344, 346, 351, 376, 377, 378, 382, 383, 410, 411, 414, 415, 443, 447, 475, 478, 479, 507, 510, 539, 540, 542, 572, 573, 574, 575, 606, 607]
------------------------------ test ends --------------------------------
