
------------------------------ test starts ------------------------------ 
s**********************************************: 9
Current result: {268,300,331,332,363,364,395,396,427,428,459,460,491,523,555,587,588,619}
Current function value: 1.1341377119333332E7
s**********************************************: 10
Current result: {6,7,8,38,40,41,42,68,70,72,100,101,102,103,128,129,130,131,132,133,134,161,162,163,164,165,193,194,195,196,197,199,224,225,227,228,230,231,260,261,262,263,264,265,296,297}
Current function value: 1.155971223984176E7
s**********************************************: 11
Current result: {4,6,9,10,11,12,13,36,37,38,41,43,44,45,46,66,67,68,70,71,72,73,75,78,81,99,100,101,103,106,107,110,111,112,113,114,131,136,137,138,139,142,143,144,146,163,164,167,168,169,171,175,176,177,195,201,209,227,233,234,240,241,242,265,266,272,273,274,296,297,305,306,307,336,337,338,339}
Current function value: 1.2058183987599999E7
s**********************************************: 12
Current result: {9,10,11,12,17,18,19,20,21,22,42,43,46,47,49,50,53,54,58,59,60,75,78,79,80,81,86,87,89,90,92,98,99,100,106,107,108,109,110,113,118,120,121,122,131,132,133,134,137,138,139,149,150,151,152,153,154,155,158,163,164,165,169,171,181,183,187,188,189,190,191,196,197,201,203,221,223,227,228,229,230,231,233,253,254,255,261,262,263,264,265,284,285,293,297,316,325,327,348,351,357,358,359,379,380,381,382,383,388,389,391,408,410,413,414,415,420,440,441,442,445,447,473,474,477,478,506,507,508,509,541,573,574,604,606,635,636,637,638,668,670,671,700,702,731,733,734,735,763,764,765,767,796,799,829,830,831,861,893,925,957,958,959}
Current function value: 1.2615348226534732E7
s**********************************************: 13
Current result: {4,5,6,16,17,38,39,44,45,46,47,48,49,67,68,70,71,72,73,75,76,77,78,81,98,99,104,105,106,107,109,110,113,114,131,138,139,140,142,146,163,164,166,167,171,195,196,197,198,201,202,203,204,205,227,228,232,233,236,237,258,260,261,262,264,290,291,293,294,295,296,297,322,323,325,326,355,357,386,387,388,389,390,417,418,420,449,481,482,483,514,545,546,576,577,608,609,610,640,641,642,643,644,672,704,736,737,738,769}
Current function value: 1.2209836951919978E7
s**********************************************: 14
Current result: {221,223,251,253,255,283,284,285,286,287,315,317,318,319,351,381,383,413,414,415,444,445,477,478,479,510,541,542,573,574,575,605,606}
Current function value: 1.1412968768710082E7
s**********************************************: 15
Current result: {218,250,251,281,282,283,284,312,313,314,315,346,378,379,409,410,441,445,473,474,475,476,477,478,508,509,541,573,574,575,606,607,639}
Current function value: 1.1391933515422221E7
s**********************************************: 16
Current result: {104,105,136,137,138,163,164,165,166,167,168,169,170,196,197,200,202,203,228,232,262,263,264,265,295,296,327,331,355,358,359,360,363,364,386,387,389,390,392,395,396,417,418,419,420,421,424,425,426,427,428,452,457,459,463,484,485,486,491,492,493,494,495,526,527,528,529,530,558,562,563,595}
Current function value: 1.2170722714607066E7
s**********************************************: 17
Current result: {2,3,4,5,6,13,18,19,20,21,22,23,24,25,28,29,30,32,34,35,36,38,39,41,42,45,46,49,50,53,54,56,58,59,60,64,66,68,70,73,75,76,77,78,82,85,87,88,89,90,95,96,98,99,102,103,104,105,106,107,108,110,111,114,115,118,119,120,121,127,128,129,130,131,132,133,136,137,139,140,143,144,145,147,148,150,151,153,155,156,157,158,159,160,161,162,163,165,166,167,169,171,175,177,180,183,185,188,190,192,194,195,197,198,203,204,205,209,215,217,220,222,223,226,227,228,230,231,236,237,241,242,247,249,250,253,254,257,258,260,263,265,266,267,268,272,273,278,279,280,281,282,283,284,286,287,288,289,290,291,295,297,300,304,306,310,312,315,316,318,319,321,322,323,324,325,327,332,336,337,338,339,344,345,346,350,355,357,358,363,364,370,376,377,378,379,380,381,382,383,386,387,388,390,392,399,402,403,408,410,411,414,417,418,420,422,423,424,425,431,432,434,440,441,442,443,446,447,449,452,453,454,457,460,463,464,465,472,474,475,477,478,479,481,482,483,485,486,489,490,491,492,493,495,496,498,504,506,509,511,514,515,518,522,523,525,526,527,528,529,530,539,540,541,545,546,547,549,552,555,558,560,562,565,566,567,570,571,573,574,575,576,577,578,579,580,581,582,583,584,587,591,592,594,595,596,597,598,599,602,604,605,608,609,612,619,626,630,631,632,633,634,635,636,639,640,641,642,644,645,650,651,652,653,662,663,667,671,673,676,683,685,695,699,700,701,702,703,704,705,706,707,708,714,715,717,718,719,720,725,726,727,728,733,736,738,740,741,749,750,752,757,759,760,761,762,763,765,768,769,772,773,774,784,789,791,797,798,799,800,805,816,820,821,830,831,837,838,847,848,852,862,870,871,872,873,878,879,893,894,901,902,904,905,910,926,933,934,936,942,958,959}
Current function value: 1.5711837233746834E7
sRESULT**********************************************: 
result subgraph is: [268, 300, 331, 332, 363, 364, 395, 396, 427, 428, 459, 460, 491, 523, 555, 587, 588, 619]
------------------------------ test ends --------------------------------
