
------------------------------ test starts ------------------------------ 
s**********************************************: 9
Current result: {6,7,8,12,29,30,40,41,44,60,62,63,72,73,74,76,77,78,79,88,89,90,92,94,106,107,108,109,120,122,123,124,125,126,127,139,142,152,153,155,157,158,171,172,173,174,176,177,184,187,202,203,205,206,207,208,216,234,238,240,241,242,243,245,246,247,248,249,266,267,274,275,276,278,281,298,299,307,308,310,313,329,330,339,340,341,342,345,346,347,361,379,380,412,439,444,445,447,469,470,471,472,473,474,475,477,478,479,506,507,508,509}
Current function value: 1.2325008732237406E7
s**********************************************: 10
Current result: {138,142,169,170,171,172,173,174,176,197,201,202,204,205,206,208,209,210,227,228,229,230,233,238,239,240,262,263,264,265,294,326,327,359,390,391,393,394,423,425,426,427,428,432,454,455,456,457,460,461,463,464,486,487,488,489,492,493,494,495,519,520,521,526,551,583}
Current function value: 1.2015849524393722E7
s**********************************************: 11
Current result: {119,151,152,153,183,215,216,218,219,220,221,222,248,249,250,253,254,281,286,317,318,348,349,378,380,381,382,407,408,409,410,411,412,428,433,437,438,439,460,462,463,465,468,469,471,492,493,494,495,496,497,498,499,500,526,532,533,558,564,570,596,597,598,599,600,601,602,603,604,607,634,635,636,639,668,669,670,671,703,734,735,765,766,797,798,830,831,859,860,861,862}
Current function value: 1.2047433301919784E7
s**********************************************: 12
Current result: {4,6,9,10,20,21,22,23,24,25,28,36,37,38,39,40,41,42,51,52,53,54,57,58,59,60,66,67,68,72,74,75,77,78,84,90,99,105,106,107,108,109,113,114,115,116,117,131,136,140,141,145,146,155,156,157,163,164,168,173,174,175,176,177,187,195,199,200,202,204,206,208,210,216,217,219,227,228,229,231,232,233,234,235,236,237,238,239,240,241,242,243,247,248,249,250,251,261,263,264,266,267,275,276,277,278,279,281,298,307,308,329,330,340,361,372,393,394,425,457,458}
Current function value: 1.2375752599879384E7
s**********************************************: 13
Current result: {439,468,471,472,500,501,502,503,504,505,533,536,565,566,568,570,572,596,597,600,601,602,603,604,607,628,635,638,639,667,668,669,671,701,703,733,734,735,765,794,795,796,797,799,829,830,831,860,861,863,893,894,926,958}
Current function value: 1.1466825642123207E7
s**********************************************: 14
Current result: {2,3,4,5,6,7,34,38,65,66,67,68,70,99,100,101,106,107,129,130,131,132,137,138,139,161,162,163,164,169,196,197,198,199,201,202,227,228,229,231,233,234,261,263,264,265,297,329,330,331,361,362}
Current function value: 1.1673352465937365E7
s**********************************************: 15
Current result: {10,11,12,13,42,44,72,73,74,76,77,78,79,105,106,107,109,137,138,141,142,169,173,174,175,176,202,203,204,207,230,231,232,233,234,236,237,238,239,261,262,263,264,265,266,267,295,297,299,326,327,329,331,361,362,393,423,425,426,427,428,432,433,455,456,457,460,461,462,463,464,465,466,487,488,489,493,495,496,497,498,519,520,551,583,584,585,613,614,615,617,646,649,650,682,683,684,685,686,713,714,716,717,745,748}
Current function value: 1.2429253569186226E7
s**********************************************: 16
Current result: {105,136,137,138,139,168,171,173,175,199,200,201,203,204,205,206,207,208,234,235,237,238,240,267,297,298,299,329,361,393,425,426,432,433,457,458,459,460,461,464,489,492,493,494,495,496,519,520,521,522,526,551,552,554,558,586,618,649,650,651,682,714,715,747,748,780}
Current function value: 1.200098872177888E7
s**********************************************: 17
Current result: {5,12,13,14,15,16,17,36,37,38,44,67,68,74,75,76,77,78,79,80,99,104,106,107,130,131,136,137,138,139,140,141,163,164,169,172,173,174,176,177,196,197,198,199,200,201,202,205,206,207,209,228,229,231,236,237,239,240,241,263,264,265,268,295,324,326,327,356,359,388,389,390,391,421,423,426,452,453,455,456,457,458,484,485,488,490,520,551,552,553,554,583,586,614,615,618,619,646,649,650,651,683,684,685,686,717}
Current function value: 1.2353979435434584E7
sRESULT**********************************************: 
result subgraph is: [439, 468, 471, 472, 500, 501, 502, 503, 504, 505, 533, 536, 565, 566, 568, 570, 572, 596, 597, 600, 601, 602, 603, 604, 607, 628, 635, 638, 639, 667, 668, 669, 671, 701, 703, 733, 734, 735, 765, 794, 795, 796, 797, 799, 829, 830, 831, 860, 861, 863, 893, 894, 926, 958]
------------------------------ test ends --------------------------------
