
------------------------------ test starts ------------------------------ 
s**********************************************: 9
Current result: {162,164,165,169,194,196,197,198,199,200,201,226,227,228,229,233,259,260,261,264,265,266,292,296,298,327,328,330,359,362,364,389,390,391,394,395,396,421,427,449,453,459,481,482,483,484,485,486,491,513,514,517,522,523,524,554,556,557,558,589,590,591,592,593,594,622,623,624,625,655,687,719}
Current function value: 1.1981563841277681E7
s**********************************************: 10
Current result: {7,8,9,39,71,72,104,105,137,163,164,165,166,167,169,172,195,196,199,200,201,202,203,204,207,211,215,227,233,239,240,242,243,244,247,248,249,259,269,270,271,274,276,277,278,279,281,283,291,292,303,304,306,309,313,314,315,323,324,325,335,336,338,341,346,347,355,356,368,369,370,379,380,381,387,388,389,408,410,411,413,417,418,419,421,439,440,441,442,445,446,447,449,451,469,470,471,479,481,482,483,484,485,501,509,510,511,516,517,533,538,539,540,541,548,564,565,566,569,570,580,581,590,591,597,598,601,610,611,613,620,621,622,623,629,632,633,643,644,645,646,652,655,665,666,667,674,675,687,695,696,697,699,700,701,702,705,706,719,728,729,737,751,758,759,760,769,771,781,782,783,789,790,792,800,801,802,803,804,805,810,812,813,815,816,817,818,819,820,821,824,825,834,840,841,842,843,844,849,857,866,867,868,869,870,872,876,898,899,900,902,903,904,931,935,936}
Current function value: 1.3310697629045421E7
s**********************************************: 11
Current result: {332,333,364,393,394,395,396,424,425,427,428,459,490,491,522,527,554,555,556,557,558,559,560,561,588,589,592,593,620,625,652}
Current function value: 1.1573895827111112E7
s**********************************************: 12
Current result: {556,558,560,561,588,589,590,593,594,619,620,622,623,624,625,626,651,652,684,716,748,749,780,781,782,783,784,813,844,845,876,877}
Current function value: 1.1575224658755556E7
s**********************************************: 13
Current result: {8,9,10,40,72,73,101,102,103,104,105,133,137,163,164,165,169,170,193,194,196,202,220,225,226,227,228,229,234,235,243,244,250,252,257,259,265,266,276,277,282,283,284,291,292,293,296,297,298,309,315,325,328,330,341,347,357,362,363,364,365,373,378,379,380,387,389,390,395,396,405,406,408,409,411,413,419,420,421,427,428,438,439,440,441,442,443,444,445,450,451,453,459,469,470,472,476,477,479,481,482,491,501,502,503,509,510,511,513,523,524,533,534,535,542,545,555,556,557,558,566,568,576,577,587,589,598,600,601,608,611,612,613,619,630,631,632,633,634,635,640,641,642,643,651,662,663,667,668,669,670,673,683,684,694,698,699,705,716,726,737,748,758,760,768,769,770,776,777,778,779,780,784,787,789,790,792,800,802,803,804,805,806,809,810,811,812,813,814,816,817,818,819,820,821,822,824,838,841,844,845,846,847,848,849,854,855,856,876,879,887}
Current function value: 1.3226968966280969E7
s**********************************************: 14
Current result: {6,14,15,20,21,22,23,24,25,26,28,29,33,34,35,36,37,38,39,40,44,45,46,47,48,50,51,52,53,57,58,59,60,61,66,72,73,74,75,76,80,81,82,84,85,88,89,92,98,105,120,124,130,156,161,162,188,193,213,218,219,220,221,222,225,226,227,238,239,240,245,249,250,252,254,255,259,260,271,276,277,282,287,292,303,304,308,309,311,312,313,314,323,324,335,336,337,338,339,340,341,342,343,356,358,370,375,376,377,378,388,389,390,409,419,420,421,441,442,443,444,449,451,453,476,481,482,483,484,508,516,517,518,540,568,572,573,600,601,605,631,632,633,634,635,636,637,638,662,663,665,666,670,671,694,703}
Current function value: 1.2544030318034533E7
s**********************************************: 15
Current result: {212,213,218,219,222,243,244,250,251,252,253,254,276,280,281,282,286,308,309,310,311,312,318,340,343,349,350,351,374,375,376,381,383,406,408,413,438,440,441,442,445,446,470,472,478,479,501,502,533,565,566,581,585,586,587,588,589,590,597,598,600,611,612,613,614,615,617,619,621,622,623,624,625,626,627,628,629,630,631,632,633,634,635,642,643,644,647,648,649,655,657,660,661,665,666,667,668,669,670,674,675,676,680,681,687,697,698,699,705,706,729,737,749,758,759,760,761,768,769,770,780,781,782,787,790,792,801,802,811,812,813,814,815,816,817,818,819,820,821,822,843,845,847,853,854,875,876,883,884,885,907,917,939,949,950}
Current function value: 1.2630342956355557E7
s**********************************************: 16
Current result: {169,198,199,200,201,226,227,230,233,259,260,261,262,265,266,292,298,322,323,324,325,355,387,418,419,420,421,449,450,453,482,485,486,514,517}
Current function value: 1.1502952061571335E7
s**********************************************: 17
Current result: {32,33,34,35,67,99,131,163,164,165,196,197,198,199,228,229,261,262,266,293,296,297,298,323,324,325,326,327,328,330,333,355,356,362,364,365,387,394,395,396,418,419,428,450,451,481,482,483,513,528,545,560,576,577,578,580,592,601,610,611,612,613,616,621,622,623,624,625,629,633,634,643,645,646,647,648,649,655,660,661,662,663,665,666,674,675,681,687,693,695,696,697,713,719,724,725,728,729,745,751,755,756,761,777,778,783,787,793,810,813,814,815,816,817,818,819,825,827,842,843,844,845,848,849,854,855,856,857,858,859,860,875,877,880,889,892,893,909,941}
Current function value: 1.2751867429249303E7
sRESULT**********************************************: 
result subgraph is: [169, 198, 199, 200, 201, 226, 227, 230, 233, 259, 260, 261, 262, 265, 266, 292, 298, 322, 323, 324, 325, 355, 387, 418, 419, 420, 421, 449, 450, 453, 482, 485, 486, 514, 517]
------------------------------ test ends --------------------------------
