
------------------------------ test starts ------------------------------ 
s**********************************************: 9
Current result: {270,302,303,304,333,334,335,336,353,354,355,357,361,365,386,387,388,389,390,391,392,393,394,396,397,398,420,421,425,428,430,457,458,459,460,462,494}
Current function value: 1.1685155890933333E7
s**********************************************: 10
Current result: {21,53,81,84,85,86,90,92,112,113,114,115,116,118,119,120,121,122,123,124,125,144,148,153,155,156,175,176,185,188,189,207,216,217,239,247,248,269,270,271,301,302,303,325,326,333,334,335,336,337,355,357,358,364,365,387,389,390,391,393,394,395,396,419,420,421,423,424,425,426,427,457,459,490,491,492,493}
Current function value: 1.202625768431111E7
s**********************************************: 11
Current result: {176,177,178,180,181,208,210,211,212,213,239,240,244,269,270,271,300,301,303,304,333,334,355,360,361,365,366,385,386,387,388,391,392,394,398,417,420,422,423,424,425,426,427,428,429,430,449,450,452,454,458,459,460,462,482,484,485,486,490,491,493,494}
Current function value: 1.1955364772177778E7
s**********************************************: 12
Current result: {1,2,3,4,5,33,37,38,41,43,61,62,64,65,69,70,72,73,74,75,80,81,82,83,84,85,86,87,88,89,92,93,94,95,97,102,103,104,107,108,109,110,111,112,113,115,116,118,119,121,122,123,124,129,139,140,148,154,156,160,161,180,181,192,193,194,209,210,211,212,213,224,226,240,241,258,272,288,289,290,291,304,334,335,336,337,357,366,389,397,398,421,422,423,424,425,426,427,429,430,431,432,433,434,456,457,459,462,464,465,491,492,493,494,495,497,498,499,531,532,563,593,594,595,620,627,643,652,653,656,659,675,676,677,685,686,687,688,691,709,719,720,721,722,723,736,737,738,739,741,742,746,747,748,749,753,754,755,757,759,760,761,762,763,770,771,772,773,774,775,776,778,781,782,783,784,785,786,787,788,789,790,791,794,805,806,807,810,816,818,820,837,839,840,841,842,848,849,852,871,874,880,881,903}
Current function value: 1.3427073405347386E7
s**********************************************: 13
Current result: {5,34,35,36,37,66,70,72,97,98,99,100,101,102,103,104,134,140,164,165,166,167,168,169,170,171,172,202}
Current function value: 1.1412297979955556E7
s**********************************************: 14
Current result: {1,2,3,4,5,6,9,32,33,34,35,36,38,41,42,53,54,55,56,57,61,66,68,70,71,73,78,79,80,81,83,84,85,89,90,92,93,100,102,103,104,105,110,111,113,114,115,116,122,123,124,125,132,142,146,154,155,157,160,164,170,171,172,173,174,178,184,185,186,189,190,192,193,194,195,196,202,216,222,223,228,233,234,235,260,267,268,269,292,301,302,303,304,324,325,326,329,330,331,332,333,334,335,336,357,358,359,361,366,387,388,389,393,398,417,418,419,420,421,422,425,429,430,449,453,454,456,457,458,459,460,481,482,486,487,488,490,491,514}
Current function value: 1.2641408807748118E7
s**********************************************: 15
Current result: {10,11,12,13,14,17,19,35,36,38,44,45,48,49,50,51,68,69,70,71,72,77,79,80,83,102,108,109,110,111,112,113,114,115,116,122,133,134,135,140,144,146,148,149,153,154,155,156,164,165,167,168,169,170,171,172,175,176,178,181,184,185,188,190,191,196,202,207,210,213,214,215,216,217,218,220,221,222,223,228,233,234,243,244,245,260,261,277,293,309,310,315,316,325,326,342,343,344,345,346,347,353,354,355,357,375,377,385,387,388,389,407,409,417,418,421,427,449,450,453,454,456,457,458,459,460,485,486,487,488,492,517,520}
Current function value: 1.2342692864580417E7
s**********************************************: 16
Current result: {1,2,32,33,34,35,36,44,64,67,68,69,71,72,73,74,75,76,77,78,96,97,99,101,103,108,110,111,112,113,133,135,140,143,145,165,166,167,170,171,172,175,177,178,196,197,202,207,210,211,228,239,243,269,270,271,272,273,300,301,302,332,333,334,353,357,358,359,366,385,386,388,389,390,391,392,395,396,397,398,417,418,420,421,424,426,427,430,449,450,452,456,457,458,459,460,462,481,482,483,484,486,487,488,490,493,494,495,513,520,521,553,554,555,587,619,620,652,653,655,656,685,686,687,688,717,720,721,722,723,724,747,748,749,754,755,761,786,787,788,789,790,791,792,793,794,818,820,824,852}
Current function value: 1.2935777771068554E7
s**********************************************: 17
Current result: {1,2,3,5,6,9,10,11,12,34,35,36,37,38,41,42,44,54,55,56,57,58,66,68,70,71,72,73,76,85,86,90,91,92,97,98,99,101,102,107,108,109,110,111,117,121,122,124,125,126,129,142,149,152,153,157,160,161,174,175,176,179,180,181,185,186,188,189,190,191,193,194,207,208,209,210,211,217,218,220,222,223,239,240,243,244,255,268,269,271,272,273,285,287,301,302,303,316,317,318,319,342,343,346,347,348,375,376,380,406,407,408,409,410,411,412,441,442}
Current function value: 1.2236109111730354E7
sRESULT**********************************************: 
result subgraph is: [5, 34, 35, 36, 37, 66, 70, 72, 97, 98, 99, 100, 101, 102, 103, 104, 134, 140, 164, 165, 166, 167, 168, 169, 170, 171, 172, 202]
------------------------------ test ends --------------------------------
