
------------------------------ test starts ------------------------------ 
s**********************************************: 2
Current result: {429,430,431,463}
Current function value: 7113168.214390447
s**********************************************: 3
Current result: {268,298,300,330,331,332,363}
Current function value: 9490700.220033942
s**********************************************: 4
Current result: {366,398,430,431}
Current function value: 8517652.070100011
s**********************************************: 5
Current result: {173,174,205,237,268,269,300,332,364,365,397,429,430,462}
Current function value: 7328209.737178608
s**********************************************: 6
Current result: {397,429,430,431,432,433,465,466,467,468,469}
Current function value: 4300783.3880964955
s**********************************************: 7
Current result: {172,173,174,175,176,204,236,268,300,332,364,395,396,397,429}
Current function value: 8227810.496791158
s**********************************************: 8
Current result: {298,330,332,333,361,362,364,394,395,396,426,458,490,521,522,552,553,584,615,616,647,677,678,679,709,740,741,771,772,801,802,803,833,864,865,897,929}
Current function value: 5946693.546082374
s**********************************************: 9
Current result: {433,436,437,465,466,467,468,500,506,507,532,533,538,565,566,567,568,570,600,601,602}
Current function value: 3142729.1186457947
s**********************************************: 10
Current result: {207,235,239,267,268,269,270,271,300,301,332,363,364,365,397,398,399,431,462,463}
Current function value: 4478553.167784073
s**********************************************: 11
Current result: {205,206,207,208,236,237,240,269,272,301,304,336,368,400,431,432,433,434,462,463,466}
Current function value: 4727398.211707836
s**********************************************: 12
Current result: {294,326,327,328,329,334,338,361,366,370,371,372,373,393,394,395,396,397,398,399,400,401,402,430,431,434,466}
Current function value: 4361259.963113987
s**********************************************: 13
Current result: {268,298,299,300,330,362,394,426,458,490,522,554,586,613,614,615,616,617,618,644,645,675,676,706,707,739,771,772,802,803,834}
Current function value: 5234829.62603545
s**********************************************: 14
Current result: {174,175,206,230,231,232,233,234,235,236,237,238,268,300,301,333,365,366,397,428,429,432,433,434,461,462,463,464,466,498}
Current function value: 3072441.639310338
s**********************************************: 15
Current result: {394,395,396,397,425,426,429,430,431,457,463,489,521,553,585,617,643,644,645,646,647,648,649,675,707,739,771,802,803,833,834}
Current function value: 3944056.929568301
sRESULT**********************************************: 
result subgraph is: [174, 175, 206, 230, 231, 232, 233, 234, 235, 236, 237, 238, 268, 300, 301, 333, 365, 366, 397, 428, 429, 432, 433, 434, 461, 462, 463, 464, 466, 498]
------------------------------ test ends --------------------------------
