
------------------------------ test starts ------------------------------ 
s**********************************************: 2
Current result: {429,430,431,432}
Current function value: 7421807.339301071
s**********************************************: 3
Current result: {386,387,388,389,390,391,418,423,424,425,450,457,458,459,460,461,482}
Current function value: 3815820.506816577
s**********************************************: 4
Current result: {395,427,428,432,460,461,462,463,464}
Current function value: 1272460.9924956963
s**********************************************: 5
Current result: {395,396,397,398,399,427,431,432,459,464}
Current function value: 1747064.533719724
s**********************************************: 6
Current result: {395,397,398,399,421,422,423,424,425,426,427,428,429,431,432,459,464,491,496,523,555,587,619,651,683,715,747,779,811,843,845,875,876,877,908,909}
Current function value: 1929756.0505712596
s**********************************************: 7
Current result: {298,330,362,394,395,396,428,429,430,431,432,460,461,464,465,497}
Current function value: 1615124.079271325
s**********************************************: 8
Current result: {228,259,260,291,323,330,354,355,356,357,358,359,360,361,362,363,395,427,428,429}
Current function value: 2402863.505544936
s**********************************************: 9
Current result: {228,229,261,262,263,264,296,297,298,330,362,363,395,427,428,429,432,461,462,463,464,496}
Current function value: 1537268.5282667852
s**********************************************: 10
Current result: {228,229,230,231,232,233,265,266,298,330,362,363,395,427,428,429,430,431,432,464}
Current function value: 1390498.3246802518
s**********************************************: 11
Current result: {330,358,359,360,361,362,363,390,395,400,401,427,432,433,459,460,461,462,463,464,465,497,529,561,593,625,657,689,721,753,785,817}
Current function value: 1645481.6797769766
s**********************************************: 12
Current result: {257,258,259,260,261,262,263,264,265,266,298,330,362,363,395,427,428,429,430,431,432,459,464,465,491,523,555,587,619,651,683,715,747,779,811,843}
Current function value: 2669539.3409417793
s**********************************************: 13
Current result: {203,204,205,235,267,299,330,331,362,363,395,427,428,429,430,431,432,461,464,465,495,496,497,528,560,592,624,656,688,720,752,784,816,848}
Current function value: 7318221.6801035255
s**********************************************: 14
Current result: {229,230,231,232,260,261,264,290,291,292,296,297,298,330,362,394,395,427,429,430,431,432,459,460,461,464,465,496,528,560,592,624,656,688,720,752,753,785,817}
Current function value: 4918448.752206185
s**********************************************: 15
Current result: {327,328,329,330,356,357,358,359,362,363,388,395,401,418,419,420,427,428,429,430,431,432,433,450,459,460,461,464,465,482,496,497}
Current function value: 6581097.4637202695
sRESULT**********************************************: 
result subgraph is: [395, 427, 428, 432, 460, 461, 462, 463, 464]
------------------------------ test ends --------------------------------
