
------------------------------ test starts ------------------------------ 
s**********************************************: 2
Current result: {370,400,401,402,432}
Current function value: 3800771.9977667145
s**********************************************: 3
Current result: {368,396,397,398,399,400,401,402,428,433}
Current function value: 1346981.731201594
s**********************************************: 4
Current result: {370,402,429,430,431,432,433,434,461}
Current function value: 1385644.5172197209
s**********************************************: 5
Current result: {401,402,428,431,432,433,460,461,462,463}
Current function value: 2321267.671608002
s**********************************************: 6
Current result: {353,354,355,356,357,358,359,360,361,362,385,394,395,400,401,402,427,428,429,430,431,432,434,461}
Current function value: 1522690.8588390544
s**********************************************: 7
Current result: {330,331,363,395,396,397,398,399,400,401,402,427,428,434,460,461}
Current function value: 3065170.364692824
s**********************************************: 8
Current result: {234,266,298,330,334,362,363,366,395,396,397,398,399,400,401,402,430,461,462}
Current function value: 2315204.6818066724
s**********************************************: 9
Current result: {353,354,355,356,357,358,359,360,361,362,363,385,395,399,400,427,428,429,430,431,432,433,461}
Current function value: 2526050.2561410917
s**********************************************: 10
Current result: {327,328,329,330,331,332,359,364,365,395,396,401,402,427,429,430,431,432,433,459,460,461}
Current function value: 2263453.5476509146
s**********************************************: 11
Current result: {363,370,395,397,398,399,400,401,402,427,429,456,457,458,459,460,461,485,486,487,488,517}
Current function value: 1682066.994748105
s**********************************************: 12
Current result: {390,397,421,422,423,424,425,426,427,428,429,430,431,432,433,434,453,460,461,482,483,484,485,515,547,579,611,643,675,704,705,706,707}
Current function value: 3472983.815020121
s**********************************************: 13
Current result: {324,325,355,356,357,358,387,390,391,392,393,394,395,396,397,398,399,400,419,427,428,432,433,434,451,483,515,547,579,610,611,642,672,673,674,704,736,768,800}
Current function value: 2858859.691713303
s**********************************************: 14
Current result: {170,171,172,173,174,206,238,270,302,334,366,398,399,400,401,402,423,424,425,426,427,428,429,430,432,456,488,520,552,584,616}
Current function value: 3492451.5358234383
s**********************************************: 15
Current result: {325,326,327,328,357,360,389,392,421,424,425,426,427,428,429,453,460,461,483,484,485,486,518,550,581,582,613,643,644,645,675,707,739,771}
Current function value: 2103189.2863854505
sRESULT**********************************************: 
result subgraph is: [368, 396, 397, 398, 399, 400, 401, 402, 428, 433]
------------------------------ test ends --------------------------------
