
------------------------------ test starts ------------------------------ 
s**********************************************: 2
Current result: {401,402,433,434}
Current function value: 3471475.6090180436
s**********************************************: 3
Current result: {732,764,765,766,767,799}
Current function value: 1.0402653256473958E7
s**********************************************: 4
Current result: {400,401,402,432,461,462,463,464}
Current function value: 3629962.535323024
s**********************************************: 5
Current result: {369,401,427,428,429,430,431,432,433,460}
Current function value: 1324320.1033581034
s**********************************************: 6
Current result: {321,322,323,324,353,356,357,358,359,360,385,392,393,398,399,400,401,417,425,429,430,433,449,457,458,459,460,461,465,481,513,545,546,578}
Current function value: 1721257.2503077032
s**********************************************: 7
Current result: {368,369,370,398,399,400,402,424,425,426,427,428,429,430,460}
Current function value: 2166136.03521662
s**********************************************: 8
Current result: {396,397,398,399,400,401,402,428,434,435,436,437,438,439,440,460,472,473,474,506,538,539,540,541,573,605,637,669,670,702,734,766,797,798,799,829}
Current function value: 2029671.4926224672
s**********************************************: 9
Current result: {338,370,371,372,373,374,375,376,400,401,402,408,433,434,440,441,465,473,474,475,507,508,540,572,573,605,637,669,701,732,733,764,796,797,798,799,828,860,892}
Current function value: 2273402.0640211464
s**********************************************: 10
Current result: {397,398,399,400,429,432,433,461,465,480,490,491,492,493,512,513,515,516,517,518,519,520,521,522,545,546,547}
Current function value: 1603724.1933092633
s**********************************************: 11
Current result: {269,301,306,333,338,353,354,355,356,357,365,369,370,384,385,389,390,391,392,393,394,395,396,397,398,399,400,401,416,428,448,460,480,481,482}
Current function value: 2330482.786446948
s**********************************************: 12
Current result: {397,398,399,400,401,402,429,432,460,461,464,465,466,467,468,469,470,471,472,473,505,506,507,539,571,603,635,667,699,731,763,764,765,797,829}
Current function value: 2667045.9059063336
s**********************************************: 13
Current result: {369,370,397,398,399,400,401,427,428,429,433,434,435,467,468,469,470,502,503,535,567,599,631,663,695,696,697,698,730,731,732,733,765,797,798,799,831,863}
Current function value: 3620696.155326033
s**********************************************: 14
Current result: {397,400,401,429,430,431,432,433,465,466,467,468,500,501,502,534,566,598,630,631,663,695,727,759,760,761,762,763,764,765,766,798}
Current function value: 1432747.155868386
s**********************************************: 15
Current result: {233,264,265,297,329,361,393,397,398,399,400,401,402,422,423,424,425,426,427,428,429,432,433,449,450,451,452,453,454,460,481,513,545,577,578}
Current function value: 1525096.2439068118
sRESULT**********************************************: 
result subgraph is: [369, 401, 427, 428, 429, 430, 431, 432, 433, 460]
------------------------------ test ends --------------------------------
