
------------------------------ test starts ------------------------------ 
s**********************************************: 2
Current result: {666,667,699,730,731,762}
Current function value: 1.1179876661177672E7
s**********************************************: 3
Current result: {482,483,513,514,545,577,578,610}
Current function value: 1.0737822770626344E7
s**********************************************: 4
Current result: {634,664,665,666,696,727,728,729,730,731,732}
Current function value: 1.1003525355198879E7
s**********************************************: 5
Current result: {480,512,544,576,577,578,579,580,608,609}
Current function value: 1.0626412496772442E7
s**********************************************: 6
Current result: {664,665,666,667,668,669,701,702,734,766,798,830}
Current function value: 9542551.121151024
s**********************************************: 7
Current result: {665,666,667,696,697,728,729,730,731,732,733,762,765,797,829,830}
Current function value: 1.1214048413530286E7
s**********************************************: 8
Current result: {667,699,700,727,728,729,730,731,732,764,796,828,860,861,862,894}
Current function value: 1.0679454502216592E7
s**********************************************: 9
Current result: {193,194,226,258,288,289,290,291,292,293,294,295,320,352,384,416,448,480,512,513,544,576,608,640,672,704,736,768,800,832,864,896,897}
Current function value: 8172467.060439704
s**********************************************: 10
Current result: {580,612,644,666,667,668,669,673,674,675,676,677,687,688,689,690,691,692,693,694,695,696,697,698,701,705,709,710,711,712,713,714,715,716,717,718,719,732,733,737,769,800,801}
Current function value: 9386683.924386995
s**********************************************: 11
Current result: {214,246,264,278,291,292,293,294,295,296,297,298,299,300,301,302,303,304,305,306,307,308,309,310,311,312,313,314,323,346,355,378,379,387,411,412,413,419,445,451,477,483,509,513,514,515,541,545,573,577,605,609,637,641,642,669,673,674,675,698,699,700,701,705,707,708,732,733,737,765,769,797,801,829,833,864,865,896,928}
Current function value: 4477948.5104288915
s**********************************************: 12
Current result: {161,167,168,169,193,194,195,196,197,198,199,200,201,225,232,257,264,289,295,296,297,298,321,330,353,362,385,394,395,396,397,398,399,400,401,402,403,404,405,406,417,418,438,439,440,450,472,482,504,513,514,536,545,568,569,577,601,609,633,641,665,673,674,697,698,706,730,731,732,733,736,737,738,765,768,797,800,829,830,832,864,896}
Current function value: 3759425.841637514
s**********************************************: 13
Current result: {366,367,368,369,370,371,403,404,405,406,407,439,440,441,442,474,506,507,539,540,572,573,605,637,666,667,668,669,698,730}
Current function value: 5537027.609556228
s**********************************************: 14
Current result: {172,173,174,204,206,207,208,236,240,264,265,266,267,268,272,294,295,296,304,305,306,323,324,325,326,338,355,370,371,372,386,387,404,405,406,407,418,439,440,441,450,473,482,505,514,515,537,569,601,633,665,666,667,699,730,731,732,764,765,797,829}
Current function value: 6546688.793014586
s**********************************************: 15
Current result: {366,367,368,369,370,402,434,466,467,468,469,501,533,565,597,629,630,631,632,633,665,666,698,699,700,732,733,765,797,798,799,831}
Current function value: 3227490.894179277
sRESULT**********************************************: 
result subgraph is: [366, 367, 368, 369, 370, 402, 434, 466, 467, 468, 469, 501, 533, 565, 597, 629, 630, 631, 632, 633, 665, 666, 698, 699, 700, 732, 733, 765, 797, 798, 799, 831]
------------------------------ test ends --------------------------------
