
------------------------------ test starts ------------------------------ 
s**********************************************: 2
Current result: {451,483,515,547,579,611,643,673,674,675,704,705,736}
Current function value: 9497245.354728758
s**********************************************: 3
Current result: {431,463,495,496,497,498,499}
Current function value: 3356934.1714164643
s**********************************************: 4
Current result: {431,432,433,434,435,463,467,495,499,526,527}
Current function value: 1656891.486351709
s**********************************************: 5
Current result: {462,463,464,493,494,496,497,498,499,526}
Current function value: 1534730.5125332647
s**********************************************: 6
Current result: {435,461,462,463,464,465,466,467,493,498,499,531}
Current function value: 2654745.405188034
s**********************************************: 7
Current result: {304,334,335,336,366,398,422,423,424,425,426,427,428,430,431,454,460,461,463,493,494,495}
Current function value: 2490619.9260979835
s**********************************************: 8
Current result: {239,240,272,302,303,304,334,366,398,399,431,461,462,463,493,495,526,527}
Current function value: 2329451.5039276714
s**********************************************: 9
Current result: {369,370,402,432,433,434,435,463,464,485,486,487,488,489,490,491,492,493,494,495,526}
Current function value: 3344727.943265445
s**********************************************: 10
Current result: {238,239,240,241,242,269,270,301,302,334,335,367,399,431,432,433,434,435,436,463,467,493,494,495,499,500}
Current function value: 3906493.9366578427
s**********************************************: 11
Current result: {334,366,398,430,431,435,461,462,467,488,489,490,491,492,493,494,496,497,498,499,520,526,527,528}
Current function value: 2792470.6627836414
s**********************************************: 12
Current result: {369,370,371,385,386,399,400,401,403,418,431,435,450,463,482,483,484,485,486,487,488,489,490,491,492,493,494,495,526}
Current function value: 1696192.8819415085
s**********************************************: 13
Current result: {239,240,271,303,304,305,335,337,359,360,361,362,363,364,365,366,367,391,399,423,431,455,463,464,487,496,497,498,499,500,519}
Current function value: 2244153.706225641
s**********************************************: 14
Current result: {431,453,463,464,465,483,484,485,486,487,488,489,490,491,492,493,494,495,496,497,498,499,500,515,526,547,579,611,643}
Current function value: 2099267.462936774
s**********************************************: 15
Current result: {206,238,239,240,241,273,305,337,369,401,433,461,463,464,465,493,494,495,497,498,499,500,522,523,524,525,526,553,554,585,617,643,644,645,646,647,648,649}
Current function value: 2088801.7856425948
sRESULT**********************************************: 
result subgraph is: [462, 463, 464, 493, 494, 496, 497, 498, 499, 526]
------------------------------ test ends --------------------------------
