
------------------------------ test starts ------------------------------ 
s**********************************************: 2
Current result: {432,433,461,462,463,464,465}
Current function value: 5231415.355503254
s**********************************************: 3
Current result: {465,493,494,495,496,497}
Current function value: 4792438.817157178
s**********************************************: 4
Current result: {462,463,464,465,466,497,529,561,593}
Current function value: 3253627.319009809
s**********************************************: 5
Current result: {430,431,432,433,460,461,462,465,466,493}
Current function value: 1857478.4095160817
s**********************************************: 6
Current result: {461,462,484,485,486,487,488,489,490,491,492,493,518}
Current function value: 3080268.6940485365
s**********************************************: 7
Current result: {430,462,463,464,465,493,494,497,498,530,559,560,561,562}
Current function value: 2445031.834791107
s**********************************************: 8
Current result: {461,462,463,464,465,466,493,498,525,557,589,621,624,653,654,655,656}
Current function value: 2001139.3813928738
s**********************************************: 9
Current result: {460,461,462,466,493,494,495,496,497,498,526,558,590,622,623,624,656,657,658,659}
Current function value: 2099437.5268120244
s**********************************************: 10
Current result: {430,433,460,462,464,465,486,487,488,489,490,491,492,493,494,495,496,527,528,560}
Current function value: 2284532.886115132
s**********************************************: 11
Current result: {432,433,460,461,462,463,464,465,494,497,529,561,562,563,564,596,628,660,692,724,756,788,820,848,849,850,851,852,879,880}
Current function value: 2474365.5639960766
s**********************************************: 12
Current result: {432,433,462,465,466,493,494,495,496,497,498,525,528,557,560,561,588,589,593,619,620,643,651,675,683,707,715,739,747,771,772,773,774,775,776,777,778,779}
Current function value: 3310209.470348901
s**********************************************: 13
Current result: {238,239,240,270,302,334,366,398,430,433,435,460,462,463,464,465,466,467,492,493,494,498,526,558,590,622,654,686,718,750,782,814,815,816,817,818,819,820,846,878,879}
Current function value: 4181714.738161796
s**********************************************: 14
Current result: {461,462,463,464,465,493,494,495,497,498,525,527,530,562,594,626,627,659,691,723,755,787,819,820,821,851,852,883}
Current function value: 2076281.9021043796
s**********************************************: 15
Current result: {237,269,301,333,334,335,336,337,367,398,399,430,461,462,463,464,465,494,497,529,530,559,560,561,591,611,612,613,614,615,616,617,618,619,620,621,622,623,655,656}
Current function value: 2252856.267436594
sRESULT**********************************************: 
result subgraph is: [430, 431, 432, 433, 460, 461, 462, 465, 466, 493]
------------------------------ test ends --------------------------------
