
------------------------------ test starts ------------------------------ 
s**********************************************: 2
Current result: {758,759,790}
Current function value: 1.0663174461387467E7
s**********************************************: 3
Current result: {823,824,825,826,855,886,887,918,949,950}
Current function value: 1.0310860202147912E7
s**********************************************: 4
Current result: {825,826,854,855,856,857,858,859,860,861,886,893,918}
Current function value: 9585924.096272282
s**********************************************: 5
Current result: {394,395,396,427,428,459,488,489,490,491,520,551,552,583,612,613,614,615,644}
Current function value: 2108404.5656486973
s**********************************************: 6
Current result: {644,645,677,709,741,742,743,775,807,839,840,872,904,934,935,936}
Current function value: 8854295.56669015
s**********************************************: 7
Current result: {768,769,770,800,802,803,804,832,835,836,837,838,839,840}
Current function value: 8678861.756945968
s**********************************************: 8
Current result: {743,775,807,838,839,840,841,842,843,867,868,869,870,872,904,936,937}
Current function value: 8969111.580574207
s**********************************************: 9
Current result: {821,840,841,842,843,852,853,872,875,876,877,878,879,880,881,882,883,884,907,916,939}
Current function value: 8635610.55089856
s**********************************************: 10
Current result: {332,362,363,364,394,426,458,490,522,551,552,553,554,583,613,614,615,645,646,647}
Current function value: 3916453.862654276
s**********************************************: 11
Current result: {702,734,766,798,821,830,853,861,862,883,884,885,886,892,893,915,918,919,920,921,922,923,924}
Current function value: 8081372.660159078
s**********************************************: 12
Current result: {757,758,759,760,761,762,763,764,788,789,796,820,827,828,829,830,852,861,862,884,885,893,917}
Current function value: 7332297.43008143
s**********************************************: 13
Current result: {205,237,238,268,269,300,332,333,334,362,364,366,367,394,395,396,399,400,401,427,433,434,459,466,491,498,499,523,531,555,563,564,565,566,567,568,569,570,571,572,573,574,575,587,597,598,607,618,619,639,650,671,680,681,682,703,711,712,734,735,743,766,769,770,771,772,773,774,775,798,801,806,807,808,829,830,831,833,840,841,842,865,897}
Current function value: 2673850.04709525
s**********************************************: 14
Current result: {236,237,238,270,302,334,365,366,367,368,395,396,397,400,427,428,432,459,464,465,491,497,498,521,522,523,530,531,532,533,534,535,553,566,585,598,617,630,649,662,681,694,713,726,727,744,745,759,776,791,800,808,823,824,832,840,855,856,864,865,866,867,868,869,870,871,872,887,918,919}
Current function value: 2094024.29463583
s**********************************************: 15
Current result: {364,396,425,426,427,428,453,454,455,456,457,485,516,517,534,535,548,549,566,581,582,598,614,630,646,662,678,694,710,726,727,742,759,774,775,790,791,807,815,816,817,818,819,820,821,822,825,839,840,841,842,843,844,845,846,847,853,857,870,871,872,885,888,889,897,898,899,900,901,902,904,917,918,919,920}
Current function value: 2087679.0122492905
sRESULT**********************************************: 
result subgraph is: [364, 396, 425, 426, 427, 428, 453, 454, 455, 456, 457, 485, 516, 517, 534, 535, 548, 549, 566, 581, 582, 598, 614, 630, 646, 662, 678, 694, 710, 726, 727, 742, 759, 774, 775, 790, 791, 807, 815, 816, 817, 818, 819, 820, 821, 822, 825, 839, 840, 841, 842, 843, 844, 845, 846, 847, 853, 857, 870, 871, 872, 885, 888, 889, 897, 898, 899, 900, 901, 902, 904, 917, 918, 919, 920]
------------------------------ test ends --------------------------------
