
------------------------------ test starts ------------------------------ 
s**********************************************: 2
Current result: {400,401,433,465}
Current function value: 7078524.426566669
s**********************************************: 3
Current result: {397,427,428,429,461}
Current function value: 5611928.303928686
s**********************************************: 4
Current result: {756,757,789,790,822,854,855,887}
Current function value: 9508615.923256252
s**********************************************: 5
Current result: {397,429,430,431,432,433,434,435,461,465}
Current function value: 1782889.8892104463
s**********************************************: 6
Current result: {396,397,401,428,429,433,461,462,463,464,465,466}
Current function value: 1894579.6948581308
s**********************************************: 7
Current result: {395,396,397,398,399,400,401,402,427,429,434,435,461,465,466}
Current function value: 1869801.920748684
s**********************************************: 8
Current result: {396,397,398,399,400,401,402,428,434,466,467,498,530,562,594,626,658,659,660,661,662,694,695,696,728}
Current function value: 2297149.8583335867
s**********************************************: 9
Current result: {756,757,758,788,820,852,884,891,916,917,918,919,921,922,923,951,952,953}
Current function value: 6690138.8432697235
s**********************************************: 10
Current result: {397,401,428,429,430,431,432,433,434,435,461,465,467,499,531,563,564,596,628,660,692,724,756,757,758,790,822,854,886,895,918,919,920,921,922,923,924,927,951,952,956,957,958,959}
Current function value: 2292031.007060485
s**********************************************: 11
Current result: {432,433,434,435,460,461,462,463,464,466,467,499,531,563,564,596,597,598,630,662,694,726,727,728,729}
Current function value: 1880431.2091652625
s**********************************************: 12
Current result: {203,204,205,206,235,238,239,271,272,304,336,368,398,399,400,401,427,428,429,430,433,458,459,465,466}
Current function value: 3379274.6134058638
s**********************************************: 13
Current result: {428,429,430,431,432,433,453,454,455,456,457,458,459,460,482,483,484,485,486,492,514,518,550,582,614,646,678,710,742}
Current function value: 1853319.658175355
s**********************************************: 14
Current result: {13,14,15,44,45,76,108,140,172,204,236,268,300,332,364,396,427,428,429,430,431,432,433,434,460,461,466,467,499,531,532,533,565,597,598,599,631,632,664,696,728,760,761,793,825,826,827,859,860,861,862,863,894}
Current function value: 1777517.6258139848
s**********************************************: 15
Current result: {205,235,236,237,238,239,271,303,326,327,328,329,330,331,332,333,334,335,356,357,358,365,367,368,388,389,397,400,421,432,433,434,453,466}
Current function value: 3986483.8613274703
sRESULT**********************************************: 
result subgraph is: [13, 14, 15, 44, 45, 76, 108, 140, 172, 204, 236, 268, 300, 332, 364, 396, 427, 428, 429, 430, 431, 432, 433, 434, 460, 461, 466, 467, 499, 531, 532, 533, 565, 597, 598, 599, 631, 632, 664, 696, 728, 760, 761, 793, 825, 826, 827, 859, 860, 861, 862, 863, 894]
------------------------------ test ends --------------------------------
