
------------------------------ test starts ------------------------------ 
s**********************************************: 2
Current result: {610,641,642,673}
Current function value: 1.10592E7
s**********************************************: 3
Current result: {646,677,678,704,705,706,707,708,709,736,740,741}
Current function value: 1.0521437553214844E7
s**********************************************: 4
Current result: {368,400,401,403,432,433,434,435}
Current function value: 1897535.1269995538
s**********************************************: 5
Current result: {398,400,429,430,431,432,433,434,461,493,525,557,589,621,653,685,717,749,781,813,845,877,909,940,941}
Current function value: 1441506.3480831145
s**********************************************: 6
Current result: {398,399,400,425,426,427,428,429,430,457,488,489,520,551,552,582,583,609,614,641,646,673,674,675,676,677,678,706,738}
Current function value: 1913169.3241479208
s**********************************************: 7
Current result: {398,429,430,460,461,491,492,522,523,550,551,552,553,554,582,614,643,644,645,646,675,704,705,706,707,736}
Current function value: 2521676.244096871
s**********************************************: 8
Current result: {397,398,399,400,422,423,424,425,426,427,428,429,430,432,433,452,453,454,484,514,515,516,546,577,578,609,641,642,674}
Current function value: 1895823.3490383176
s**********************************************: 9
Current result: {398,399,400,402,403,404,429,430,432,433,434,456,457,458,459,460,461,488,518,519,520,550,582,614,646,676,677,678,705,706,707,708}
Current function value: 1969382.6737348733
s**********************************************: 10
Current result: {259,290,291,292,293,294,295,296,297,298,299,300,301,302,303,304,305,322,337,353,354,369,370,371,385,402,417,434,449,481,513,545,577,609,641,642,674,706,707}
Current function value: 4509650.764911346
s**********************************************: 11
Current result: {397,400,401,420,421,422,423,424,425,426,427,428,429,430,431,432,451,452,483,515,547,579,611,643,674,675,706}
Current function value: 1643846.2777124823
s**********************************************: 12
Current result: {397,398,399,400,401,402,423,424,425,426,427,428,429,430,432,434,455,486,487,518,550,582,611,614,641,642,643,646,673,675,676,677,678}
Current function value: 2053372.5902246828
s**********************************************: 13
Current result: {268,300,301,302,334,366,396,398,399,400,424,425,426,427,428,429,430,456,488,520,552,584,616,648,678,679,680,706,707,708,709,710}
Current function value: 1745324.450926129
s**********************************************: 14
Current result: {370,398,402,428,429,430,431,432,433,434,460,492,522,523,524,553,554,585,617,644,645,646,647,648,649,674,675,676,706}
Current function value: 1596011.7626025588
s**********************************************: 15
Current result: {353,385,386,387,388,389,398,399,400,401,402,417,421,422,423,424,425,426,427,428,429,430,432,449,481,513,545,577,609,641,673,704,705,706}
Current function value: 3077169.2840360636
sRESULT**********************************************: 
result subgraph is: [398, 400, 429, 430, 431, 432, 433, 434, 461, 493, 525, 557, 589, 621, 653, 685, 717, 749, 781, 813, 845, 877, 909, 940, 941]
------------------------------ test ends --------------------------------
