
------------------------------ test starts ------------------------------ 
s**********************************************: 2
Current result: {429,430,431,432,433,434,435}
Current function value: 4037534.332448527
s**********************************************: 3
Current result: {397,398,399,400,401,430}
Current function value: 3334074.464014911
s**********************************************: 4
Current result: {398,399,400,401,402,429,430,461}
Current function value: 2265099.764035051
s**********************************************: 5
Current result: {397,398,399,400,401,402,403,406,430,435,436,437,438}
Current function value: 1820856.514607843
s**********************************************: 6
Current result: {398,399,400,401,430,433,434,435,462,466,467}
Current function value: 1503128.50786099
s**********************************************: 7
Current result: {370,371,402,434,435,448,449,450,451,452,453,454,455,456,457,458,459,460,461,462,463,464,465,466,467,481,513,545}
Current function value: 1962528.9788360852
s**********************************************: 8
Current result: {74,75,106,138,170,202,234,266,298,330,362,365,394,397,426,427,428,429,430,458,490,522,554,586,618,650,682,714,746,778,810,833,834,835,836,842,844,845,868,869,870,871,872,873,874,875,876}
Current function value: 2548214.5980424536
s**********************************************: 9
Current result: {276,308,309,310,311,340,343,344,345,371,372,402,403,429,430,434,462,463,464,465,466,498,529,530,560,561,592,624,656,688}
Current function value: 2231749.248185202
s**********************************************: 10
Current result: {398,399,400,401,402,430,434,459,460,461,462,491,518,519,520,521,522,523,547,548,549,550,579,611,643,674,675,706,738,769,770,801,832,833,865,897}
Current function value: 2093414.5517729633
s**********************************************: 11
Current result: {185,217,249,281,313,343,344,345,365,375,397,398,399,400,401,402,407,430,434,435,436,437,438,439,461,462,466,467}
Current function value: 2135139.0333018196
s**********************************************: 12
Current result: {186,218,249,250,281,313,343,344,345,375,402,407,429,430,431,432,433,434,439,461,466,469,470,471,498,499,500,501}
Current function value: 1431702.801131294
s**********************************************: 13
Current result: {186,218,250,282,313,314,343,344,345,371,372,373,374,375,397,398,399,400,401,403,429,433,434,435,461,462}
Current function value: 1544368.8740421103
s**********************************************: 14
Current result: {88,89,90,91,123,155,187,219,251,283,315,347,379,397,398,399,400,401,402,411,429,434,443,461,466,467,468,469,470,471,472,473,474,475}
Current function value: 1988533.119872974
s**********************************************: 15
Current result: {56,57,89,121,153,185,217,249,279,280,281,310,311,342,371,372,373,374,403,426,427,428,429,430,431,432,433,434,435,461}
Current function value: 1728096.1441057501
sRESULT**********************************************: 
result subgraph is: [186, 218, 249, 250, 281, 313, 343, 344, 345, 375, 402, 407, 429, 430, 431, 432, 433, 434, 439, 461, 466, 469, 470, 471, 498, 499, 500, 501]
------------------------------ test ends --------------------------------
