
------------------------------ test starts ------------------------------ 
s**********************************************: 2
Current result: {822,854,855}
Current function value: 9543408.948137006
s**********************************************: 3
Current result: {499,531,532,533}
Current function value: 9829435.640873315
s**********************************************: 4
Current result: {818,850,882,914,915,916,917}
Current function value: 9228328.17806969
s**********************************************: 5
Current result: {430,431,432,433,465,466,467,499,531,532,533,565,597,629}
Current function value: 2659602.6036466034
s**********************************************: 6
Current result: {694,726,758,789,790,819,820,821,847,848,849,850,851,876,877,878,879}
Current function value: 5939202.653303441
s**********************************************: 7
Current result: {750,751,783,815,847,879,908,909,910,911,912,913,914}
Current function value: 7695480.239787168
s**********************************************: 8
Current result: {848,849,850,851,852,853,885,886,887,888,889,890,891,892,893,925,957}
Current function value: 7137047.510223438
s**********************************************: 9
Current result: {784,816,848,860,880,892,912,913,914,915,916,924,948,949,950,951,952,953,954,955,956,957}
Current function value: 5448540.526225406
s**********************************************: 10
Current result: {352,353,354,355,356,357,358,384,416,417,449,450,482,514,546,578,610,611,612,613,614,646}
Current function value: 6968504.789183978
s**********************************************: 11
Current result: {461,462,493,525,557,589,621,653,685,686,718,719,720,721,753,785,817,849,850,851,852,853,854,855,856,857,858,859,860,881,892,924}
Current function value: 5615434.0956346225
s**********************************************: 12
Current result: {430,431,432,433,434,462,466,467,499,531,563,595,596,626,627,628,629,658,690,721,722,753,785,816,817,846,847,848}
Current function value: 2337685.478317835
s**********************************************: 13
Current result: {717,718,719,749,751,752,753,781,785,786,812,813,818,819,820,843,844,852,853,854,874,875,886,887,888,919,951}
Current function value: 4297927.763763798
s**********************************************: 14
Current result: {793,825,846,847,848,849,850,851,852,855,856,857,858,859,860,876,877,878,884,885,886,887,889,892,923,924,955}
Current function value: 5984673.162641656
s**********************************************: 15
Current result: {402,430,431,432,433,434,461,462,466,493,497,498,529,561,593,625,657,688,689,720,721,722,750,751,752,754,782,814,841,842,843,844,845,846,876,908,909}
Current function value: 2396452.7784752804
sRESULT**********************************************: 
result subgraph is: [430, 431, 432, 433, 434, 462, 466, 467, 499, 531, 563, 595, 596, 626, 627, 628, 629, 658, 690, 721, 722, 753, 785, 816, 817, 846, 847, 848]
------------------------------ test ends --------------------------------
