
------------------------------ test starts ------------------------------ 
s**********************************************: 2
Current result: {767,799,831,863}
Current function value: 1.10592E7
s**********************************************: 3
Current result: {396,397,398,399,400,428,432,460,492}
Current function value: 2541693.8691784088
s**********************************************: 4
Current result: {829,830,831,861,863,893,894,926}
Current function value: 1.0980758271729995E7
s**********************************************: 5
Current result: {671,702,703,734,766,797,798,830,861,862}
Current function value: 1.0960641172922157E7
s**********************************************: 6
Current result: {396,400,426,427,428,429,430,431,432,433,434,466}
Current function value: 2038896.854451493
s**********************************************: 7
Current result: {334,365,366,396,397,428,429,430,431,432,461,491,492,493}
Current function value: 2468376.811299053
s**********************************************: 8
Current result: {427,428,453,454,455,456,457,458,459,460,485,517,549,581,613,645,674,675,676,677,705,706,737,769,801,832,833,864,865,897}
Current function value: 3374743.8723856094
s**********************************************: 9
Current result: {397,398,399,400,428,429,432,459,460,464,465,466,467,491,492,499,531,563,564,565,566,567,568,569,570,571,603,604,605,606,638,639,671,703,734,735,765,766,797,829,830,862}
Current function value: 2592009.6696001515
s**********************************************: 10
Current result: {300,301,332,364,365,397,427,429,432,433,434,459,460,461,462,463,464,466,467,491,492,499,531,532,533,565,566,567,599,600,632,664,696}
Current function value: 2565331.1657343353
s**********************************************: 11
Current result: {388,418,419,420,450,482,514,546,578,610,642,674,706,738,770,802,833,834,835,836,864,865,896}
Current function value: 8279401.839368511
s**********************************************: 12
Current result: {300,332,364,396,397,398,399,400,428,432,433,460,465,466,492,498,499,531,563,564,596,597,598,599,631,632,633,634,635,636,637,638,639,671,703,735,765,766,767,797}
Current function value: 2434534.1599504277
s**********************************************: 13
Current result: {111,112,113,114,146,178,210,242,274,275,307,308,340,372,373,374,375,407,408,409,410,411,443,475,507,539,571,603,635,667,699,731,763,765,795,796,797}
Current function value: 6391708.873654427
s**********************************************: 14
Current result: {238,270,302,332,334,364,366,396,397,398,427,428,430,431,432,433,434,435,436,437,438,439,440,441,442,443,458,459,475,491,492,507,539,571,603,604,636,668,700,732,764,765,797,798}
Current function value: 3047869.7623430286
s**********************************************: 15
Current result: {324,325,326,327,334,356,359,360,361,366,388,393,394,398,420,426,427,430,431,432,452,459,460,461,462,464,465,466,467,468,469,470,471,472,473,474,475,484,492,497,507,508,514,515,516,540,541,546,573,578,605,610,637,638,639,642,671,674,703,706,735,738,767,770,799,802,831,834,835,861,862,863,866}
Current function value: 2954951.2371563474
sRESULT**********************************************: 
result subgraph is: [396, 400, 426, 427, 428, 429, 430, 431, 432, 433, 434, 466]
------------------------------ test ends --------------------------------
