
------------------------------ test starts ------------------------------ 
s**********************************************: 13
Current result: {1189,1190,1191,1192,1193,1194,1253,1258,1317,1322,1386,1450,1514,1578,1642,1706,1770,1834,1898,1899,1963,2027,2091,2155,2161,2162,2218,2219,2220,2221,2222,2223,2224,2225,2281,2282,2345,2409}
Current function value: 1.1336901872684515E9
s**********************************************: 3
Current result: {3454,3455,3519,3583,3647,3711}
Current function value: 1.1794606695751631E9
s**********************************************: 14
Current result: {2499,2500,2501,2563,2565,2629,2632,2633,2634,2635,2693,2695,2696,2698,2757,2759,2762,2821,2826,2885,2890,2949,2950,2951,2952,2953,2954,3015}
Current function value: 1.1646194015427248E9
s**********************************************: 15
Current result: {803,804,805,806,807,867,870,934,998,999,1063,1127,1190,1191,1254,1255,1256,1257,1318,1321,1322,1382,1383,1386,1450,1451,1514,1515}
Current function value: 1.145378860462381E9
s**********************************************: 10
Current result: {1127,1128,1183,1184,1185,1186,1187,1188,1189,1190,1191,1245,1246,1247,1255,1308,1309,1319,1371,1372,1383,1429,1430,1431,1432,1433,1434,1435,1493,1557,1621,1685,1749,1812,1813,1876,1940,2004,2068,2132,2196,2258,2259,2260,2308,2309,2310,2321,2322,2374,2375,2385,2439,2449,2503,2512,2513,2567,2568,2569,2574,2575,2576,2627,2628,2629,2630,2631,2633,2634,2635,2636,2637,2638}
Current function value: 1.1185516688918774E9
s**********************************************: 5
Current result: {1190,1254,1318,1319,1383,1447,1448,1449,1450,1514,1578,1642,1706,1770}
Current function value: 1.1564357948998826E9
s**********************************************: 4
Current result: {3326,3390,3391,3455,3519,3583,3646,3647}
Current function value: 1.1783508880750482E9
s**********************************************: 2
Current result: {2878,2942,3006,3070}
Current function value: 1.1786172753873656E9
s**********************************************: 11
Current result: {1321,1383,1384,1385,1449,1450,1514,1578,1642,1706,1770,1834,1898,1962,1963,2027,2028,2092,2093,2094,2095,2096,2097,2098,2162,2163,2227,2291,2292}
Current function value: 1.1465943124052172E9
s**********************************************: 6
Current result: {1183,1184,1185,1186,1187,1188,1189,1190,1191,1192,1243,1244,1245,1246,1247,1256,1320,1384,1385,1386,1450,1514,1578,1642,1706,1769,1770,1833,1897,1898,1962,2026,2089,2090,2153,2217,2281}
Current function value: 1.1276343485388026E9
s**********************************************: 12
Current result: {1578,1642,1706,1707,1771,1835,1836,1837,1838,1839,1840,1841,1842,1906,1907,1971,2035,2099,2163,2227,2291,2354,2355,2409,2418,2473,2482,2537,2538,2539,2540,2541,2542,2543,2544,2545,2546}
Current function value: 1.1599411275430799E9
s**********************************************: 8
Current result: {2098,2162,2226,2290,2291,2355,2419,2420,2421,2422,2486,2550,2614,2615,2616,2617,2618}
Current function value: 1.1688197131152937E9
s**********************************************: 7
Current result: {1255,1256,1319,1383,1447,1448,1449,1450,1514,1578,1642,1706,1707,1770,1771,1834,1898,1899,1963}
Current function value: 1.1458485479237833E9
s**********************************************: 9
Current result: {1642,1643,1706,1707,1771,1835,1899,1963,1964,1965,1966,1967,1968,2032,2033,2034,2098,2161,2162,2225,2289,2353,2417,2418}
Current function value: 1.1626568053539734E9
