
------------------------------ test starts ------------------------------ 
s**********************************************: 3
Current result: {674,737,738,802,803,804}
Current function value: 1.1793270448339849E9
s**********************************************: 15
Current result: {983,1045,1046,1047,1048,1049,1050,1051,1052,1053,1054,1055,1056,1109,1113,1173,1177,1237,1301,1365,1366,1430,1494,1558,1559,1621,1622,1623,1684,1685}
Current function value: 1.162631357384561E9
s**********************************************: 2
Current result: {2189,2253,2317,2318}
Current function value: 1.1770490640918899E9
s**********************************************: 11
Current result: {3009,3010,3011,3012,3073,3076,3077,3137,3140,3201,3204,3266,3267,3268,3331,3395,3459,3523,3524,3586,3587,3588}
Current function value: 1.1719319688372567E9
s**********************************************: 14
Current result: {730,731,732,733,734,735,736,737,738,739,794,803,858,867,868,869,870,922,986,1050,1114,1178,1241,1242,1302,1303,1304,1305,1365,1366}
Current function value: 1.1759348930456722E9
s**********************************************: 13
Current result: {2255,2256,2257,2258,2259,2260,2261,2262,2319,2326,2379,2380,2381,2382,2383,2390,2439,2440,2441,2442,2443,2503,2567,2631,2695,2759,2823,2887,2951,3015,3016,3080,3143,3144,3203,3204,3205,3207,3269,3270,3271}
Current function value: 1.16723412770272E9
s**********************************************: 7
Current result: {804,805,806,807,866,867,868,871,935,936,1000,1001,1002,1003}
Current function value: 1.1768951023900285E9
s**********************************************: 8
Current result: {861,862,863,864,865,866,867,868,869,870,871,934,935,936,1000,1001}
Current function value: 1.1771597398211086E9
s**********************************************: 4
Current result: {3137,3201,3202,3203,3204,3265,3329,3393,3456,3457,3521,3585,3649}
Current function value: 1.1762737860867498E9
s**********************************************: 10
Current result: {3016,3079,3080,3143,3144,3145,3207,3270,3271,3334,3397,3398,3461,3523,3524,3525,3587,3588,3651,3714,3715,3777,3778}
Current function value: 1.1740776491129477E9
s**********************************************: 12
Current result: {732,733,734,735,796,799,800,801,804,856,857,858,859,860,865,866,867,868,920,923,924,982,983,984,1046,1110,1174,1238,1302,1366,1430,1431,1495,1496,1560,1624,1688,1749,1750,1751,1752,1812,1813,1876,1940,2004,2068,2132,2196,2260,2261,2320,2325,2384,2389,2448,2452,2453,2512,2515,2516,2574,2575,2576,2577,2578,2579,2638}
Current function value: 1.1562493550614946E9
s**********************************************: 5
Current result: {808,871,872,936,1000,1064,1065,1129,1193,1257}
Current function value: 1.1787335365608685E9
s**********************************************: 6
Current result: {740,741,742,803,804,805,869,871,933,934,935,997,999,1000}
Current function value: 1.1780873718404262E9
s**********************************************: 9
Current result: {922,923,987,1045,1046,1051,1110,1115,1174,1179,1238,1239,1240,1241,1242,1243,1303,1367,1431,1495,1559,1560}
Current function value: 1.1695172524325752E9
