
------------------------------ test starts ------------------------------ 
s**********************************************: 10
Current result: {2562,2563,2564,2628,2629,2630,2694,2695,2759,2823,2887,2950,2951,3014,3078,3141,3142,3143,3207}
Current function value: 1.1675067379680545E9
s**********************************************: 13
Current result: {2630,2631,2689,2690,2691,2692,2693,2694,2755,2819,2823,2882,2883,2884,2885,2886,2887,2946,2950,3014,3015,3078,3079,3080}
Current function value: 1.168110272831619E9
s**********************************************: 14
Current result: {739,740,796,803,860,867,868,869,870,922,923,924,931,934,986,994,995,1050,1054,1055,1056,1057,1058,1114,1115,1116,1117,1118}
Current function value: 1.1727365532499425E9
s**********************************************: 4
Current result: {672,673,736,737,738,739,799,800}
Current function value: 1.178694486320671E9
s**********************************************: 7
Current result: {2819,2822,2883,2884,2885,2886,2950,3014,3078,3079,3080,3144,3204,3205,3206,3207,3208}
Current function value: 1.1752888249821534E9
s**********************************************: 15
Current result: {3067,3068,3132,3133,3197,3198,3262,3326,3390,3391,3452,3453,3454,3455,3516,3519,3577,3578,3579,3580,3640,3641,3643,3644,3708,3709,3710,3774,3838}
Current function value: 1.1523181112215548E9
s**********************************************: 11
Current result: {2253,2254,2318,2382,2446,2510,2511,2512,2513,2574,2577,2638,2640,2641,2642,2643,2696,2697,2698,2699,2700,2701,2702,2707,2708,2709,2759,2760,2773,2823,2887,2950,2951,3014,3076,3077,3078}
Current function value: 1.1657949849360662E9
s**********************************************: 2
Current result: {2886,2949,2950,3013,3076,3077}
Current function value: 1.1782763797073987E9
s**********************************************: 6
Current result: {2757,2821,2885,2949,3010,3011,3012,3013,3074,3138,3202,3266}
Current function value: 1.1754503300924923E9
s**********************************************: 12
Current result: {2383,2447,2511,2565,2575,2629,2639,2693,2702,2703,2757,2759,2760,2761,2762,2763,2764,2765,2766,2818,2819,2820,2821,2822,2823,2881,2882,2887,2951,3015,3079,3142,3143,3205,3206,3269,3333,3397,3461,3523,3524,3525}
Current function value: 1.1535129682068777E9
s**********************************************: 3
Current result: {2383,2384}
Current function value: 1.178885350822989E9
s**********************************************: 9
Current result: {2822,2884,2885,2886,2945,2946,2947,2948,3012,3076,3137,3140,3201,3202,3203,3204,3268,3269}
Current function value: 1.171021266613427E9
s**********************************************: 5
Current result: {1676,1677,1740,1741,1742,1743,1744,1804,1808,1872,1873,1874,1875,1876,1877}
Current function value: 1.174157913478735E9
s**********************************************: 8
Current result: {732,796,797,798,862,926,927,928,989,990,1050,1051,1052,1053,1114}
Current function value: 1.1753532303051925E9
