
------------------------------ test starts ------------------------------ 
s**********************************************: 13
Current result: {1705,1769,1770,1833,1897,1961,1962,1963,2027,2091,2092,2093,2094,2095,2096,2097,2098,2156,2162,2163,2226,2227,2290,2354,2417,2418}
Current function value: 1.1551005531705425E9
s**********************************************: 3
Current result: {3195,3259,3260,3261,3262,3326,3390}
Current function value: 1.1786745690712788E9
s**********************************************: 11
Current result: {2099,2163,2227,2290,2291,2354,2418,2482,2483,2484,2485,2549,2550,2614,2615,2616,2617,2681,2682,2746,2810,2874,2938,2939,3003,3067,3131,3132,3196,3197,3198,3262,3326,3327,3391,3452,3453,3454,3455}
Current function value: 1.163130496518518E9
s**********************************************: 2
Current result: {1642,1706,1769,1770}
Current function value: 1.166977641730344E9
s**********************************************: 14
Current result: {1173,1237,1301,1365,1366,1430,1494,1558,1622,1623,1686,1748,1749,1750,1812,1875,1876,1939,2003,2067,2131,2195,2256,2257,2258,2259,2260,2261,2262,2320,2326,2327,2391,2455}
Current function value: 1.1558239253145814E9
s**********************************************: 10
Current result: {1387,1388,1450,1451,1515,1579,1643,1707,1768,1769,1770,1771,1830,1831,1832,1834,1835,1896,1898,1960}
Current function value: 1.148382368168145E9
s**********************************************: 9
Current result: {1766,1767,1768,1769,1770,1833,1834,1835,1897,1899,1961,1963,2027,2091,2155,2156,2157,2158,2159,2160,2161,2162}
Current function value: 1.144705873591835E9
s**********************************************: 7
Current result: {1641,1705,1706,1770,1834,1835,1836,1896,1897,1898,1900,1962,1964,2028}
Current function value: 1.1514544311017962E9
s**********************************************: 8
Current result: {1354,1355,1356,1357,1358,1359,1360,1361,1362,1363,1364,1365,1366,1418,1430,1482,1494,1495,1496,1497,1498,1499,1500,1501,1542,1543,1544,1545,1546,1564,1605,1606,1628,1669,1692,1733,1797,1861,1925,1989,2053,2117,2181,2245,2309,2373,2436,2437,2500,2563,2564,2627,2691,2755,2819}
Current function value: 1.1492452473178816E9
s**********************************************: 5
Current result: {2326,2383,2384,2385,2386,2387,2388,2389,2390,2391,2447}
Current function value: 1.1723308631758535E9
s**********************************************: 6
Current result: {2940,3004,3068,3069,3132,3196,3260,3261,3262,3263,3325,3326}
Current function value: 1.174071488073863E9
s**********************************************: 4
Current result: {1770,1771,1834,1835,1836,1900,1964,2028,2092,2156,2157,2158,2159,2160,2161,2162,2226,2290}
Current function value: 1.169440980918965E9
s**********************************************: 12
Current result: {1940,2004,2067,2068,2069,2129,2130,2131,2133,2193,2197,2257,2261,2262,2263,2317,2318,2319,2320,2321,2382,2383,2384,2447}
Current function value: 1.1594665789904616E9
s**********************************************: 15
Current result: {2196,2197,2198,2262,2326,2327,2376,2377,2378,2379,2380,2381,2382,2383,2384,2385,2386,2387,2388,2389,2390,2391,2392,2438,2439,2440,2502,2566,2629,2630,2631,2695,2696,2697,2698,2761,2762}
Current function value: 1.1509206517394717E9
