
------------------------------ test starts ------------------------------ 
s**********************************************: 6
Current result: {2383,2384,2446,2447,2448,2449,2510,2511,2513,2514,2578,2579}
Current function value: 1.1793785108680935E9
s**********************************************: 14
Current result: {2061,2062,2126,2190,2254,2318,2319,2320,2382,2446,2510,2574,2577,2638,2639,2640,2641,2696,2697,2698,2699,2700,2701,2702,2761,2825,2889,2952,2953,3014,3015,3016,3076,3078,3140,3141,3142,3206,3270,3334,3393,3394,3398,3458,3459,3460,3461,3462,3523}
Current function value: 1.1690346412517304E9
s**********************************************: 8
Current result: {673,674,675,676,677,738,739,741,742,743,744,805,808,870,871,872}
Current function value: 1.1768504445366402E9
s**********************************************: 7
Current result: {986,987,1049,1050,1113,1175,1176,1177,1238,1239,1301,1302,1365,1428,1429,1492,1555,1556,1619,1683,1747,1748,1812,1813,1814,1815}
Current function value: 1.1638781732381256E9
s**********************************************: 4
Current result: {2384,2448,2449,2450,2451,2452,2453,2517,2581}
Current function value: 1.1780571319978304E9
s**********************************************: 12
Current result: {1428,1429,1493,1494,1558,1622,1623,1687,1751,1815,1879,1943,2006,2007,2070,2134,2196,2197,2198,2260,2323,2324,2388,2389,2390,2454,2518}
Current function value: 1.160579573224377E9
s**********************************************: 2
Current result: {898,899,963,1027}
Current function value: 1.1779961006980171E9
s**********************************************: 10
Current result: {854,855,856,920,984,1048,1112,1175,1176,1239,1303,1367,1431,1495,1558,1559,1622,1684,1685,1686,1748,1812,1876,1940,2004}
Current function value: 1.1638475671726937E9
s**********************************************: 9
Current result: {738,739,803,804,805,806,807,871,935,999,1000,1001,1002,1066,1130,1194,1196,1258,1259,1260,1322,1386,1450,1451,1515,1579,1643}
Current function value: 1.1669474704922395E9
s**********************************************: 13
Current result: {675,737,738,739,740,741,742,743,796,797,798,799,800,801,807,808,859,860,871,872,922,923,935,986,999,1000,1050,1064,1114,1178,1242,1306,1369,1370,1431,1432,1433,1494,1495,1558,1622,1685,1686,1749,1813,1877,1941}
Current function value: 1.1637718152652583E9
s**********************************************: 5
Current result: {673,736,737,738,739,740,741,801,805,865,869}
Current function value: 1.1778516268300834E9
s**********************************************: 3
Current result: {860,923,924,985,986,987}
Current function value: 1.1793542046801555E9
s**********************************************: 11
Current result: {1748,1749,1813,1877,1941,2005,2069,2129,2133,2134,2179,2180,2181,2182,2183,2184,2185,2186,2187,2188,2193,2198,2243,2252,2253,2254,2255,2256,2257,2258,2259,2260,2261,2262,2307,2326,2371,2435,2499,2563,2627,2691,2692,2756,2820,2884,2948,3012,3076,3139,3140,3203,3267,3331,3395,3458,3459,3522,3586,3648,3649,3650,3651,3713,3777}
Current function value: 1.1572223828480473E9
s**********************************************: 15
Current result: {737,738,739,801,803,864,865,867,928,931,992,995,1050,1051,1052,1053,1054,1055,1056,1059,1113,1114,1123,1124,1125,1126,1127,1128,1129,1130,1131,1177,1195,1196,1241,1260,1304,1305,1324,1368,1432,1494,1495,1496,1558,1622,1686,1750,1814,1877,1878,1941,2003,2004,2005,2067,2131,2191,2192,2193,2194,2195,2252,2253,2254,2255,2314,2315,2316,2378,2441,2442,2503,2504,2505,2567,2631,2632,2696,2697,2761,2825,2888,2889,2952,3016,3076,3080,3140,3141,3142,3143,3144,3202,3203,3204,3205,3269,3333,3397,3460,3461,3524,3587,3588,3651,3712,3713,3714,3715}
Current function value: 1.1646264680840845E9
