
------------------------------ test starts ------------------------------ 
s**********************************************: 2
Current result: {2160,2224,2288,2289}
Current function value: 1.1782460490662322E9
s**********************************************: 8
Current result: {2115,2179,2243,2306,2307,2308,2370,2433,2434,2497,2561,2625,2626,2627,2628,2690,2691,2754}
Current function value: 1.173109040987928E9
s**********************************************: 11
Current result: {2941,3005,3006,3070,3133,3134,3135,3194,3195,3196,3197,3261,3262,3326,3390,3391,3455,3519,3583,3647,3711,3775}
Current function value: 1.1713831957802932E9
s**********************************************: 3
Current result: {3645,3709,3710,3711,3775,3839}
Current function value: 1.174636463470708E9
s**********************************************: 9
Current result: {727,791,792,793,794,852,853,854,855,915,916,979,1043,1107,1171,1233,1234,1235,1297,1361}
Current function value: 1.1711830562390983E9
s**********************************************: 4
Current result: {3068,3131,3132,3194,3195,3196,3197,3261,3262}
Current function value: 1.1772538892280607E9
s**********************************************: 14
Current result: {2375,2439,2503,2567,2631,2695,2756,2757,2758,2759,2820,2884,2948,3012,3076,3140,3204,3205,3268,3269,3332,3396,3460,3524,3587,3588,3652,3716}
Current function value: 1.164548379749947E9
s**********************************************: 13
Current result: {804,868,932,996,997,998,999,1063,1064,1128,1192,1193,1257,1258,1259,1323,1387,1451,1515,1579,1642,1643,1704,1705,1706,1768,1832,1895,1896,1959}
Current function value: 1.1482777347500293E9
s**********************************************: 12
Current result: {981,1045,1046,1110,1174,1238,1302,1366,1430,1431,1495,1496,1497,1561,1625,1626,1690,1754,1755,1756,1757,1758,1759,1760,1761,1762,1763,1764,1765,1766,1767,1768,1769,1770,1819,1834,1898,1899,1960,1961,1962,1963}
Current function value: 1.1386182015870216E9
s**********************************************: 10
Current result: {743,806,807,853,854,855,863,864,865,866,867,868,869,870,871,917,919,922,923,924,925,926,927,935,983,984,985,986,999,1000,1047,1064,1111,1128,1175,1192,1193,1238,1239,1257,1302,1321,1366,1385,1449,1513,1577,1641,1705,1768,1769,1770,1831,1832,1834,1895,1898,1962,2026,2090,2154,2218,2282,2283,2284,2285,2286,2287,2288,2289,2290,2291,2292,2293,2294,2358,2359,2423,2487,2551,2615,2616,2617,2618,2682,2746,2810,2874,2875,2876,2877,2878,2942,3006,3070,3134,3198,3262,3326,3390,3391,3455,3519,3583,3647,3711}
Current function value: 1.129027957065223E9
s**********************************************: 7
Current result: {2054,2055,2056,2115,2116,2117,2118,2120,2179,2243,2307,2371,2435,2436,2500,2564}
Current function value: 1.1655050587984974E9
s**********************************************: 15
Current result: {725,726,727,728,789,853,917,981,1045,1109,1171,1172,1173,1228,1229,1230,1231,1232,1233,1234,1235,1236,1237,1292,1356,1420,1484,1547,1548,1611,1675,1739,1800,1801,1802,1803,1864,1928,1992,2056,2120,2184,2247,2248,2311,2375,2439,2499,2500,2501,2502,2503,2563,2627}
Current function value: 1.1543420129375567E9
s**********************************************: 5
Current result: {2179,2180,2181,2182,2183,2247,2311,2375,2439,2503,2567,2631,2695,2759}
Current function value: 1.174272075502549E9
s**********************************************: 6
Current result: {855,919,980,981,982,983,1044,1108,1172,1173,1237,1301,1302,1303,1365,1429}
Current function value: 1.1728237860201716E9
