
------------------------------ test starts ------------------------------ 
s**********************************************: 10
Current result: {924,925,926,987,988,1049,1050,1051,1114,1178,1242,1306,1370,1434,1495,1496,1497,1498,1559,1623}
Current function value: 1.1732380155523484E9
s**********************************************: 12
Current result: {677,741,800,801,802,803,804,805,860,861,862,863,864,923,924,925,989,1050,1051,1052,1053,1113,1114,1178}
Current function value: 1.1744782752694755E9
s**********************************************: 7
Current result: {800,801,859,860,861,862,863,864,923,985,987,1049,1050,1051,1113}
Current function value: 1.1775092392560077E9
s**********************************************: 2
Current result: {3262,3326,3327}
Current function value: 1.1794131625913084E9
s**********************************************: 8
Current result: {2130,2131,2132,2133,2134,2135,2136,2137,2193,2194,2257,2258,2322,2386,2449,2450,2513}
Current function value: 1.172599068672227E9
s**********************************************: 3
Current result: {1369,1432,1433,1496,1559,1560,1623}
Current function value: 1.1769865288802905E9
s**********************************************: 13
Current result: {2891,2892,2954,2955,3018,3080,3081,3082,3141,3143,3144,3205,3206,3207,3269,3331,3332,3333,3393,3394,3395,3457,3521,3585,3648,3649,3712}
Current function value: 1.175938386212352E9
s**********************************************: 9
Current result: {2888,2949,2950,2951,2952,3013,3077,3141,3205,3269,3333,3397,3461,3523,3524,3525,3584,3585,3586,3587,3648,3649,3651,3713}
Current function value: 1.1748760279469142E9
s**********************************************: 5
Current result: {796,797,798,860,862,924,984,985,986,987,988,1049,1051,1113,1177,1241,1303,1304,1305,1368,1432,1496,1557,1558,1559,1560,1621}
Current function value: 1.176769824326761E9
s**********************************************: 4
Current result: {2509,2510,2511,2512,2513,2514,2575,2576}
Current function value: 1.1784996058448923E9
s**********************************************: 15
Current result: {856,857,858,859,860,861,920,925,984,989,1048,1049,1112,1176,1240,1304,1367,1368,1431,1495,1559,1623,1687,1751,1815,1878,1879,1880,1942,1944,1945,2006,2068,2069,2070,2132,2196,2260,2261,2320,2321,2322,2323,2324,2325,2381,2382,2383,2384,2445,2448,2509,2512,2513,2573,2577,2636,2637,2700,2764,2828,2885,2886,2887,2888,2889,2890,2891,2892,2949,3013,3077,3141,3142,3205,3269,3333,3396,3397,3458,3459,3460,3522}
Current function value: 1.1583079358316758E9
s**********************************************: 14
Current result: {737,794,795,796,797,798,799,800,801,802,859,862,923,987,1050,1051,1113,1114,1177,1241,1304,1305,1368,1369,1432,1433,1497,1561,1625,1689,1753,1754,1818,1882,1946,2009,2010,2072,2073,2136,2200,2263,2264,2265}
Current function value: 1.1601099912670312E9
s**********************************************: 6
Current result: {2264,2265,2328,2386,2387,2388,2389,2390,2391,2392,2449,2450,2513}
Current function value: 1.1736605286572711E9
s**********************************************: 11
Current result: {2128,2129,2190,2191,2192,2254,2308,2309,2310,2311,2317,2318,2372,2375,2376,2377,2378,2379,2380,2381,2382,2436,2446,2500,2510,2564,2574,2628,2638,2692,2693,2694,2758,2759,2823,2887,2951,3013,3014,3015,3077,3140,3141,3202,3203,3204,3266,3330,3394,3458,3459,3523,3587,3651,3652}
Current function value: 1.1614637939890983E9
