
------------------------------ test starts ------------------------------ 
s**********************************************: 8
Current result: {2629,2693,2757,2821,2885,2948,2949,3012,3072,3073,3074,3075,3076,3137,3201}
Current function value: 1.1701573372649522E9
s**********************************************: 2
Current result: {3581,3644,3645,3708}
Current function value: 1.1689126739063656E9
s**********************************************: 3
Current result: {3708,3709,3773,3774,3775,3838}
Current function value: 1.1606408848195019E9
s**********************************************: 9
Current result: {1171,1172,1233,1234,1235,1299,1363,1427,1491,1555,1556,1620,1684,1744,1745,1746,1747,1748}
Current function value: 1.159453365414976E9
s**********************************************: 14
Current result: {790,791,792,793,797,856,857,858,859,860,861,862,920,924,988,1052,1053,1116,1117,1177,1178,1179,1180,1241,1305,1369,1370,1434}
Current function value: 1.171290683191437E9
s**********************************************: 4
Current result: {855,919,983,984,985,1047,1111,1175}
Current function value: 1.1787101931113505E9
s**********************************************: 15
Current result: {727,728,729,730,791,794,795,796,854,855,918,982,1046,1109,1110,1173,1237,1301,1365,1429,1493,1557,1621,1684,1685,1745,1746,1747,1748,1808,1809}
Current function value: 1.15032218023081E9
s**********************************************: 12
Current result: {734,735,797,798,861,925,926,990,1054,1118,1178,1182,1241,1242,1246,1305,1306,1310,1369,1370,1371,1372,1373,1374,1432,1433,1438,1496,1502,1560,1566,1621,1622,1623,1624,1629,1630,1685,1749,1808,1809,1810,1811,1812,1813,1872,1936,2000,2064,2128,2190,2191,2192,2253,2254,2317,2381,2445,2506,2507,2508,2509,2570,2633,2634,2695,2696,2697,2759,2823,2880,2881,2882,2887,2944,2946,2947,2948,2949,2950,2951,2952,3008,3072,3073}
Current function value: 1.136888826406949E9
s**********************************************: 6
Current result: {2888,2952,3015,3016,3075,3076,3078,3079,3140,3141,3142,3204,3205}
Current function value: 1.1737581421190398E9
s**********************************************: 11
Current result: {981,984,985,1045,1046,1047,1048,1104,1105,1106,1107,1108,1109,1110,1168,1232,1296,1360,1361,1425,1426,1490,1554,1555,1556,1618,1681,1682,1745}
Current function value: 1.1632205966004422E9
s**********************************************: 5
Current result: {731,795,859,860,924,984,985,986,987,988,1047,1048,1108,1109,1110,1111,1172,1233,1234,1235,1236,1294,1295,1296,1297,1356,1357,1358}
Current function value: 1.173018239996214E9
s**********************************************: 10
Current result: {667,668,669,727,728,729,730,731,791,855,919,980,981,982,983,1047,1111,1175,1237,1238,1239}
Current function value: 1.176977098681657E9
s**********************************************: 7
Current result: {793,794,795,796,797,798,799,859,923,987,1049,1050,1051,1108,1109,1110,1111,1112,1113,1172,1177,1178,1236,1300,1364,1428,1492,1493,1557,1621,1685,1749,1813,1874,1875,1876,1877,1941,1942}
Current function value: 1.1415842299061382E9
s**********************************************: 13
Current result: {852,853,916,980,1044,1108,1172,1236,1300,1364,1428,1492,1556,1620,1684,1685,1744,1745,1746,1747,1748,1749,1808,1813,1872,1877,1936,1999,2000}
Current function value: 1.135694004067773E9
