
------------------------------ test starts ------------------------------ 
s**********************************************: 8
Current result: {3065,3129,3193,3257,3321,3322,3323,3387,3451,3515,3516,3517,3581,3645,3709,3710,3711,3775}
Current function value: 1.1653903272059453E9
s**********************************************: 13
Current result: {1707,1770,1771,1834,1896,1897,1898,1958,1959,1960,2024,2088,2152,2153,2154,2218,2224,2225,2282,2283,2284,2285,2286,2287,2288,2352,2353,2354,2418,2419,2420}
Current function value: 1.1453495791118689E9
s**********************************************: 14
Current result: {2054,2055,2115,2116,2117,2118,2179,2180,2182,2243,2245,2246,2247,2248,2249,2250,2307,2371,2435,2499,2563,2627,2691,2692,2693,2694}
Current function value: 1.1630221793484888E9
s**********************************************: 5
Current result: {1172,1173,1174,1175,1236,1300,1364,1365,1366,1430}
Current function value: 1.1727543867926738E9
s**********************************************: 3
Current result: {1641,1705,1769,1833,1834,1835}
Current function value: 1.1686516948094552E9
s**********************************************: 2
Current result: {1987,2051,2052}
Current function value: 1.1775908687204428E9
s**********************************************: 12
Current result: {734,735,736,737,794,795,796,797,798,801,858,865,922,986,987,1049,1050,1051,1111,1112,1113,1175,1236,1237,1238,1239,1300,1302,1363,1364,1428}
Current function value: 1.17065226690803E9
s**********************************************: 15
Current result: {922,986,987,988,1050,1114,1178,1230,1231,1240,1241,1242,1295,1296,1297,1298,1299,1300,1301,1302,1303,1304,1360,1366,1429,1430,1492,1493}
Current function value: 1.1676261509477518E9
s**********************************************: 10
Current result: {1256,1257,1321,1385,1449,1450,1514,1578,1642,1706,1770,1818,1819,1820,1821,1822,1823,1824,1825,1826,1827,1828,1831,1832,1833,1834,1892,1893,1894,1895}
Current function value: 1.1304181440054724E9
s**********************************************: 6
Current result: {1174,1235,1236,1237,1238,1302,1303,1367,1431,1495,1559,1623}
Current function value: 1.1749279803151417E9
s**********************************************: 4
Current result: {727,728,729,730,731,732,733,797,798,862,863,864,865,866,867}
Current function value: 1.1752833896010847E9
s**********************************************: 11
Current result: {1690,1691,1692,1756,1757,1758,1768,1822,1823,1824,1825,1826,1827,1828,1829,1830,1831,1832,1896,1959,1960}
Current function value: 1.133943196664071E9
s**********************************************: 9
Current result: {2114,2115,2179,2180,2244,2308,2309,2310,2311,2312,2376,2440,2441,2505,2569,2570,2571,2633,2634,2693,2694,2695,2696,2697,2760,2761,2825,2889,2953,2954,3018,3082,3146,3207,3208,3209,3210}
Current function value: 1.1623515233280318E9
s**********************************************: 7
Current result: {2179,2180,2181,2182,2246,2309,2310,2324,2325,2326,2373,2387,2388,2436,2437,2450,2451,2499,2500,2501,2513,2514,2563,2565,2566,2576,2577,2627,2630,2631,2632,2633,2634,2635,2636,2640,2700,2701,2702,2703,2704}
Current function value: 1.1628687002243373E9
