
------------------------------ test starts ------------------------------ 
s**********************************************: 3
Current result: {3581,3645,3709,3773,3774,3775}
Current function value: 1.1593364055819144E9
s**********************************************: 2
Current result: {2480}
Current function value: 1.179402355742653E9
s**********************************************: 7
Current result: {852,853,917,981,982,983,984,1044,1045,1048,1049,1050,1051,1108,1172,1236,1300,1364,1428,1491,1492,1555,1619,1678,1681,1682,1683,1741,1742,1743,1744,1745,1747,1811,1875}
Current function value: 1.1468201583315034E9
s**********************************************: 4
Current result: {664,726,727,728,790,854,855,918}
Current function value: 1.1787927555954015E9
s**********************************************: 11
Current result: {1104,1105,1106,1168,1232,1296,1360,1424,1488,1489,1490,1491,1555,1556,1620,1621,1683,1684,1745,1746,1747,1811,1875,1876,1877,1941,2005}
Current function value: 1.129259052899411E9
s**********************************************: 10
Current result: {979,1043,1105,1106,1107,1166,1167,1168,1169,1230,1294,1358,1422,1486,1550,1614,1619,1620,1621,1678,1683,1685,1742,1747,1806,1807,1808,1809,1810,1811}
Current function value: 1.1307851827960665E9
s**********************************************: 9
Current result: {727,728,729,730,731,792,793,795,796,856,860,920,924,925,982,983,984,989,1046,1053,1110,1174,1238,1302,1366,1429,1430,1493,1557,1621,1683,1685,1744,1745,1746,1747,1748,1749,1806,1807,1808,1870,1934}
Current function value: 1.1449182881045332E9
s**********************************************: 6
Current result: {1619,1682,1683,1742,1743,1744,1745,1746,1806,1810,1870}
Current function value: 1.1544983633987193E9
s**********************************************: 8
Current result: {727,791,792,856,857,858,922,984,985,986,1041,1042,1043,1044,1045,1046,1047,1048,1105,1109,1173,1237,1301,1365,1429,1493,1557,1620,1621,1684,1685,1748,1812,1876,1877,1941}
Current function value: 1.1436127080121856E9
s**********************************************: 5
Current result: {2562,2626,2627,2628,2692,2693,2757,2758,2821,2822}
Current function value: 1.172137848340509E9
s**********************************************: 15
Current result: {915,916,980,981,982,983,984,1043,1044,1047,1105,1106,1107,1111,1170,1234,1298,1362,1363,1427,1491,1555,1619,1620,1621,1685,1748,1749,1812,1876,1940,1941}
Current function value: 1.1389810118904016E9
s**********************************************: 13
Current result: {3070,3134,3198,3258,3261,3262,3322,3323,3325,3387,3388,3389,3453,3517,3581,3582,3645,3646,3647,3709,3711,3773,3775,3838,3839}
Current function value: 1.1450174496114922E9
s**********************************************: 14
Current result: {917,918,919,980,981,983,1044,1105,1106,1107,1108,1169,1232,1233,1294,1295,1296,1358,1422,1486,1550,1614,1678,1742,1743,1744,1745,1746,1747,1806,1808,1811,1812,1813,1869,1870,1871,1929,1930,1931,1932,1933,1935,1993,2051,2052,2053,2054,2055,2056,2057,2115,2179,2180,2244,2308,2372,2436,2500,2564,2628,2692,2756,2820,2821,2822,2884,2948,3012,3013,3074,3077,3138,3141,3202,3203,3204,3205}
Current function value: 1.1265427951676097E9
s**********************************************: 12
Current result: {1108,1171,1172,1235,1236,1299,1363,1364,1427,1491,1555,1619,1620,1621,1683,1743,1744,1745,1746,1747,1807,1810,1871,1935}
Current function value: 1.1426481443892126E9
