
------------------------------ test starts ------------------------------ 
s**********************************************: 11
Current result: {3064,3065,3129,3193,3194,3258,3259,3260,3261,3325,3389,3453,3454,3518,3519,3582,3646,3710,3711,3774,3838}
Current function value: 1.1665156174112833E9
s**********************************************: 6
Current result: {2627,2628,2629,2693,2757,2758,2759,2823,2887,2951,2952,2953,2954}
Current function value: 1.1745673848128867E9
s**********************************************: 2
Current result: {3587,3588,3589,3651,3714,3715}
Current function value: 1.1792051091173205E9
s**********************************************: 4
Current result: {2050,2114,2178,2242,2306,2370,2371,2434}
Current function value: 1.1769233659223642E9
s**********************************************: 12
Current result: {2493,2494,2557,2558,2622,2686,2750,2813,2814,2876,2877,2940,3004,3068,3132,3196,3260,3324,3388,3389,3390,3391,3455}
Current function value: 1.1719532327387955E9
s**********************************************: 13
Current result: {2244,2245,2246,2247,2262,2311,2312,2324,2325,2326,2376,2377,2378,2388,2442,2452,2506,2507,2513,2514,2515,2516,2571,2572,2573,2574,2575,2576,2577,2638,2702,2766}
Current function value: 1.1642726417581494E9
s**********************************************: 7
Current result: {2567,2631,2690,2695,2754,2755,2756,2757,2758,2759,2760,2823,2824,2888,2952}
Current function value: 1.175373840155464E9
s**********************************************: 10
Current result: {2684,2748,2749,2750,2814,2877,2878,2941,3003,3005,3067,3068,3069,3133,3197,3261,3325,3326,3390}
Current function value: 1.1732738717569494E9
s**********************************************: 3
Current result: {1239,1302,1303,1366,1430}
Current function value: 1.1771065389962258E9
s**********************************************: 14
Current result: {2183,2184,2196,2197,2198,2199,2200,2248,2260,2264,2312,2313,2314,2315,2323,2324,2379,2383,2384,2385,2386,2387,2443,2448,2507,2510,2511,2512,2569,2570,2571,2572,2573,2574}
Current function value: 1.1553768435899577E9
s**********************************************: 8
Current result: {2942,2943,3007,3069,3070,3071,3133,3197,3260,3261,3262,3326,3327,3390,3391}
Current function value: 1.1753875728123004E9
s**********************************************: 15
Current result: {2070,2133,2134,2196,2197,2200,2260,2262,2263,2264,2324,2325,2326,2328,2383,2384,2388,2389,2390,2392,2447,2448,2449,2450,2451,2452,2456,2520,2584}
Current function value: 1.1564996878629723E9
s**********************************************: 5
Current result: {2197,2261,2262,2263,2326,2327,2328,2329,2390,2454}
Current function value: 1.1656081919553454E9
s**********************************************: 9
Current result: {2115,2116,2117,2118,2119,2120,2121,2122,2123,2179,2180,2187,2200,2244,2251,2252,2253,2254,2255,2256,2257,2258,2259,2260,2264,2308,2324,2325,2326,2327,2328,2372,2436,2500,2564,2626,2627,2628,2629,2630,2631,2695,2696,2760}
Current function value: 1.163521675493143E9
