
------------------------------ test starts ------------------------------ 
s**********************************************: 4
Current result: {2875,2939,2940,2941,2942,2943,3005,3007}
Current function value: 1.1765705111705928E9
s**********************************************: 8
Current result: {3006,3069,3070,3132,3133,3134,3196,3198,3260,3324,3325,3326,3388,3390,3453,3454}
Current function value: 1.1730128728580186E9
s**********************************************: 5
Current result: {2813,2876,2877,2941,3005,3069,3133,3197,3261,3325}
Current function value: 1.1759492667544258E9
s**********************************************: 2
Current result: {2114,2115,2116,2178}
Current function value: 1.177586225512756E9
s**********************************************: 13
Current result: {2424,2488,2552,2553,2617,2681,2745,2809,2810,2874,2875,2939,2940,3003,3067,3068,3069,3133,3197,3261,3325,3389,3390,3391,3455,3519}
Current function value: 1.163639534132141E9
s**********************************************: 11
Current result: {2570,2634,2697,2698,2699,2700,2758,2759,2760,2761,2823,2887,2888,2952,2953,2954,3018,3082,3146,3147}
Current function value: 1.1680943340104957E9
s**********************************************: 3
Current result: {1167,1168,1169,1233,1297,1361,1362,1363,1364,1428,1492,1556,1620,1683,1684,1744,1745,1747,1809,1810,1811,1875,1939,2001,2002,2003,2064,2065,2127,2128,2191,2255}
Current function value: 1.1651934056186152E9
s**********************************************: 9
Current result: {2628,2629,2630,2631,2695,2759,2823,2824,2825,2826,2827,2828,2829,2893}
Current function value: 1.172074654155896E9
s**********************************************: 6
Current result: {2940,3004,3068,3069,3070,3071,3135,3199,3263,3327,3391,3455}
Current function value: 1.1768735180568526E9
s**********************************************: 15
Current result: {915,916,917,918,919,979,1043,1106,1107,1170,1234,1298,1299,1300,1301,1365,1429,1493,1557,1621,1683,1684,1685,1747,1811,1812,1876,1939,1940}
Current function value: 1.157419747078752E9
s**********************************************: 10
Current result: {2633,2634,2698,2699,2700,2764,2828,2829,2893,2951,2952,2953,2954,2955,2956,2957,3015,3077,3078,3079}
Current function value: 1.1714121223565679E9
s**********************************************: 14
Current result: {856,919,920,982,983,1043,1044,1045,1046,1107,1171,1235,1299,1361,1362,1363,1425,1489,1553,1617,1681,1745,1746,1810,1874,1938,1939}
Current function value: 1.160044571211148E9
s**********************************************: 7
Current result: {853,854,855,917,981,1045,1109,1173,1237,1301,1363,1365,1427,1428,1429}
Current function value: 1.1761090674685402E9
s**********************************************: 12
Current result: {1171,1235,1299,1363,1364,1428,1492,1493,1494,1558,1622,1686,1687,1688,1690,1752,1753,1754,1816,1878,1879,1880,1941,1942,1999,2000,2001,2002,2003,2004,2005,2058,2059,2060,2061,2062,2063,2120,2121,2122,2183,2184,2247,2311,2371,2372,2373,2375,2437,2438,2439}
Current function value: 1.1492261975337029E9
