
------------------------------ test starts ------------------------------ 
s**********************************************: 3
Current result: {1613,1677,1678,1742,1806,1870}
Current function value: 1.167482735767597E9
s**********************************************: 5
Current result: {1683,1684,1744,1745,1746,1747,1748,1812,1813,1877,1878}
Current function value: 1.14041463620795E9
s**********************************************: 7
Current result: {1614,1619,1620,1678,1679,1680,1681,1682,1683,1684,1685,1749,1813,1877}
Current function value: 1.1406808169357595E9
s**********************************************: 14
Current result: {852,853,917,918,982,985,1044,1045,1046,1047,1048,1049,1050,1051,1108,1115,1172,1173,1237,1301,1365,1429,1493,1557,1620,1621,1685,1749}
Current function value: 1.1583478013872514E9
s**********************************************: 4
Current result: {3710,3772,3773,3774,3775,3837,3838,3839}
Current function value: 1.156594168788681E9
s**********************************************: 2
Current result: {3644,3645,3709,3773}
Current function value: 1.167554536732716E9
s**********************************************: 12
Current result: {1172,1173,1174,1175,1176,1177,1178,1236,1300,1364,1428,1492,1556,1557,1558,1622,1683,1684,1685,1686,1744,1745,1746,1747,1750,1813,1814}
Current function value: 1.139727637916492E9
s**********************************************: 10
Current result: {798,861,862,918,919,922,923,924,925,926,982,983,984,985,986,1046,1049,1108,1109,1110,1172,1236,1300,1364,1428,1492,1556,1557,1621,1685,1742,1743,1744,1745,1746,1747,1748,1749,1806,1870}
Current function value: 1.138266466032328E9
s**********************************************: 8
Current result: {854,916,917,918,979,980,1043,1107,1171,1230,1231,1232,1233,1234,1235,1292,1293,1294,1357,1421,1485,1549,1613,1677,1741,1742,1743,1744,1745,1808,1872,1936}
Current function value: 1.1589442705209298E9
s**********************************************: 6
Current result: {795,796,860,924,980,981,982,983,988,1044,1047,1050,1052,1108,1111,1112,1113,1114,1115,1116,1172,1180,1181,1182,1244}
Current function value: 1.173907915446074E9
s**********************************************: 15
Current result: {727,791,855,856,919,983,1047,1111,1175,1239,1303,1309,1367,1368,1369,1370,1371,1372,1373,1430,1431,1494,1558,1621,1622,1685,1748,1749,1750,1811,1812}
Current function value: 1.1479948058702135E9
s**********************************************: 11
Current result: {727,791,855,919,983,1047,1048,1112,1113,1174,1175,1176,1238,1302,1366,1430,1494,1557,1558,1621,1685,1743,1744,1745,1746,1747,1748,1749,1813}
Current function value: 1.143598459275232E9
s**********************************************: 9
Current result: {852,915,916,979,1043,1044,1045,1046,1109,1173,1237,1301,1365,1429,1493,1557,1558,1620,1621,1622,1677,1678,1684,1685,1742,1747,1748,1806,1807,1808,1809,1810,1811,1812}
Current function value: 1.1331780113175204E9
s**********************************************: 13
Current result: {1108,1168,1169,1170,1171,1172,1230,1231,1232,1294,1358,1422,1486,1550,1614,1678,1680,1681,1682,1683,1684,1742,1743,1744,1807,1808}
Current function value: 1.1495251470479317E9
