
------------------------------ test starts ------------------------------ 
s**********************************************: 7
Current result: {3197,3261,3325,3389,3453,3516,3517,3581,3645,3646,3709,3710,3711,3775}
Current function value: 1.1632040383073204E9
s**********************************************: 2
Current result: {3645,3709,3710,3774}
Current function value: 1.1678644991403806E9
s**********************************************: 3
Current result: {3709,3773,3774,3837,3838,3839}
Current function value: 1.1616535254987562E9
s**********************************************: 6
Current result: {3387,3451,3515,3516,3580,3644,3645,3709,3710,3773,3774,3838,3839}
Current function value: 1.1571455905810988E9
s**********************************************: 10
Current result: {3388,3389,3390,3453,3516,3517,3581,3582,3644,3646,3647,3708,3711,3772,3773,3775,3837,3838,3839}
Current function value: 1.1481223532512994E9
s**********************************************: 5
Current result: {3133,3197,3260,3261,3324,3388,3452,3516,3517,3581,3645,3709}
Current function value: 1.1663732747795181E9
s**********************************************: 14
Current result: {2627,2628,2629,2630,2694,2695,2758,2817,2818,2822,2882,2883,2886,2947,2948,2949,2950,3011,3072,3073,3074,3075,3138,3139,3203,3204,3205}
Current function value: 1.1623883203079214E9
s**********************************************: 4
Current result: {1764,1828,1892,1956,2020,2084,2085,2149,2213,2277,2341,2405,2406}
Current function value: 1.1622555588847005E9
s**********************************************: 8
Current result: {667,668,669,733,797,861,925,989,1053,1117,1118,1182,1246,1310,1311,1375,1439}
Current function value: 1.1712359300103092E9
s**********************************************: 11
Current result: {1678,1679,1743,1806,1807,1870,1871,1934,1998,2062,2126,2190,2249,2250,2251,2252,2253,2254,2313,2377,2441,2505,2565,2567,2568,2569,2628,2629,2630,2631,2688,2689,2690,2691,2692,2695,2752,2816,2880,2944,3008,3009,3073,3137,3138}
Current function value: 1.1487557077525942E9
s**********************************************: 15
Current result: {2341,2405,2469,2533,2534,2598,2599,2600,2601,2602,2666,2730,2731,2732,2734,2735,2736,2737,2738,2739,2796,2797,2798,2803,2804,2805,2860,2861,2869,2870,2871,2872,2873,2937,2938,3002,3003,3067,3068,3069,3070,3134,3198,3262,3326,3390,3454,3518,3582,3646,3710,3774,3836,3837,3838,3839}
Current function value: 1.1351797742470007E9
s**********************************************: 12
Current result: {1618,1619,1620,1621,1680,1681,1682,1685,1732,1733,1734,1735,1736,1737,1738,1739,1740,1741,1742,1743,1744,1749,1796,1805,1813,1860,1869,1877,1924,1941,1988,2052,2116,2180,2244,2308,2372,2436,2500,2564,2565,2566,2567,2630,2694,2758,2759}
Current function value: 1.1162246177017124E9
s**********************************************: 13
Current result: {979,980,981,982,983,984,1042,1043,1048,1049,1106,1113,1114,1115,1116,1117,1118,1170,1182,1183,1184,1185,1186,1187,1234,1251,1298,1315,1361,1362,1379,1381,1421,1422,1423,1424,1425,1442,1443,1445,1485,1506,1509,1549,1570,1571,1572,1573,1613,1637,1677,1701,1741,1764,1765,1766,1805,1806,1830,1869,1870,1893,1894,1933,1957,1997,2021,2061,2085,2125,2149,2189,2213,2253,2277,2317,2341,2380,2381,2405,2406,2407,2408,2409,2410,2411,2412,2413,2414,2415,2416,2417,2418,2444,2482,2507,2508,2546,2570,2571,2610,2634,2674,2693,2694,2695,2696,2697,2698,2738,2757,2802,2803,2804,2805,2806,2807,2808,2821,2872,2885,2936,2947,2949,3000,3011,3012,3013,3064,3065,3066,3067,3077,3131,3141,3195,3205,3206,3259,3323,3387,3451,3452,3453,3517,3580,3581,3644,3708,3710,3772,3773,3774,3836,3837,3838}
Current function value: 1.1210090850614989E9
s**********************************************: 9
Current result: {660,661,662,724,726,727,728,729,730,731,732,733,788,797,798,799,800,801,850,851,852,865,914,929,978,993,994,1042,1058,1059,1060,1061,1106,1125,1165,1166,1167,1168,1169,1170,1189,1228,1229,1253,1254,1292,1315,1316,1317,1318,1319,1356,1383,1420,1447,1484,1511,1548,1575,1612,1639,1676,1677,1678,1679,1680,1681,1682,1703,1733,1734,1735,1736,1737,1738,1739,1740,1746,1747,1748,1749,1767,1795,1796,1797,1812,1813,1831,1859,1876,1895,1923,1956,1957,1958,1959,1987,2020,2051,2084,2115,2148,2161,2162,2163,2179,2212,2213,2227,2243,2277,2290,2291,2307,2341,2354,2371,2405,2418,2435,2469,2470,2471,2472,2473,2474,2475,2476,2477,2478,2479,2480,2481,2482,2483,2484,2485,2486,2499,2550,2563,2564,2614,2628,2678,2679,2680,2692,2744,2756,2808,2809,2810,2820,2874,2875,2881,2882,2883,2884,2885,2887,2939,2945,2949,2951,3003,3009,3013,3014,3015,3067,3068,3069,3073,3133,3197,3261,3325,3389,3453,3517,3581,3645,3646,3647,3709,3711,3773,3775,3837,3839}
Current function value: 1.1058188214407322E9
