
------------------------------ test starts ------------------------------ 
s**********************************************: 15
Current result: {1557,1558,1559,1560,1561,1562,1563,1564,1565,1566,1567,1568,1569,1570,1620,1621,1624,1630,1634,1635,1684,1694,1746,1747,1748,1807,1808,1809,1810,1871,1935,1999,2063}
Current function value: 1.1025514471132298E9
s**********************************************: 12
Current result: {1356,1357,1358,1359,1423,1424,1487,1488,1489,1490,1491,1492,1556,1560,1620,1624,1684,1688,1748,1752,1812,1813,1814,1815,1816}
Current function value: 1.1339215988157945E9
s**********************************************: 10
Current result: {1559,1560,1561,1562,1563,1564,1565,1566,1567,1618,1619,1620,1621,1622,1623,1630,1631,1684,1694,1695}
Current function value: 1.1301526709908729E9
s**********************************************: 4
Current result: {1556,1558,1559,1560,1561,1620,1621,1622,1684,1685}
Current function value: 1.1533760586023147E9
s**********************************************: 3
Current result: {1413,1475,1476,1477,1538,1539}
Current function value: 1.1793123487111504E9
s**********************************************: 9
Current result: {1123,1124,1188,1252,1316,1380,1444,1504,1505,1506,1507,1508,1568,1569,1570,1633,1697,1761,1823,1824,1825}
Current function value: 1.1235937028599458E9
s**********************************************: 6
Current result: {1497,1561,1625,1684,1688,1689,1748,1752,1812,1813,1814,1815,1816}
Current function value: 1.1429097803041036E9
s**********************************************: 2
Current result: {1566,1567,1568,1569,1630}
Current function value: 1.1621289620397859E9
s**********************************************: 8
Current result: {1560,1616,1617,1618,1624,1679,1680,1682,1683,1684,1685,1686,1688,1735,1743,1750,1751,1752,1799,1807,1863,1864,1865,1866,1867,1868,1869,1870,1871,1930}
Current function value: 1.1424856139165952E9
s**********************************************: 13
Current result: {2443,2444,2507,2566,2567,2568,2569,2570,2571,2572,2630,2636,2693,2694,2752,2753,2754,2755,2756,2757,2817,2881,2945,3009,3073,3137,3201,3265,3328,3329}
Current function value: 1.178976735402231E9
s**********************************************: 7
Current result: {1505,1506,1565,1566,1567,1568,1569,1570,1630,1694,1758,1759,1760}
Current function value: 1.1265441616618264E9
s**********************************************: 11
Current result: {1429,1430,1431,1432,1433,1493,1497,1498,1499,1500,1501,1505,1557,1565,1566,1567,1568,1569,1570,1620,1621,1630,1684}
Current function value: 1.1101208237691162E9
s**********************************************: 5
Current result: {1492,1493,1494,1495,1556,1559,1620,1623,1624,1625,1684}
Current function value: 1.143972195607585E9
s**********************************************: 14
Current result: {1354,1355,1356,1357,1358,1359,1360,1418,1424,1425,1482,1489,1492,1501,1553,1554,1555,1556,1561,1562,1563,1564,1565,1566,1567,1620,1621,1622,1623,1624,1625,1631}
Current function value: 1.113632824567798E9
