
------------------------------ test starts ------------------------------ 
s**********************************************: 5
Current result: {1428,1490,1491,1492,1554,1556,1557,1618,1619,1683}
Current function value: 1.1485586659957404E9
s**********************************************: 4
Current result: {2571,2635,2699,2763,2827,2891,2892,2893,2957,2958,3022}
Current function value: 1.1777672905724623E9
s**********************************************: 11
Current result: {2566,2630,2631,2632,2695,2759,2823,2887,2951,3015,3072,3078,3079,3136,3137,3138,3139,3140,3141,3142,3200,3264,3265,3329}
Current function value: 1.1786491780128422E9
s**********************************************: 13
Current result: {1491,1492,1493,1494,1495,1496,1497,1498,1499,1500,1501,1502,1503,1504,1505,1506,1507,1508,1555,1572,1617,1618,1619,1636,1683}
Current function value: 1.1182207188488624E9
s**********************************************: 7
Current result: {1490,1491,1492,1493,1494,1495,1496,1497,1498,1499,1500,1501,1502,1554,1558,1566,1567,1568,1569,1570,1571,1618,1635}
Current function value: 1.1164017902900672E9
s**********************************************: 8
Current result: {1436,1437,1438,1439,1440,1501,1503,1504,1564,1565,1568,1569,1570,1571,1629,1635,1699,1700,1764}
Current function value: 1.1304618175070512E9
s**********************************************: 9
Current result: {1310,1374,1375,1376,1436,1438,1439,1440,1441,1500,1501,1502,1505,1506,1507,1508,1571,1635}
Current function value: 1.1192723318409724E9
s**********************************************: 2
Current result: {1986,1987,1988,2052}
Current function value: 1.1780436903409932E9
s**********************************************: 12
Current result: {1372,1373,1374,1431,1432,1433,1434,1435,1436,1495,1557,1559,1619,1620,1621,1622,1623,1678,1679,1680,1681,1682,1683,1742}
Current function value: 1.1359441179254127E9
s**********************************************: 3
Current result: {2507,2568,2569,2571,2633,2634,2635}
Current function value: 1.174846121053013E9
s**********************************************: 6
Current result: {1373,1374,1423,1424,1425,1436,1437,1489,1490,1491,1492,1500,1556,1557,1558,1559,1560,1561,1562,1563,1564}
Current function value: 1.139492880275485E9
s**********************************************: 10
Current result: {1373,1374,1375,1428,1429,1430,1431,1432,1433,1434,1435,1436,1437,1439,1491,1492,1494,1500,1555,1564}
Current function value: 1.1327614781787667E9
s**********************************************: 14
Current result: {1349,1354,1413,1414,1415,1416,1417,1418,1419,1420,1421,1439,1440,1485,1486,1492,1493,1494,1495,1503,1550,1551,1552,1553,1554,1555,1556,1559,1560,1561,1562,1563,1564,1565,1566,1567,1619,1683}
Current function value: 1.125940989531929E9
s**********************************************: 15
Current result: {1926,1927,1989,1990,1991,1992,1993,1994,1995,2052,2053,2059,2116,2180,2181,2245,2309,2373,2437,2438,2439,2502,2503,2504,2566,2630,2694,2758,2822,2886,2887,2951,3014,3015,3016,3078,3142}
Current function value: 1.1688927235837986E9
