
------------------------------ test starts ------------------------------ 
s**********************************************: 13
Current result: {1677,1741,1742,1803,1804,1805,1810,1868,1872,1873,1874,1875,1931,1932,1933,1934,1937,1938,1994,1995,1998,1999,2000,2001,2059,2060,2124,2188,2252,2316,2380,2444,2508,2571,2572,2635,2636,2700,2701,2765,2829,2830,2880,2881,2894,2944,2952,2953,2954,2955,2956,2957,2958,3008,3014,3015,3016,3072,3078,3136,3137,3138,3139,3140,3141,3142,3201,3265}
Current function value: 1.1256975294458392E9
s**********************************************: 11
Current result: {1682,1744,1745,1746,1798,1799,1800,1801,1802,1803,1804,1805,1806,1807,1808,1810,1867,1874,1875,1931,1938,1939,1995}
Current function value: 1.1290768312153444E9
s**********************************************: 9
Current result: {1681,1682,1683,1741,1742,1743,1744,1745,1805,1863,1864,1865,1866,1867,1868,1869,1926,1927,1989,1990}
Current function value: 1.141441769969092E9
s**********************************************: 4
Current result: {1680,1681,1682,1744,1808,1872,1936,1937,1938}
Current function value: 1.1538895606747806E9
s**********************************************: 15
Current result: {1554,1555,1556,1618,1680,1681,1682,1739,1744,1746,1747,1803,1804,1805,1806,1807,1808,1809,1866,1867,1868,1873,1931,1932,1995,2059,2123,2187,2251,2315,2379,2443,2507,2571,2635,2699,2763,2827,2891,2955,3014,3019,3074,3075,3076,3077,3078,3079,3083,3137,3138,3143,3144,3145,3146,3147,3201,3265,3329}
Current function value: 1.1207959239045198E9
s**********************************************: 8
Current result: {1680,1681,1682,1744,1746,1810,1866,1867,1868,1869,1870,1871,1872,1873,1874,1931,1994,1995,2059}
Current function value: 1.137371937774602E9
s**********************************************: 10
Current result: {1867,1868,1869,1930,1931,1993,1994,1995,2054,2055,2056,2057,2059,2118,2182,2246,2310,2374,2438,2502,2566,2628,2629,2630,2631,2692,2752,2753,2754,2755,2756,2816,2880,2944,3008,3072,3136,3200,3201,3265}
Current function value: 1.1616739469064395E9
s**********************************************: 12
Current result: {1619,1683,1741,1742,1743,1744,1747,1803,1804,1805,1808,1811,1864,1865,1866,1867,1872,1873,1874,1875,1927,1928,1990,1991}
Current function value: 1.133511694004333E9
s**********************************************: 6
Current result: {1740,1741,1742,1743,1803,1804,1807,1808,1809,1810,1867,1931}
Current function value: 1.1541446551149468E9
s**********************************************: 7
Current result: {1549,1613,1677,1679,1680,1681,1741,1742,1743,1745,1808,1809,1810,1874,1938}
Current function value: 1.1453387666389565E9
s**********************************************: 14
Current result: {1616,1617,1618,1619,1680,1683,1742,1743,1744,1747,1805,1806,1811,1866,1867,1868,1869,1873,1875,1931,1937,1938,1939,1994,1995,2002,2059}
Current function value: 1.1222896759510863E9
s**********************************************: 5
Current result: {1619,1682,1683,1745,1746,1810,1874,1933,1934,1935,1936,1937,1938}
Current function value: 1.1424464738860846E9
s**********************************************: 3
Current result: {1930,1994,1995,2058,2059,2123}
Current function value: 1.1722769444662058E9
s**********************************************: 2
Current result: {1803,1867,1930,1931}
Current function value: 1.1707498585003474E9
