
------------------------------ test starts ------------------------------ 
s**********************************************: 2
Current result: {1878,1942,2006}
Current function value: 1.16829284343407E9
s**********************************************: 9
Current result: {3021,3022,3023,3072,3073,3074,3075,3076,3077,3078,3079,3085,3136,3143,3144,3145,3146,3147,3148,3149}
Current function value: 1.1670275400915728E9
s**********************************************: 11
Current result: {1758,1759,1823,1826,1870,1871,1872,1873,1874,1878,1879,1880,1881,1882,1883,1884,1885,1886,1887,1890,1935,1938,1939,1940,1941,1942,1951,1952,1953,1954,1999,2063}
Current function value: 1.1243937194188344E9
s**********************************************: 5
Current result: {1286,1287,1288,1289,1290,1291,1292,1347,1348,1349,1350,1356,1357,1358,1359,1360,1410,1411,1420,1424,1484,1488,1489,1548,1553,1554,1611,1612,1618,1619,1620,1675,1684,1739,1748,1812,1813,1814,1878,1881,1942,1943,1944,1945}
Current function value: 1.1446188793117568E9
s**********************************************: 15
Current result: {1739,1740,1741,1805,1806,1807,1812,1871,1873,1874,1875,1876,1881,1935,1936,1937,1940,1941,1942,1945,1999,2006,2007,2008,2009,2060,2063,2124,2125,2126,2127}
Current function value: 1.1376347198337915E9
s**********************************************: 8
Current result: {1812,1813,1814,1815,1818,1876,1879,1880,1881,1882,1883,1884,1885,1886,1887,1888,1889,1890,1940,1941,1951,1952,1954,2005,2006}
Current function value: 1.1091229418219981E9
s**********************************************: 14
Current result: {1281,1282,1283,1284,1285,1286,1287,1288,1289,1290,1345,1354,1409,1418,1482,1483,1484,1485,1486,1546,1550,1551,1552,1553,1554,1555,1610,1619,1620,1674,1684,1738,1748,1749,1753,1802,1813,1817,1866,1877,1880,1881,1930,1941,1942,1944,1994,2006,2007,2008,2058,2059,2123,2187,2251,2315,2379,2443,2507,2571,2572,2573,2574,2575,2639,2703,2767,2831,2895,2959,3022,3023}
Current function value: 1.1224393660607162E9
s**********************************************: 4
Current result: {1877,1878,1941,1942,1943,1944,2007,2008}
Current function value: 1.1578991864310505E9
s**********************************************: 3
Current result: {1816,1880,1881,1943,1944,2007}
Current function value: 1.1512983307957597E9
s**********************************************: 13
Current result: {1478,1479,1539,1540,1541,1542,1543,1607,1671,1735,1753,1754,1755,1756,1757,1758,1759,1799,1809,1810,1811,1812,1813,1814,1815,1817,1822,1823,1863,1864,1865,1866,1867,1868,1869,1870,1871,1872,1873,1879,1880,1881,1882,1887,1888,1889,1890,1931,1954}
Current function value: 1.1017329281759794E9
s**********************************************: 12
Current result: {1688,1739,1740,1741,1742,1752,1753,1754,1755,1756,1757,1758,1803,1806,1809,1810,1811,1812,1813,1814,1815,1816,1822,1823,1824,1825,1826,1827,1867,1870,1871,1872,1873,1889,1931,1953,1954,1955,1995,2018,2059,2123,2187,2251,2315,2379,2443,2444,2508,2572,2636,2700,2764,2828,2892,2956,3020,3022,3023,3084,3085,3086}
Current function value: 1.097633823739601E9
s**********************************************: 10
Current result: {1815,1816,1817,1818,1819,1820,1821,1822,1823,1824,1825,1863,1879,1889,1890,1925,1926,1927,1928,1929,1930,1943,1954,1985,1986,1987,1988,1989,1994,1995,1996,1997,1998,1999,2000,2001,2002,2003,2004,2005,2006,2007,2049,2053,2113,2177,2241,2305,2369,2433,2497,2560,2561,2624,2688,2752,2816,2880,2944,2945,3009,3010,3074,3138}
Current function value: 1.116814331606419E9
s**********************************************: 6
Current result: {1748,1812,1813,1877,1878,1942,1944,1945,1946,2006,2007,2008}
Current function value: 1.138294060346279E9
s**********************************************: 7
Current result: {1813,1814,1815,1816,1817,1866,1867,1868,1869,1870,1871,1872,1873,1874,1875,1876,1877,1881,1927,1930,1945,1991,1992,1993,1994}
Current function value: 1.143549442315838E9
