
------------------------------ test starts ------------------------------ 
s**********************************************: 3
Current result: {1874,1875,1938,2002,2066}
Current function value: 1.1626270215827396E9
s**********************************************: 4
Current result: {1807,1871,1933,1934,1935,1996,1997,2059,2060}
Current function value: 1.1609418851470904E9
s**********************************************: 13
Current result: {1665,1666,1667,1668,1729,1732,1733,1734,1735,1736,1737,1738,1793,1802,1803,1857,1867,1872,1921,1931,1935,1936,1985,1995,1996,1997,1998,1999,2049,2059,2113}
Current function value: 1.144337598504792E9
s**********************************************: 11
Current result: {1811,1862,1863,1864,1865,1866,1868,1869,1870,1871,1872,1875,1926,1930,1931,1932,1935,1936,1937,1938,1939,1940}
Current function value: 1.1480845850277069E9
s**********************************************: 10
Current result: {1807,1867,1868,1869,1870,1871,1872,1873,1924,1925,1926,1927,1928,1929,1930,1931,1937,1987,1988,1990,2000,2001}
Current function value: 1.1461112696696987E9
s**********************************************: 9
Current result: {1807,1808,1809,1810,1871,1874,1926,1927,1933,1934,1935,1991,1996,1997,2055,2059,2060,2119,2120,2121,2122,2123}
Current function value: 1.1448723425253854E9
s**********************************************: 12
Current result: {1475,1538,1539,1602,1666,1729,1730,1793,1808,1857,1863,1872,1921,1922,1923,1924,1925,1926,1927,1935,1936,1985,1991,1995,1996,1997,1998,1999,2055,2056,2057,2058,2059}
Current function value: 1.149913721743345E9
s**********************************************: 2
Current result: {1986,1987,2051,2115}
Current function value: 1.179147121846921E9
s**********************************************: 8
Current result: {1863,1925,1926,1927,1928,1929,1930,1989,1994,1995,2050,2051,2052,2053,2059,2060,2115}
Current function value: 1.1635445792998207E9
s**********************************************: 6
Current result: {1811,1873,1874,1875,1937,1939,2000,2001,2003,2059,2060,2061,2062,2063,2064,2123}
Current function value: 1.1525402419332635E9
s**********************************************: 5
Current result: {1411,1412,1413,1414,1415,1416,1417,1418,1473,1475,1482,1537,1538,1539,1546,1610,1674,1738,1802,1866,1867,1931,1932,1995,1996}
Current function value: 1.161665272697073E9
s**********************************************: 15
Current result: {1745,1746,1747,1808,1809,1866,1867,1868,1869,1870,1871,1872,1930,1933,1994,2058,2122,2123,2124,2186,2250,2314,2378,2442,2506,2569,2570,2631,2632,2633,2694,2695,2753,2758,2816,2817,2822,2880,2886,2944,2950,3008,3014,3072,3073,3074,3075,3076,3077,3078,3079,3137,3143,3201,3265,3329}
Current function value: 1.1420560312109725E9
s**********************************************: 14
Current result: {1746,1799,1810,1811,1863,1874,1875,1927,1928,1929,1930,1931,1932,1933,1936,1937,1938,1994,1997,1998,1999,2000,2002,2060,2061,2066,2124,2130}
Current function value: 1.126559355655105E9
s**********************************************: 7
Current result: {1936,1937,1996,1997,1998,1999,2000,2060,2124,2188,2252,2316,2374,2380,2438,2439,2440,2441,2442,2443,2444}
Current function value: 1.1567011112413466E9
