
------------------------------ test starts ------------------------------ 
s**********************************************: 3
Current result: {1494,1556,1558,1620,1621,1622}
Current function value: 1.1555010104325182E9
s**********************************************: 8
Current result: {1302,1303,1304,1309,1365,1366,1368,1369,1370,1371,1372,1373,1429,1493,1555,1556,1557}
Current function value: 1.1166838144680634E9
s**********************************************: 5
Current result: {1302,1363,1364,1365,1366,1427,1491,1555,1556,1620}
Current function value: 1.1521153747968624E9
s**********************************************: 4
Current result: {1308,1309,1310,1371,1372,1374,1438,1439}
Current function value: 1.1411288651733637E9
s**********************************************: 6
Current result: {1302,1303,1304,1305,1306,1307,1308,1366,1430,1492,1493,1494,1556,1620}
Current function value: 1.12741674043536E9
s**********************************************: 15
Current result: {922,923,924,925,980,981,982,983,984,985,986,989,990,1044,1054,1108,1118,1171,1172,1182,1235,1246,1298,1299,1310,1361,1362,1374,1375,1376,1425,1440,1441,1442,1489,1553,1617,1681,1744,1745,1808,1871,1872,1935,1999,2058,2059,2060,2061,2062,2063,2122,2125,2126,2186,2250,2314,2378,2442,2506,2570,2631,2632,2633,2634,2694,2695,2756,2757,2758,2820,2821,2885,2949,2950,3014,3015}
Current function value: 1.124521454503694E9
s**********************************************: 12
Current result: {1994,1995,1996,1997,1998,2058,2062,2063,2122,2126,2127,2186,2250,2314,2378,2440,2441,2442,2443,2503,2504,2507,2508,2567}
Current function value: 1.1698450069027123E9
s**********************************************: 14
Current result: {1246,1297,1298,1299,1300,1301,1302,1303,1304,1305,1306,1307,1310,1357,1358,1359,1360,1361,1365,1366,1371,1372,1373,1374,1375,1421,1429,1430,1438,1485,1494,1556,1557,1558}
Current function value: 1.104896448815815E9
s**********************************************: 2
Current result: {2752,2816,2880,2944}
Current function value: 1.179648E9
s**********************************************: 9
Current result: {1291,1292,1293,1294,1295,1296,1297,1298,1354,1355,1362,1365,1366,1367,1368,1369,1370,1371,1372,1373,1374,1375,1376,1414,1415,1416,1417,1418,1426,1427,1428,1429,1474,1478,1493,1538,1539,1540,1541,1542}
Current function value: 1.1322667299819965E9
s**********************************************: 10
Current result: {1301,1302,1308,1309,1310,1365,1368,1369,1370,1371,1372,1374,1429,1430,1431,1432,1438,1439,1440,1504,1568}
Current function value: 1.1176296571204126E9
s**********************************************: 11
Current result: {1365,1366,1367,1372,1429,1431,1432,1433,1434,1435,1436,1437,1438,1439,1503,1504,1568,1569,1570,1571,1635,1699,1700}
Current function value: 1.109679677383279E9
s**********************************************: 13
Current result: {1108,1172,1235,1236,1246,1299,1300,1301,1302,1303,1304,1305,1308,1309,1310,1311,1312,1363,1369,1370,1371,1372,1376,1427,1440,1491,1504,1505,1555,1569,1633,1697,1698,1699,1763,1764,1828}
Current function value: 1.097432144740203E9
s**********************************************: 7
Current result: {1245,1246,1308,1309,1310,1311,1372,1374,1375,1438,1439,1503,1504,1568}
Current function value: 1.1231398600760617E9
