
------------------------------ test starts ------------------------------ 
s**********************************************: 11
Current result: {1235,1236,1297,1298,1299,1300,1359,1360,1361,1364,1365,1423,1424,1429,1493,1557,1621,1685,1749,1813,1877,1941,2005,2069,2131,2132,2133}
Current function value: 1.1523516701527436E9
s**********************************************: 2
Current result: {3264,3328,3392,3393}
Current function value: 1.179648E9
s**********************************************: 10
Current result: {1297,1298,1299,1300,1301,1351,1352,1353,1354,1355,1356,1357,1358,1359,1360,1361,1412,1413,1414,1415,1476,1538,1539,1540,1603,1604,1667,1731,1795,1859,1923,1987,2051,2115,2179,2243,2307,2308,2372,2436,2437,2438,2439,2503,2567,2631,2695,2759,2823,2887,2888,2950,2951,2952}
Current function value: 1.1589900204023411E9
s**********************************************: 3
Current result: {1363,1427,1428,1429,1430,1492}
Current function value: 1.1687747371678693E9
s**********************************************: 13
Current result: {1410,1474,1538,1602,1666,1730,1794,1803,1858,1859,1860,1861,1862,1863,1864,1865,1866,1867,1922,1923,1931,1932,1933,1934,1986,1998,2050,2062,2114,2126,2133,2134,2178,2190,2191,2192,2193,2194,2195,2196,2197,2242,2243,2259,2307,2323,2324,2325,2326,2371,2388,2390,2435,2452,2499,2563,2627,2628,2692,2756,2816,2817,2818,2819,2820,2881,2945,3009,3073,3137}
Current function value: 1.137563524470061E9
s**********************************************: 8
Current result: {1681,1745,1809,1869,1870,1871,1872,1873,1874,1933,1938,1997,2002,2003,2061,2067,2124,2125,2131,2132,2189,2196,2253,2260,2261,2317,2318,2382,2439,2440,2441,2442,2443,2444,2445,2446,2447,2503,2511,2567,2575,2576,2630,2631,2688,2694,2752,2753,2754,2755,2756,2757,2758,2817,2881}
Current function value: 1.144441104264147E9
s**********************************************: 9
Current result: {1291,1292,1293,1294,1295,1296,1297,1302,1352,1353,1354,1355,1361,1362,1363,1364,1365,1366,1413,1414,1415,1416}
Current function value: 1.1561591087023604E9
s**********************************************: 4
Current result: {1358,1359,1360,1361,1362,1426,1427,1491,1492}
Current function value: 1.1666156585730882E9
s**********************************************: 15
Current result: {1354,1355,1356,1418,1420,1421,1422,1423,1482,1487,1543,1544,1545,1546,1551,1607,1615,1671,1679,1735,1743,1798,1799,1807,1862,1870,1871,1872,1873,1937,1938,2002,2003,2067,2131,2132,2196,2260,2324,2388,2389,2452,2453,2454,2455,2456,2457}
Current function value: 1.1518088583028126E9
s**********************************************: 12
Current result: {1428,1429,1490,1491,1492,1554,1618,1682,1746,1802,1810,1866,1874,1930,1934,1935,1936,1937,1938,1994,1995,1996,1997,1998,2062,2063,2064,2065,2066,2067,2131,2132,2196,2201,2202,2203,2204,2260,2264,2265,2324,2325,2326,2327,2328}
Current function value: 1.1398771298485303E9
s**********************************************: 7
Current result: {1862,1863,1864,1865,1866,1867,1931,1932,1933,1934,1935,1936,1937,1938}
Current function value: 1.1788022427065287E9
s**********************************************: 14
Current result: {1172,1236,1237,1301,1365,1427,1428,1429,1489,1490,1491,1553,1617,1681,1745,1806,1807,1808,1809,1863,1870,1927,1928,1929,1930,1931,1932,1933,1934}
Current function value: 1.14744708577287E9
s**********************************************: 6
Current result: {1359,1360,1361,1362,1425,1489,1553,1617,1681,1743,1744,1745,1807,1870,1871,1934,1998,2062}
Current function value: 1.1624553964976735E9
s**********************************************: 5
Current result: {1803,1805,1806,1807,1867,1868,1869,1871,1935,1999,2063}
Current function value: 1.1786391713906522E9
