
------------------------------ test starts ------------------------------ 
s**********************************************: 15
Current result: {1045,1109,1110,1174,1238,1239,1240,1304,1305,1306,1307,1308,1309,1369,1373,1374,1375,1376,1377,1378,1430,1431,1432,1433,1440,1491,1492,1493,1495,1504,1505,1557,1558,1559}
Current function value: 1.090299996975842E9
s**********************************************: 6
Current result: {1245,1246,1247,1309,1311,1314,1375,1376,1377,1378,1440,1504}
Current function value: 1.1315936923650577E9
s**********************************************: 14
Current result: {1109,1172,1173,1236,1300,1312,1363,1364,1365,1366,1367,1368,1369,1370,1371,1372,1373,1374,1375,1376,1377,1427,1429,1433,1439,1441,1493,1505,1557}
Current function value: 1.1030637694147222E9
s**********************************************: 3
Current result: {1427,1428,1429,1430,1431,1432,1433,1491}
Current function value: 1.1569481457244694E9
s**********************************************: 13
Current result: {1290,1299,1303,1309,1310,1311,1354,1355,1356,1357,1358,1359,1360,1361,1362,1363,1364,1365,1366,1367,1373,1375,1376,1419,1431,1432,1433,1434,1435,1436,1437,1440,1483,1547}
Current function value: 1.1059609248299353E9
s**********************************************: 5
Current result: {1300,1364,1365,1428,1429,1430,1431,1432,1433,1491,1492,1555}
Current function value: 1.1450374841709118E9
s**********************************************: 12
Current result: {919,920,921,922,923,924,925,982,983,1045,1046,1108,1109,1172,1236,1245,1246,1247,1248,1300,1304,1305,1306,1307,1308,1309,1312,1363,1364,1368,1375,1376,1427,1428,1429,1430,1431,1432,1439,1440,1495,1504}
Current function value: 1.093849162952241E9
s**********************************************: 4
Current result: {1236,1299,1300,1360,1361,1362,1363,1424,1427}
Current function value: 1.1624534544332757E9
s**********************************************: 11
Current result: {1303,1304,1359,1360,1361,1362,1363,1364,1367,1423,1424,1428,1429,1430,1431,1432,1487,1493,1495,1551,1555,1556,1557,1615,1677,1678,1679,1740,1741,1804,1867,1868,1931,1995,2059,2123,2187,2251,2252,2316,2380,2444,2507,2508,2571,2572,2631,2632,2633,2634,2635,2636,2700,2764,2765,2766,2830,2894,2958,3022,3023,3085,3086}
Current function value: 1.1097154365942087E9
s**********************************************: 2
Current result: {1308,1309,1373,1437}
Current function value: 1.161584897117862E9
s**********************************************: 7
Current result: {1246,1308,1309,1310,1311,1375,1377,1439,1440,1441,1505,1506,1569}
Current function value: 1.1218863028780603E9
s**********************************************: 10
Current result: {1309,1366,1367,1368,1369,1370,1371,1372,1373,1376,1377,1431,1437,1438,1439,1440,1504,1506,1568,1569,1570}
Current function value: 1.1106481969019113E9
s**********************************************: 9
Current result: {1312,1313,1314,1376,1378,1434,1435,1436,1437,1438,1439,1440,1442,1443,1493,1494,1495,1496,1497,1498,1554,1555,1556,1557}
Current function value: 1.123444009771738E9
s**********************************************: 8
Current result: {1303,1304,1305,1306,1307,1308,1309,1310,1311,1367,1375,1376,1429,1430,1431,1439,1440,1441,1491,1492,1493,1504}
Current function value: 1.1123325024974046E9
