
------------------------------ test starts ------------------------------ 
s**********************************************: 14
Current result: {1345,1346,1347,1348,1349,1350,1351,1415,1416,1417,1481,1545,1609,1673,1737,1799,1800,1801,1802,1861,1862,1863,1866,1925,1930,1989,1990,1994,1995,1996,1999,2060,2061,2062,2063}
Current function value: 1.1650654867771943E9
s**********************************************: 11
Current result: {2195,2259,2323,2387,2388,2444,2445,2446,2447,2448,2449,2450,2451,2452,2453,2506,2507,2508,2511,2512,2576}
Current function value: 1.1629072662311232E9
s**********************************************: 6
Current result: {1290,1291,1353,1354,1355,1356,1357,1358,1359,1417,1423,1487}
Current function value: 1.1712306246144023E9
s**********************************************: 4
Current result: {2818,2819,2820,2821,2881,2882,2885,2886,2887,2944,2945,2951,3008}
Current function value: 1.174078151083354E9
s**********************************************: 9
Current result: {1291,1292,1355,1419,1483,1547,1611,1675,1739,1798,1799,1800,1801,1802,1803,1862,1926,1990,2054,2118,2182,2246,2310,2374,2438,2502,2503,2566,2629,2630,2692,2693,2756,2820,2821,2885,2949,3013,3075,3076,3077,3078,3137,3138,3139,3142,3201,3265,3329}
Current function value: 1.1586191540650375E9
s**********************************************: 3
Current result: {2567,2568,2569,2570,2631,2634,2635,2636}
Current function value: 1.172673106472763E9
s**********************************************: 15
Current result: {1874,1938,2002,2066,2124,2130,2131,2188,2195,2252,2258,2259,2316,2322,2380,2386,2444,2448,2449,2450,2451,2452,2453,2508,2509,2512,2516,2573,2574,2575,2576}
Current function value: 1.1502024060313373E9
s**********************************************: 2
Current result: {2945,3008,3009,3072}
Current function value: 1.1792580386021228E9
s**********************************************: 8
Current result: {1477,1478,1542,1606,1670,1734,1798,1862,1863,1864,1865,1866,1930,1931,1995,1996,1997,2002,2061,2062,2063,2064,2065,2066}
Current function value: 1.1680453159420824E9
s**********************************************: 12
Current result: {1285,1345,1346,1347,1348,1349,1350,1356,1409,1414,1418,1419,1420,1421,1478,1479,1480,1481,1482,1485,1549,1613,1677,1678,1679,1680,1744,1745,1809,1873,1937,1938,2002}
Current function value: 1.1669358022278545E9
s**********************************************: 7
Current result: {1804,1805,1806,1807,1863,1864,1865,1866,1867,1868,1871,1935,1999,2063}
Current function value: 1.1687464747220397E9
s**********************************************: 10
Current result: {1477,1478,1479,1480,1481,1545,1546,1547,1548,1612,1676,1740,1741,1742,1743,1744,1745,1746,1802,1803,1804,1810,1866,1923,1924,1925,1926,1927,1928,1929,1930,1986,1987,2050,2114,2178,2179}
Current function value: 1.1674893727006288E9
s**********************************************: 5
Current result: {1740,1741,1803,1804,1805,1806,1866,1867,1870,1871,1930}
Current function value: 1.1709921710455947E9
s**********************************************: 13
Current result: {1291,1351,1352,1353,1354,1355,1356,1412,1413,1414,1415,1420,1484,1485,1549,1613,1677,1741,1805,1869,1933,1934,1998,1999,2062,2126}
Current function value: 1.1577271561392999E9
