
------------------------------ test starts ------------------------------ 
s**********************************************: 14
Current result: {1415,1477,1478,1479,1540,1541,1603,1604,1667,1731,1795,1859,1923,1987,2051,2115,2179,2243,2307,2371,2435,2499,2500,2564,2565,2629,2693,2752,2757,2816,2817,2818,2819,2820,2821,2822,2886,2950,3014,3078}
Current function value: 1.164216158591092E9
s**********************************************: 6
Current result: {1286,1350,1414,1478,1542,1606,1670,1734,1744,1797,1798,1799,1800,1806,1808,1861,1864,1865,1866,1867,1868,1869,1870,1871,1872,1924,1925,1988,2051,2052}
Current function value: 1.1561508852801952E9
s**********************************************: 2
Current result: {2886,2950,3014,3078,3079}
Current function value: 1.1774710472669175E9
s**********************************************: 7
Current result: {1797,1798,1808,1862,1872,1926,1927,1928,1929,1930,1935,1936,1994,1995,2000,2059,2060,2061,2062,2063,2064}
Current function value: 1.15163088071396E9
s**********************************************: 3
Current result: {1742,1743,1806,1867,1868,1869,1870}
Current function value: 1.1668362555011978E9
s**********************************************: 4
Current result: {1679,1742,1743,1744,1804,1805,1806,1808}
Current function value: 1.1529220649711688E9
s**********************************************: 9
Current result: {1411,1412,1413,1414,1478,1479,1480,1481,1545,1609,1673,1737,1738,1802,1803,1866,1867,1930,1994}
Current function value: 1.1669807491658552E9
s**********************************************: 8
Current result: {1419,1477,1478,1479,1480,1481,1482,1483,1547,1548,1549,1550,1614,1678,1742,1806}
Current function value: 1.1656451823930955E9
s**********************************************: 5
Current result: {1866,1930,1931,1932,1933,1934,1935,1995,1999,2000,2064}
Current function value: 1.1521404700560007E9
s**********************************************: 10
Current result: {1479,1480,1481,1482,1546,1610,1674,1675,1739,1803,1867,1868,1869,1870,1871,1872,1931,1936,1937,1995}
Current function value: 1.1538629425376842E9
s**********************************************: 11
Current result: {1410,1474,1537,1538,1602,1666,1730,1731,1732,1733,1734,1798,1862,1926,1985,1990,2049,2052,2053,2054,2112,2113,2114,2115,2116,2180}
Current function value: 1.1706729516782892E9
s**********************************************: 15
Current result: {1349,1350,1414,1478,1479,1480,1481,1482,1546,1610,1674,1738,1739,1742,1743,1744,1802,1806,1807,1864,1865,1866,1867,1871,1872,1931,1932,1933,1934,1935}
Current function value: 1.144966368745486E9
s**********************************************: 13
Current result: {2688,2752,2753,2817,2881,2945,2951,2952,3008,3009,3015,3073,3078,3079,3137,3142,3201,3206,3264,3265,3270,3329,3333,3334,3393,3394,3395,3396,3397}
Current function value: 1.169750781040873E9
s**********************************************: 12
Current result: {1345,1346,1347,1348,1349,1350,1351,1352,1353,1409,1417,1418,1482,1546,1610,1674,1738,1802,1806,1807,1866,1870,1871,1930,1931,1932,1933,1934,1935}
Current function value: 1.1497895564825296E9
