
------------------------------ test starts ------------------------------ 
s**********************************************: 3
Current result: {1475,1476,1477,1539,1602,1603}
Current function value: 1.1782237182859535E9
s**********************************************: 12
Current result: {2157,2220,2221,2284,2285,2286,2287,2347,2348,2351,2352,2412,2416,2475,2476,2480,2481,2545,2609,2610,2674,2738,2800,2801,2802}
Current function value: 1.1361294704648657E9
s**********************************************: 14
Current result: {1742,1804,1805,1806,1868,1932,1992,1993,1994,1995,1996,2052,2053,2054,2055,2056,2058,2059,2116,2177,2178,2179,2180,2241,2304,2305,2368,2432,2496,2560,2624,2688,2752,2816}
Current function value: 1.166796312532102E9
s**********************************************: 13
Current result: {2506,2568,2569,2570,2630,2631,2632,2692,2693,2694,2755,2756,2819,2881,2883,2944,2945,2946,2947,3011,3072,3075,3136,3137,3138,3139,3201,3265,3266,3330,3393,3394,3457,3458,3521,3585,3649,3713}
Current function value: 1.1656026259681973E9
s**********************************************: 8
Current result: {1451,1452,1453,1517,1581,1645,1709,1773,1837,1901,1965,2029,2092,2093,2156,2220,2221,2222}
Current function value: 1.1442371501773858E9
s**********************************************: 7
Current result: {1538,1539,1601,1602,1603,1604,1668,1732,1796,1798,1799,1800,1801,1802,1803,1860,1861,1862,1867,1925,1931,1987,1989,1995,1996,1997,1998,2049,2050,2051,2052,2053,2062,2126}
Current function value: 1.170931702519272E9
s**********************************************: 2
Current result: {2220,2221,2222,2286}
Current function value: 1.160640124702654E9
s**********************************************: 11
Current result: {1412,1413,1414,1415,1476,1538,1539,1540,1602,1666,1730,1794,1795,1796,1797,1798,1861,1862,1925,1926,1989,1990,1991}
Current function value: 1.173495788640241E9
s**********************************************: 15
Current result: {1452,1453,1516,1518,1579,1580,1581,1582,1646,1647,1648,1710,1774,1837,1838,1901,1908,1965,1972,2029,2036,2093,2100,2157,2164,2221,2228,2285,2286,2287,2288,2289,2290,2291,2292,2347,2348,2349,2411}
Current function value: 1.1045555141304388E9
s**********************************************: 6
Current result: {1515,1516,1579,1580,1581,1645,1709,1773,1837,1901,1965,2029,2092,2093,2157,2221,2284,2285,2347,2348,2411}
Current function value: 1.1319039410130854E9
s**********************************************: 10
Current result: {1797,1798,1799,1863,1864,1865,1866,1867,1931,1932,1933,1997,2060,2061,2124,2188,2252,2316,2375,2376,2377,2378,2379,2380,2439,2444,2503,2567,2630,2631}
Current function value: 1.1701887810721486E9
s**********************************************: 5
Current result: {1818,1882,1946,2010,2073,2074,2137,2201,2265,2329,2393,2457,2520,2521,2578,2579,2580,2581,2582,2583,2584,2642}
Current function value: 1.1519122440789878E9
s**********************************************: 9
Current result: {2157,2158,2159,2220,2221,2223,2284,2287,2288,2348,2352,2411,2412,2416,2417,2475,2481,2545,2546,2610,2674,2738,2802,2803,2867,2931,2932,2996,3060,3124,3125,3126,3190,3254,3318,3382,3446,3447,3448}
Current function value: 1.1236036154635067E9
s**********************************************: 4
Current result: {2886,2887,2950,3008,3009,3014,3072,3078,3136,3137,3138,3139,3140,3141,3142,3143,3200,3264,3328,3392,3456,3520,3584,3585,3586,3649,3650,3713,3777}
Current function value: 1.171604744394723E9
