
------------------------------ test starts ------------------------------ 
s**********************************************: 9
Current result: {2447,2511,2564,2565,2566,2567,2568,2569,2570,2571,2573,2574,2575,2576,2628,2635,2636,2637,2640,2692,2704,2753,2754,2755,2756,2768,2817,2832,2881,2895,2896,2945,2959,3009,3023,3073}
Current function value: 1.1704369552732902E9
s**********************************************: 2
Current result: {3318,3382,3383,3447}
Current function value: 1.1691158858916225E9
s**********************************************: 4
Current result: {1476,1540,1541,1542,1543,1544,1545,1546}
Current function value: 1.1782082131187475E9
s**********************************************: 15
Current result: {2374,2375,2376,2377,2438,2439,2441,2442,2443,2444,2445,2446,2447,2502,2506,2507,2508,2510,2511,2566,2570,2571,2574,2575,2630,2631,2638,2639,2640,2703,2767,2831,2895,2959,3022,3023}
Current function value: 1.1599421585598648E9
s**********************************************: 5
Current result: {1799,1800,1801,1802,1803,1804,1805,1806,1863,1870,1871}
Current function value: 1.1772510466159441E9
s**********************************************: 8
Current result: {1349,1350,1351,1352,1353,1354,1355,1410,1412,1413,1473,1474,1475,1476,1477}
Current function value: 1.1766979373823516E9
s**********************************************: 6
Current result: {1799,1800,1801,1803,1804,1805,1861,1862,1863,1865,1866,1867,1869,1925,1926,1933,1989,1997,1998,2062,2063}
Current function value: 1.175777760938937E9
s**********************************************: 13
Current result: {1128,1129,1130,1131,1132,1192,1256,1320,1384,1448,1512,1576,1640,1704,1766,1767,1768,1769,1770,1830,1894,1958,2022,2023,2024}
Current function value: 1.1269601643164036E9
s**********************************************: 7
Current result: {2816,2880,2944,3008,3009,3010,3072,3074,3075,3076,3077,3078,3136,3200,3264}
Current function value: 1.1786220339583082E9
s**********************************************: 12
Current result: {1410,1411,1412,1413,1414,1415,1474,1478,1479,1542,1543,1544,1608,1672,1736,1798,1799,1800,1864,1927,1928,1986,1987,1988,1989,1990,1991}
Current function value: 1.1688961657573876E9
s**********************************************: 14
Current result: {1862,1926,1987,1988,1989,1990,2051,2115,2116,2180,2244,2308,2372,2436,2500,2564,2628,2692,2756,2819,2820,2883,2947,3009,3010,3011,3012,3013,3014,3015,3073,3079,3143}
Current function value: 1.1659101648640368E9
s**********************************************: 11
Current result: {1349,1350,1351,1352,1353,1354,1355,1356,1413,1477,1537,1538,1539,1540,1541,1601,1665,1729,1793,1857,1858,1922,1986}
Current function value: 1.1726419789253542E9
s**********************************************: 10
Current result: {1411,1412,1418,1476,1477,1478,1479,1480,1481,1482,1543,1607,1671,1735,1799,1863,1870,1927,1928,1934,1992,1993,1994,1998,2058,2059,2060,2061,2062,2122,2186,2249,2250,2313,2374,2375,2376,2377}
Current function value: 1.1731199424000747E9
s**********************************************: 3
Current result: {1475,1476,1477,1478,1479,1543,1607,1671,1735,1799,1861,1862,1863,1927}
Current function value: 1.1789951764022708E9
