
------------------------------ test starts ------------------------------ 
s**********************************************: 5
Current result: {1758,1822,1876,1879,1880,1881,1882,1883,1884,1885,1886,1887,1888,1940,1941,1942,1943}
Current function value: 1.1363705568911836E9
s**********************************************: 3
Current result: {1682,1683,1684,1748,1812,1876,1877}
Current function value: 1.1613583169649012E9
s**********************************************: 7
Current result: {1748,1812,1871,1872,1873,1874,1875,1876,1877,1931,1932,1933,1934,1935,1941,1943,1999,2005,2006,2007}
Current function value: 1.1397938614365163E9
s**********************************************: 11
Current result: {1748,1805,1806,1807,1808,1809,1810,1811,1812,1869,1875,1876,1933,1940,1997,2060,2061,2124,2188,2252,2316,2380,2383,2443,2444,2445,2446,2447}
Current function value: 1.1569854580324452E9
s**********************************************: 15
Current result: {1353,1354,1355,1356,1357,1358,1359,1361,1416,1417,1423,1425,1478,1479,1480,1487,1488,1489,1542,1553,1606,1617,1670,1681,1682,1734,1746,1798,1810,1811,1862,1875,1876,1926,1927,1928,1929,1930,1940,1941,1942,1994,2057,2058,2121,2184,2185,2248,2312,2376,2440,2448,2502,2503,2504,2508,2509,2510,2511,2512,2568,2569,2570,2571,2572}
Current function value: 1.1372447180583606E9
s**********************************************: 4
Current result: {1876,1889,1890,1940,1941,1942,1943,1944,1945,1946,1947,1948,1949,1950,1951,1952,1953,2003,2004}
Current function value: 1.1250678523857367E9
s**********************************************: 10
Current result: {1682,1683,1684,1748,1752,1812,1813,1814,1815,1816,1817,1818,1819,1820,1821,1822,1878,1879,1886,1887}
Current function value: 1.1354301776213248E9
s**********************************************: 6
Current result: {1684,1748,1812,1813,1814,1876,1878,1942,1944,2006,2007,2008}
Current function value: 1.1503352158569925E9
s**********************************************: 8
Current result: {1684,1748,1749,1756,1757,1758,1759,1813,1814,1815,1816,1817,1818,1819,1820,1823,1824,1825,1877,1889,1941,2005,2006}
Current function value: 1.1234237516169822E9
s**********************************************: 2
Current result: {1351,1352,1353,1354,1414,1415}
Current function value: 1.1790501076083438E9
s**********************************************: 12
Current result: {1477,1478,1479,1480,1481,1482,1483,1484,1485,1486,1487,1542,1551,1615,1679,1743,1747,1748,1807,1808,1809,1810,1811,1822,1871,1875,1876,1880,1881,1882,1883,1884,1885,1886,1887,1888,1889,1935,1940,1941,1944,1999,2005,2006,2007,2008,2063,2127}
Current function value: 1.1042261934158678E9
s**********************************************: 9
Current result: {1684,1748,1753,1812,1817,1818,1819,1820,1821,1822,1876,1880,1881,1886,1887,1888,1889,1940,1941,1942,1943,1944,2005}
Current function value: 1.1179523563553715E9
s**********************************************: 14
Current result: {1748,1757,1758,1812,1813,1822,1870,1871,1872,1873,1874,1875,1876,1877,1879,1880,1881,1882,1883,1884,1885,1886,1887,1933,1934,1941,1942,1943}
Current function value: 1.1173873365532815E9
s**********************************************: 13
Current result: {1413,1418,1477,1479,1480,1482,1539,1540,1541,1542,1543,1544,1545,1546,1547,1603,1611,1675,1676,1677,1678,1679,1680,1681,1682,1683,1747,1811,1875,1876,1877}
Current function value: 1.1538505976804588E9
