
------------------------------ test starts ------------------------------ 
s**********************************************: 11
Current result: {1864,1865,1866,1867,1868,1869,1870,1871,1926,1927,1928,1933,1934,1998,1999,2000,2001,2002,2062,2063,2065,2066}
Current function value: 1.1639552418393495E9
s**********************************************: 2
Current result: {1639,1703,1704,1705}
Current function value: 1.1726959460550306E9
s**********************************************: 9
Current result: {1285,1286,1287,1288,1289,1290,1291,1349,1355,1356,1410,1411,1412,1413,1414,1419,1474,1538}
Current function value: 1.1743151566309137E9
s**********************************************: 14
Current result: {1354,1414,1415,1416,1417,1418,1479,1543,1607,1671,1735,1797,1798,1799,1861,1925,1926,1927,1988,1989,1990,1991,2052,2113,2114,2115,2116,2177}
Current function value: 1.1713945895167747E9
s**********************************************: 7
Current result: {1612,1676,1740,1804,1805,1806,1807,1808,1870,1871,1934,1998,2062}
Current function value: 1.173580747088496E9
s**********************************************: 15
Current result: {1296,1360,1424,1425,1489,1553,1617,1681,1682,1746,1810,1874,1938,2002,2063,2064,2065,2066,2067,2131,2195,2259,2323,2387,2451,2506,2514,2515,2570,2571,2572,2573,2574,2575,2576,2577,2578}
Current function value: 1.1523770877512705E9
s**********************************************: 8
Current result: {1346,1347,1348,1349,1410,1413,1414,1415,1479,1480,1481,1482,1483,1484,1548,1612,1676,1740,1804,1865,1866,1867,1868,1869,1870,1871,1872,1873,1874,1928,1929,1938,1989,1990,1991,1992,2002,2066,2130}
Current function value: 1.1638969971210306E9
s**********************************************: 10
Current result: {2931,2995,2996,3057,3058,3059,3060,3061,3125,3189,3190,3191,3192,3253,3254,3318,3382,3446,3447}
Current function value: 1.1537238595879397E9
s**********************************************: 6
Current result: {1800,1801,1802,1803,1864,1927,1928,1990,1991,2055,2056,2057,2058,2059}
Current function value: 1.1762996659363894E9
s**********************************************: 13
Current result: {1287,1288,1289,1290,1291,1292,1293,1294,1295,1296,1297,1351,1361,1415,1425,1478,1479,1488,1489,1543,1552,1553,1607,1615,1616,1671,1675,1676,1677,1678,1679,1735,1797,1799,1861,1862,1863}
Current function value: 1.1535867060205436E9
s**********************************************: 3
Current result: {1355,1356,1420,1421,1485}
Current function value: 1.1791241452705307E9
s**********************************************: 5
Current result: {1289,1290,1354,1355,1419,1483,1547,1611,1675,1739,1803,1804,1806,1868,1869,1870,1871,1935,1997,1998,1999}
Current function value: 1.1764540529589148E9
s**********************************************: 4
Current result: {1415,1417,1418,1479,1480,1481,1543,1544}
Current function value: 1.1778917212833683E9
s**********************************************: 12
Current result: {668,732,791,792,793,794,795,796,797,798,799,852,853,854,855,863,915,916,927,928,979,992,993,1034,1035,1036,1037,1038,1039,1040,1041,1042,1043,1057,1058,1059,1060,1061,1062,1063,1064,1098,1125,1128,1129,1130,1131,1162,1195,1226,1259,1290,1323,1354,1387,1415,1416,1417,1418,1451,1477,1478,1479,1515,1543,1579,1607,1643,1671,1707,1735,1767,1768,1769,1770,1771,1799,1831,1833,1863,1894,1895,1897,1926,1927,1928,1961,1990,1992,1993,1994,1995,1996,1997,2025,2054,2089,2118,2153,2182,2217,2246,2281,2310,2311,2345,2375,2409,2439,2473,2503,2537,2567,2601,2602,2603,2604,2629,2630,2631,2665,2666,2668,2693,2729,2757,2793,2798,2799,2800,2801,2802,2803,2804,2821,2857,2858,2859,2860,2861,2862,2867,2868,2885,2886,2887,2888,2922,2931,2945,2946,2947,2948,2949,2986,2995,3009,3058,3059,3072,3073,3122,3123,3136,3187,3188,3200,3252,3253,3264,3317,3318,3328,3382,3392,3393}
Current function value: 1.1102538204726868E9
