
------------------------------ test starts ------------------------------ 
s**********************************************: 14
Current result: {1805,1806,1869,1870,1871,1872,1873,1874,1875,1876,1877,1933,1941,1994,1996,1997,2005,2007,2008,2058,2059,2060,2069,2070,2071,2133,2134}
Current function value: 1.1363070845356555E9
s**********************************************: 5
Current result: {1809,1810,1811,1812,1871,1872,1873,1876,1935,1940,1941,1942,1943,1999}
Current function value: 1.160020626372841E9
s**********************************************: 11
Current result: {1748,1812,1876,1880,1937,1938,1939,1940,1944,1999,2000,2001,2004,2008,2061,2062,2063,2068,2069,2070,2071,2072}
Current function value: 1.1394722039260042E9
s**********************************************: 13
Current result: {1236,1298,1299,1300,1362,1413,1414,1415,1416,1417,1418,1419,1420,1421,1422,1423,1424,1425,1426,1475,1476,1477,1490,1539,1554,1603,1618,1667,1682,1731,1746,1747,1795,1811,1812,1859,1876,1877,1878,1923,1942,1943,1987,2007,2008,2009,2051,2052,2053,2117,2181,2245,2246,2247,2311,2374,2375,2438,2444,2502,2508,2566,2567,2568,2569,2570,2571,2572,2631,2632,2695,2759,2823,2880,2887,2944,2945,2951,3009,3014,3015,3073,3074,3075,3076,3077,3078,3137}
Current function value: 1.1333289425054116E9
s**********************************************: 10
Current result: {1173,1174,1234,1235,1236,1237,1238,1297,1298,1361,1425,1489,1553,1617,1618,1619,1683,1747,1748,1812}
Current function value: 1.144159070504018E9
s**********************************************: 12
Current result: {1231,1232,1233,1234,1235,1236,1295,1299,1349,1350,1351,1352,1353,1354,1355,1359,1363,1413,1419,1420,1421,1422,1423,1427,1474,1475,1476,1477,1491,1538,1555,1602,1619,1683,1747,1811,1875,1876,1877,1878,1879,1943}
Current function value: 1.1511294737653332E9
s**********************************************: 9
Current result: {1345,1346,1409,1410,1411,1412,1413,1414,1473,1478,1479,1480,1481,1537,1543,1607,1671,1735,1799,1862,1863}
Current function value: 1.177183320341817E9
s**********************************************: 3
Current result: {2438,2502,2566,2567,2571,2631,2632,2633,2634,2635}
Current function value: 1.1787602771286461E9
s**********************************************: 8
Current result: {1171,1172,1173,1234,1235,1237,1298,1362,1420,1421,1422,1423,1424,1425,1426,1487,1551,1552,1553,1617,1681,1682,1683,1684,1748,1812,1813,1814,1815,1816,1876,1880,1944,2008,2009}
Current function value: 1.133654904174118E9
s**********************************************: 4
Current result: {1861,1862,1863,1864,1865,1866,1925,1930,1935,1985,1986,1987,1988,1989,1994,1999,2050,2058,2059,2060,2061,2062,2063,2114,2178,2242,2306,2370,2434,2496,2497,2498,2560,2624,2688,2752,2816,2880,2944,3008,3072,3136,3200,3264,3328,3392,3456,3457}
Current function value: 1.176186543648902E9
s**********************************************: 15
Current result: {1172,1236,1300,1301,1364,1428,1492,1556,1620,1684,1748,1812,1876,1877,1878,1879,1888,1889,1890,1943,1944,1945,1946,1947,1948,1949,1950,1951,1952,2008,2072}
Current function value: 1.1222865674096832E9
s**********************************************: 6
Current result: {1812,1813,1877,1941,1942,1943,1944,1945,1946,2010,2011,2012,2013,2014,2078,2079,2080}
Current function value: 1.1369857780135047E9
s**********************************************: 2
Current result: {1880,1881,1882,1945}
Current function value: 1.1669942417154086E9
s**********************************************: 7
Current result: {1170,1171,1172,1173,1174,1233,1234,1296,1297,1359,1360,1421,1422,1423,1482,1483,1484,1485,1547,1611,1675,1739,1803,1866,1867,1930,1994,2058,2122,2123}
Current function value: 1.1643806894890964E9
