
------------------------------ test starts ------------------------------ 
s**********************************************: 11
Current result: {1105,1106,1107,1169,1171,1231,1232,1233,1234,1289,1290,1291,1292,1293,1294,1295,1350,1351,1352,1353,1414,1415,1478,1541,1542,1606,1607,1671,1735,1798,1799,1861,1862,1925,1989,2053,2054,2055,2119,2120,2184,2248,2252,2253,2312,2317,2376,2377,2378,2379,2380,2381,2445}
Current function value: 1.1224065034593353E9
s**********************************************: 2
Current result: {2314,2378,2379,2443}
Current function value: 1.169564513630824E9
s**********************************************: 10
Current result: {1165,1166,1167,1168,1169,1170,1171,1226,1227,1228,1229,1235,1290,1298,1299,1353,1354,1417,1481,1542,1543,1544,1545,1606,1670,1734,1798,1862,1926,1987,1988,1989,1990,2051,2115,2179,2243,2307,2371,2378,2379,2380,2435,2440,2441,2442,2444,2445,2499,2500,2501,2502,2503,2504,2509,2572,2573,2574}
Current function value: 1.1294840064476106E9
s**********************************************: 15
Current result: {1985,2049,2113,2114,2178,2179,2180,2181,2182,2183,2247,2251,2252,2311,2316,2375,2376,2377,2378,2379,2380,2381,2440,2444,2445,2446,2504,2510}
Current function value: 1.1301462942556326E9
s**********************************************: 5
Current result: {2188,2252,2316,2380,2443,2444,2445,2446,2507,2508}
Current function value: 1.1527134220423534E9
s**********************************************: 3
Current result: {1171,1234,1235,1298,1299}
Current function value: 1.1624761153639665E9
s**********************************************: 7
Current result: {2311,2312,2313,2314,2315,2316,2375,2379,2380,2443,2444,2445,2446,2510}
Current function value: 1.1428509023798246E9
s**********************************************: 13
Current result: {2252,2314,2315,2316,2376,2377,2378,2379,2438,2439,2440,2443,2444,2445,2446,2502,2509,2510,2566,2567,2574,2631,2695,2759,2823,2887,2888,2952,3016,3080,3144}
Current function value: 1.130107207713582E9
s**********************************************: 6
Current result: {2251,2314,2315,2316,2378,2380,2381,2441,2442,2444,2503,2504,2505}
Current function value: 1.148023820968977E9
s**********************************************: 4
Current result: {1107,1170,1171,1234,1298,1299,1300}
Current function value: 1.1516972826222527E9
s**********************************************: 14
Current result: {1170,1171,1172,1173,1226,1227,1228,1229,1230,1231,1232,1233,1234,1237,1238,1290,1298,1354,1362,1363,1415,1416,1417,1418,1427,1479,1491,1543,1555,1607,1619,1671,1683,1734,1735,1747,1798,1811,1862,1875,1876,1926,1940,1990,2054,2118,2182,2187,2246,2251,2252,2310,2314,2315,2374,2375,2376,2377,2378,2379}
Current function value: 1.106959401396838E9
s**********************************************: 12
Current result: {1107,1108,1170,1171,1234,1286,1287,1288,1289,1290,1291,1292,1293,1294,1295,1296,1297,1298,1350,1362,1363,1414,1427,1477,1478,1491,1541,1555,1556,1557,1605,1621,1669,1670,1685,1734,1749,1798,1813,1814,1815,1862,1879,1880,1881,1882,1883,1884,1885,1886,1926,1950,1988,1989,1990,2014,2015,2052,2053,2117,2118,2119,2183,2187,2247,2251,2311,2315,2316,2375,2376,2380,2440,2443,2444,2504,2505,2506,2507,2508,2509,2572}
Current function value: 1.1021372348175204E9
s**********************************************: 8
Current result: {2250,2251,2252,2314,2315,2317,2379,2380,2381,2382,2440,2441,2442,2443,2446,2510}
Current function value: 1.1305667892521226E9
s**********************************************: 9
Current result: {2183,2184,2185,2186,2187,2188,2247,2251,2311,2315,2316,2375,2380,2439,2440,2444,2503,2508,2509,2567,2630,2631,2694,2753,2754,2755,2756,2757,2758,2817,2880,2881,2944,3008,3072,3136,3200,3264,3328}
Current function value: 1.1536905735048492E9
