#################################################################
#APDM Input Graph, this input graph includes 3 sections:
#section1 : general information
#section2 : nodes
#section3 : edges
#section4 : trueSubGraph (Optional)
#
#if nodes haven't information set weight to null
#################################################################
SECTION1 (General Information)
numNodes = 100
numEdges = 400
usedAlgorithm = Test
dataSource = RandomData
END
#################################################################
SECTION2 (Nodes Information)
NodeID Weight 
0 1.000000
1 0.731098
2 0.580163
3 0.901308
4 0.959447
5 0.732324
6 1.000000
7 0.989853
8 1.000000
9 1.000000
10 1.000000
11 0.985304
12 1.000000
13 0.588142
14 1.000000
15 1.000000
16 0.842984
17 0.710595
18 1.000000
19 0.876750
20 1.000000
21 0.657337
22 0.877073
23 0.563654
24 1.000000
25 1.000000
26 0.775069
27 1.000000
28 0.638827
29 0.590965
30 1.000000
31 0.645217
32 1.000000
33 0.789017
34 0.777521
35 1.000000
36 1.000000
37 0.943245
38 1.000000
39 0.888314
40 0.873745
41 0.602579
42 0.794935
43 0.608284
44 1.000000
45 0.960422
46 0.815309
47 1.000000
48 1.000000
49 0.889509
50 1.000000
51 1.000000
52 1.000000
53 1.000000
54 1.000000
55 0.907310
56 1.000000
57 0.839076
58 1.000000
59 0.954610
60 0.919097
61 0.844684
62 0.528189
63 0.807627
64 0.707352
65 1.000000
66 1.000000
67 1.000000
68 1.000000
69 1.000000
70 1.000000
71 0.862510
72 0.771284
73 1.000000
74 0.866631
75 0.513216
76 0.629107
77 1.000000
78 0.522404
79 0.990023
80 0.599106
81 1.000000
82 1.000000
83 0.540101
84 0.842393
85 1.000000
86 1.000000
87 1.000000
88 0.702436
89 1.000000
90 0.719007
91 0.796779
92 1.000000
93 0.638621
94 1.000000
95 1.000000
96 1.000000
97 1.000000
98 1.000000
99 0.975786
END
#################################################################
SECTION3 (Edges Information)
EndPoint0 EndPoint1 Weight
0 24 1.000000
0 57 1.000000
0 6 1.000000
0 55 1.000000
0 90 1.000000
0 56 1.000000
1 48 1.000000
2 96 1.000000
2 11 1.000000
3 58 1.000000
3 49 1.000000
3 20 1.000000
3 30 1.000000
3 91 1.000000
3 75 1.000000
4 16 1.000000
5 74 1.000000
5 81 1.000000
5 52 1.000000
5 18 1.000000
5 37 1.000000
5 15 1.000000
5 43 1.000000
5 36 1.000000
5 66 1.000000
6 89 1.000000
6 21 1.000000
6 66 1.000000
6 81 1.000000
6 27 1.000000
6 55 1.000000
7 97 1.000000
7 41 1.000000
7 59 1.000000
8 36 1.000000
8 88 1.000000
8 99 1.000000
8 2 1.000000
8 90 1.000000
8 11 1.000000
8 83 1.000000
8 3 1.000000
9 43 1.000000
9 26 1.000000
9 58 1.000000
9 0 1.000000
9 22 1.000000
10 32 1.000000
11 53 1.000000
11 41 1.000000
11 72 1.000000
11 14 1.000000
12 61 1.000000
12 8 1.000000
13 33 1.000000
14 38 1.000000
15 2 1.000000
15 53 1.000000
15 61 1.000000
15 94 1.000000
15 98 1.000000
15 32 1.000000
16 25 1.000000
16 83 1.000000
16 31 1.000000
16 30 1.000000
16 58 1.000000
17 86 1.000000
17 8 1.000000
18 81 1.000000
18 26 1.000000
18 98 1.000000
18 27 1.000000
19 57 1.000000
20 0 1.000000
20 61 1.000000
20 89 1.000000
20 9 1.000000
20 72 1.000000
20 94 1.000000
21 6 1.000000
21 72 1.000000
21 75 1.000000
21 39 1.000000
22 45 1.000000
22 70 1.000000
22 43 1.000000
22 6 1.000000
22 32 1.000000
22 52 1.000000
23 35 1.000000
23 15 1.000000
23 63 1.000000
24 39 1.000000
24 46 1.000000
25 26 1.000000
25 16 1.000000
25 15 1.000000
25 48 1.000000
26 9 1.000000
26 25 1.000000
26 52 1.000000
27 5 1.000000
27 36 1.000000
27 34 1.000000
27 54 1.000000
27 39 1.000000
27 37 1.000000
28 90 1.000000
28 25 1.000000
28 63 1.000000
29 68 1.000000
29 65 1.000000
30 87 1.000000
30 71 1.000000
30 16 1.000000
30 3 1.000000
30 74 1.000000
30 31 1.000000
31 32 1.000000
31 66 1.000000
31 27 1.000000
31 23 1.000000
32 17 1.000000
32 28 1.000000
32 69 1.000000
32 79 1.000000
32 82 1.000000
33 50 1.000000
34 44 1.000000
35 66 1.000000
36 8 1.000000
36 54 1.000000
36 79 1.000000
36 65 1.000000
37 52 1.000000
37 90 1.000000
37 47 1.000000
37 49 1.000000
38 99 1.000000
38 46 1.000000
38 71 1.000000
38 1 1.000000
39 7 1.000000
39 0 1.000000
39 74 1.000000
39 55 1.000000
40 86 1.000000
40 60 1.000000
40 59 1.000000
40 92 1.000000
40 3 1.000000
40 79 1.000000
40 37 1.000000
41 83 1.000000
41 74 1.000000
41 76 1.000000
41 54 1.000000
42 9 1.000000
42 43 1.000000
43 56 1.000000
43 9 1.000000
43 18 1.000000
43 66 1.000000
43 20 1.000000
44 96 1.000000
44 47 1.000000
44 72 1.000000
44 92 1.000000
45 65 1.000000
46 38 1.000000
46 58 1.000000
46 73 1.000000
47 39 1.000000
47 48 1.000000
48 4 1.000000
48 74 1.000000
48 77 1.000000
48 83 1.000000
48 12 1.000000
48 60 1.000000
49 59 1.000000
49 73 1.000000
49 93 1.000000
50 80 1.000000
51 12 1.000000
51 76 1.000000
51 38 1.000000
52 55 1.000000
52 84 1.000000
52 53 1.000000
52 66 1.000000
52 45 1.000000
52 7 1.000000
52 93 1.000000
53 5 1.000000
53 23 1.000000
53 86 1.000000
54 29 1.000000
54 42 1.000000
54 71 1.000000
55 8 1.000000
55 52 1.000000
55 60 1.000000
55 44 1.000000
55 18 1.000000
55 69 1.000000
55 81 1.000000
56 75 1.000000
56 43 1.000000
56 57 1.000000
56 44 1.000000
56 70 1.000000
56 40 1.000000
57 98 1.000000
57 87 1.000000
57 75 1.000000
57 76 1.000000
57 19 1.000000
57 66 1.000000
57 28 1.000000
57 22 1.000000
58 46 1.000000
58 89 1.000000
58 86 1.000000
58 55 1.000000
58 57 1.000000
58 6 1.000000
59 72 1.000000
59 66 1.000000
59 56 1.000000
59 79 1.000000
59 90 1.000000
60 81 1.000000
60 31 1.000000
60 86 1.000000
60 15 1.000000
61 22 1.000000
61 77 1.000000
61 57 1.000000
61 78 1.000000
61 91 1.000000
62 99 1.000000
62 32 1.000000
63 92 1.000000
63 3 1.000000
63 55 1.000000
64 81 1.000000
64 0 1.000000
64 84 1.000000
64 59 1.000000
64 57 1.000000
65 92 1.000000
65 64 1.000000
65 95 1.000000
65 90 1.000000
66 25 1.000000
66 93 1.000000
66 70 1.000000
66 48 1.000000
66 95 1.000000
66 91 1.000000
66 90 1.000000
66 8 1.000000
66 40 1.000000
67 87 1.000000
68 59 1.000000
68 52 1.000000
69 90 1.000000
69 8 1.000000
69 72 1.000000
69 48 1.000000
69 22 1.000000
70 29 1.000000
70 60 1.000000
70 69 1.000000
71 30 1.000000
71 99 1.000000
71 61 1.000000
71 40 1.000000
72 21 1.000000
72 75 1.000000
72 95 1.000000
72 5 1.000000
72 68 1.000000
72 82 1.000000
72 96 1.000000
72 89 1.000000
73 83 1.000000
73 0 1.000000
74 41 1.000000
74 5 1.000000
74 72 1.000000
74 28 1.000000
74 17 1.000000
74 89 1.000000
75 72 1.000000
75 56 1.000000
75 78 1.000000
75 69 1.000000
75 3 1.000000
75 64 1.000000
76 27 1.000000
76 91 1.000000
76 5 1.000000
77 27 1.000000
77 7 1.000000
78 40 1.000000
78 8 1.000000
78 64 1.000000
79 20 1.000000
79 40 1.000000
79 51 1.000000
79 30 1.000000
79 22 1.000000
79 23 1.000000
79 56 1.000000
81 5 1.000000
81 64 1.000000
81 82 1.000000
81 62 1.000000
81 9 1.000000
81 5 1.000000
81 85 1.000000
81 95 1.000000
82 24 1.000000
82 64 1.000000
82 0 1.000000
83 16 1.000000
83 41 1.000000
83 63 1.000000
83 79 1.000000
83 58 1.000000
83 81 1.000000
84 55 1.000000
84 44 1.000000
85 42 1.000000
86 48 1.000000
86 79 1.000000
86 61 1.000000
86 81 1.000000
86 20 1.000000
87 57 1.000000
87 30 1.000000
87 5 1.000000
88 8 1.000000
88 92 1.000000
88 66 1.000000
89 58 1.000000
89 6 1.000000
89 92 1.000000
89 83 1.000000
89 21 1.000000
90 21 1.000000
90 49 1.000000
90 95 1.000000
90 79 1.000000
90 10 1.000000
90 27 1.000000
90 97 1.000000
90 88 1.000000
91 22 1.000000
91 74 1.000000
91 40 1.000000
91 94 1.000000
92 88 1.000000
92 98 1.000000
92 3 1.000000
92 52 1.000000
92 15 1.000000
92 40 1.000000
92 30 1.000000
93 67 1.000000
93 16 1.000000
93 13 1.000000
94 97 1.000000
94 6 1.000000
94 11 1.000000
95 5 1.000000
95 20 1.000000
95 37 1.000000
95 51 1.000000
95 96 1.000000
96 78 1.000000
96 98 1.000000
96 15 1.000000
96 18 1.000000
97 98 1.000000
97 75 1.000000
97 11 1.000000
98 92 1.000000
98 57 1.000000
98 51 1.000000
98 16 1.000000
98 20 1.000000
98 56 1.000000
99 71 1.000000
99 38 1.000000
99 62 1.000000
99 69 1.000000
END
#################################################################
SECTION4 (TrueSubGraph Information)
EndPoint0 EndPoint1 Weight
25 16 1.0
98 57 1.0
89 6 1.0
5 81 1.0
81 64 1.0
30 71 1.0
58 89 1.0
26 25 1.0
16 83 1.0
41 74 1.0
88 92 1.0
56 43 1.0
57 87 1.0
38 46 1.0
43 9 1.0
99 38 1.0
87 30 1.0
36 8 1.0
72 75 1.0
9 26 1.0
46 58 1.0
75 56 1.0
71 99 1.0
74 5 1.0
21 72 1.0
92 98 1.0
6 21 1.0
64 70 1.0
83 41 1.0
8 88 1.0
END
#################################################################
