#################################################################
#APDM Input Graph, this input graph includes 3 sections:
#section1 : general information
#section2 : nodes
#section3 : edges
#section4 : trueSubGraph (Optional)
#
#if nodes haven't information set weight to null
#################################################################
SECTION1 (General Information)
numNodes = 50
numEdges = 236
usedAlgorithm = Test
dataSource = RandomData
END
#################################################################
SECTION2 (Nodes Information)
NodeID Weight 
0 1.000000
1 1.000000
2 1.000000
3 0.333112
4 0.841739
5 1.000000
6 1.000000
7 0.669719
8 0.366659
9 0.781366
10 1.000000
11 1.000000
12 1.000000
13 0.984802
14 0.998698
15 0.478572
16 0.593987
17 0.704951
18 1.000000
19 0.703030
20 0.912864
21 1.000000
22 0.243886
23 0.784918
24 0.570080
25 1.000000
26 1.000000
27 1.000000
28 1.000000
29 0.511183
30 1.000000
31 1.000000
32 1.000000
33 1.000000
34 1.000000
35 1.000000
36 0.902220
37 0.266373
38 1.000000
39 1.000000
40 1.000000
41 1.000000
42 1.000000
43 0.557794
44 0.949048
45 1.000000
46 1.000000
47 1.000000
48 0.956992
49 0.599134
END
#################################################################
SECTION3 (Edges Information)
EndPoint0 EndPoint1 Weight
0 35 1.000000
0 11 1.000000
0 27 1.000000
0 24 1.000000
0 1 1.000000
1 23 1.000000
1 28 1.000000
1 34 1.000000
1 46 1.000000
1 26 1.000000
2 14 1.000000
2 35 1.000000
2 12 1.000000
2 15 1.000000
3 33 1.000000
3 42 1.000000
3 18 1.000000
3 1 1.000000
4 24 1.000000
4 42 1.000000
4 11 1.000000
4 9 1.000000
4 28 1.000000
5 9 1.000000
5 3 1.000000
5 20 1.000000
5 46 1.000000
5 34 1.000000
6 11 1.000000
6 23 1.000000
6 12 1.000000
6 5 1.000000
7 34 1.000000
7 30 1.000000
7 45 1.000000
7 37 1.000000
7 49 1.000000
8 29 1.000000
8 28 1.000000
8 32 1.000000
8 26 1.000000
8 5 1.000000
9 18 1.000000
9 37 1.000000
9 47 1.000000
9 12 1.000000
9 1 1.000000
10 35 1.000000
10 42 1.000000
10 18 1.000000
10 46 1.000000
10 21 1.000000
11 46 1.000000
11 10 1.000000
11 47 1.000000
11 37 1.000000
11 35 1.000000
12 2 1.000000
12 30 1.000000
12 1 1.000000
12 13 1.000000
12 41 1.000000
13 28 1.000000
13 0 1.000000
13 34 1.000000
13 25 1.000000
14 3 1.000000
14 28 1.000000
14 44 1.000000
14 31 1.000000
15 34 1.000000
15 0 1.000000
15 3 1.000000
15 14 1.000000
15 31 1.000000
16 31 1.000000
16 29 1.000000
16 26 1.000000
16 36 1.000000
16 10 1.000000
17 19 1.000000
17 15 1.000000
17 3 1.000000
17 20 1.000000
17 16 1.000000
18 26 1.000000
18 11 1.000000
18 17 1.000000
18 21 1.000000
18 47 1.000000
19 8 1.000000
19 46 1.000000
19 20 1.000000
19 12 1.000000
20 34 1.000000
20 7 1.000000
20 31 1.000000
20 32 1.000000
20 14 1.000000
21 32 1.000000
21 22 1.000000
21 24 1.000000
21 29 1.000000
21 0 1.000000
22 31 1.000000
22 5 1.000000
22 38 1.000000
22 29 1.000000
22 18 1.000000
23 31 1.000000
23 20 1.000000
23 39 1.000000
23 7 1.000000
23 40 1.000000
24 11 1.000000
24 34 1.000000
24 40 1.000000
24 43 1.000000
24 5 1.000000
25 48 1.000000
25 45 1.000000
25 49 1.000000
25 17 1.000000
25 2 1.000000
26 27 1.000000
26 43 1.000000
26 17 1.000000
27 15 1.000000
27 35 1.000000
27 47 1.000000
27 4 1.000000
27 3 1.000000
28 14 1.000000
28 48 1.000000
28 25 1.000000
28 4 1.000000
28 11 1.000000
29 44 1.000000
29 13 1.000000
29 46 1.000000
29 25 1.000000
29 40 1.000000
30 10 1.000000
30 6 1.000000
30 32 1.000000
30 49 1.000000
30 47 1.000000
31 5 1.000000
31 41 1.000000
31 49 1.000000
31 20 1.000000
31 45 1.000000
32 33 1.000000
32 9 1.000000
32 46 1.000000
32 27 1.000000
33 44 1.000000
33 21 1.000000
33 20 1.000000
33 41 1.000000
33 29 1.000000
34 46 1.000000
34 39 1.000000
34 6 1.000000
34 21 1.000000
35 14 1.000000
35 20 1.000000
35 33 1.000000
35 8 1.000000
35 47 1.000000
36 39 1.000000
36 8 1.000000
36 10 1.000000
36 46 1.000000
36 19 1.000000
37 12 1.000000
37 31 1.000000
37 28 1.000000
37 32 1.000000
38 2 1.000000
38 7 1.000000
38 47 1.000000
38 32 1.000000
38 14 1.000000
39 44 1.000000
39 9 1.000000
39 2 1.000000
39 26 1.000000
39 5 1.000000
40 19 1.000000
40 41 1.000000
40 25 1.000000
40 37 1.000000
40 23 1.000000
41 35 1.000000
41 6 1.000000
41 40 1.000000
41 47 1.000000
41 15 1.000000
42 43 1.000000
42 21 1.000000
42 6 1.000000
42 2 1.000000
43 5 1.000000
43 40 1.000000
43 32 1.000000
43 19 1.000000
43 14 1.000000
44 14 1.000000
44 49 1.000000
44 37 1.000000
44 7 1.000000
44 31 1.000000
45 46 1.000000
45 14 1.000000
45 12 1.000000
45 8 1.000000
46 14 1.000000
46 47 1.000000
46 43 1.000000
46 13 1.000000
46 40 1.000000
47 49 1.000000
47 14 1.000000
47 15 1.000000
47 44 1.000000
48 37 1.000000
48 20 1.000000
48 27 1.000000
48 1 1.000000
48 45 1.000000
49 46 1.000000
49 3 1.000000
49 32 1.000000
49 47 1.000000
49 45 1.000000
END
#################################################################
SECTION4 (TrueSubGraph Information)
EndPoint0 EndPoint1 Weight
32 39 1.0
44 40 1.0
39 27 1.0
0 10 1.0
14 30 1.0
34 35 1.0
21 12 1.0
25 32 1.0
47 11 1.0
18 25 1.0
41 0 1.0
10 1 1.0
20 5 1.0
1 45 1.0
38 44 1.0
26 20 1.0
42 21 1.0
33 18 1.0
45 26 1.0
2 42 1.0
12 14 1.0
40 33 1.0
46 34 1.0
28 2 1.0
6 38 1.0
31 47 1.0
5 28 1.0
35 31 1.0
11 6 1.0
27 41 1.0
END
#################################################################
