#################################################################
#APDM Input Graph, this input graph includes 3 sections:
#section1 : general information
#section2 : nodes
#section3 : edges
#section4 : trueSubGraph (Optional)
#
#if nodes haven't information set weight to null
#################################################################
SECTION1 (General Information)
numNodes = 50
numEdges = 243
usedAlgorithm = Test
dataSource = RandomData
END
#################################################################
SECTION2 (Nodes Information)
NodeID Weight 
0 0.121531
1 0.846058
2 0.859738
3 0.400696
4 0.604195
5 0.687861
6 0.204004
7 0.343149
8 0.554310
9 0.550514
10 0.781796
11 1.000000
12 0.431721
13 0.884423
14 0.727012
15 0.345682
16 0.790673
17 0.553189
18 0.401538
19 0.566925
20 0.976999
21 1.000000
22 0.772433
23 0.702214
24 0.873654
25 0.393731
26 0.694768
27 1.000000
28 0.528611
29 0.945411
30 1.000000
31 0.727774
32 1.000000
33 0.529531
34 0.025623
35 0.527563
36 0.653702
37 0.715517
38 0.748309
39 0.930421
40 0.607274
41 0.821029
42 0.468696
43 0.844838
44 0.607527
45 1.000000
46 0.720816
47 1.000000
48 0.098427
49 0.799296
END
#################################################################
SECTION3 (Edges Information)
EndPoint0 EndPoint1 Weight
0 19 1.000000
0 36 1.000000
0 37 1.000000
0 29 1.000000
0 43 1.000000
1 36 1.000000
1 46 1.000000
1 22 1.000000
1 29 1.000000
1 0 1.000000
2 14 1.000000
2 27 1.000000
2 39 1.000000
2 31 1.000000
2 30 1.000000
3 46 1.000000
3 1 1.000000
3 4 1.000000
3 40 1.000000
3 45 1.000000
4 31 1.000000
4 2 1.000000
4 41 1.000000
4 46 1.000000
4 22 1.000000
5 33 1.000000
5 10 1.000000
5 46 1.000000
5 23 1.000000
6 28 1.000000
6 40 1.000000
6 44 1.000000
6 27 1.000000
6 2 1.000000
7 28 1.000000
7 29 1.000000
7 37 1.000000
7 45 1.000000
7 19 1.000000
8 31 1.000000
8 2 1.000000
8 11 1.000000
8 29 1.000000
9 18 1.000000
9 41 1.000000
9 44 1.000000
9 28 1.000000
9 21 1.000000
10 39 1.000000
10 28 1.000000
10 14 1.000000
10 47 1.000000
11 47 1.000000
11 35 1.000000
11 41 1.000000
11 32 1.000000
11 45 1.000000
12 6 1.000000
12 2 1.000000
12 21 1.000000
12 23 1.000000
12 45 1.000000
13 45 1.000000
13 2 1.000000
13 7 1.000000
13 1 1.000000
13 39 1.000000
14 31 1.000000
14 22 1.000000
14 30 1.000000
14 29 1.000000
14 0 1.000000
15 13 1.000000
15 14 1.000000
15 21 1.000000
15 2 1.000000
15 32 1.000000
16 22 1.000000
16 45 1.000000
16 29 1.000000
16 40 1.000000
16 19 1.000000
17 22 1.000000
17 32 1.000000
17 46 1.000000
17 30 1.000000
17 31 1.000000
18 8 1.000000
18 45 1.000000
18 25 1.000000
18 30 1.000000
18 39 1.000000
19 48 1.000000
19 35 1.000000
19 28 1.000000
19 18 1.000000
19 39 1.000000
20 24 1.000000
20 18 1.000000
20 21 1.000000
20 23 1.000000
20 31 1.000000
21 1 1.000000
21 13 1.000000
21 40 1.000000
21 28 1.000000
21 22 1.000000
22 13 1.000000
22 46 1.000000
22 30 1.000000
22 9 1.000000
22 2 1.000000
23 9 1.000000
23 35 1.000000
23 19 1.000000
23 32 1.000000
23 14 1.000000
24 22 1.000000
24 8 1.000000
24 45 1.000000
24 44 1.000000
24 33 1.000000
25 21 1.000000
25 2 1.000000
25 11 1.000000
25 35 1.000000
25 30 1.000000
26 27 1.000000
26 43 1.000000
26 38 1.000000
26 44 1.000000
26 28 1.000000
27 26 1.000000
27 33 1.000000
27 2 1.000000
27 28 1.000000
27 24 1.000000
28 43 1.000000
28 26 1.000000
28 45 1.000000
28 8 1.000000
28 47 1.000000
29 39 1.000000
29 22 1.000000
29 5 1.000000
29 2 1.000000
29 3 1.000000
30 41 1.000000
30 48 1.000000
30 40 1.000000
30 42 1.000000
30 2 1.000000
31 46 1.000000
31 33 1.000000
31 36 1.000000
31 2 1.000000
31 1 1.000000
32 13 1.000000
32 8 1.000000
32 10 1.000000
32 33 1.000000
32 40 1.000000
33 1 1.000000
33 47 1.000000
33 8 1.000000
33 36 1.000000
33 39 1.000000
34 46 1.000000
34 21 1.000000
34 11 1.000000
34 35 1.000000
34 33 1.000000
35 14 1.000000
35 11 1.000000
35 21 1.000000
35 30 1.000000
35 48 1.000000
36 35 1.000000
36 3 1.000000
36 41 1.000000
36 9 1.000000
37 30 1.000000
37 17 1.000000
37 36 1.000000
37 14 1.000000
37 46 1.000000
38 46 1.000000
38 36 1.000000
38 15 1.000000
38 19 1.000000
39 10 1.000000
39 26 1.000000
39 21 1.000000
39 8 1.000000
39 40 1.000000
40 21 1.000000
40 28 1.000000
40 36 1.000000
40 41 1.000000
40 19 1.000000
41 10 1.000000
41 7 1.000000
41 13 1.000000
42 37 1.000000
42 8 1.000000
42 33 1.000000
42 30 1.000000
42 26 1.000000
43 39 1.000000
43 30 1.000000
43 15 1.000000
43 44 1.000000
43 21 1.000000
44 1 1.000000
44 10 1.000000
44 27 1.000000
44 8 1.000000
44 15 1.000000
45 39 1.000000
45 3 1.000000
45 35 1.000000
45 11 1.000000
45 27 1.000000
46 22 1.000000
46 21 1.000000
46 13 1.000000
46 14 1.000000
46 32 1.000000
47 13 1.000000
47 26 1.000000
47 17 1.000000
47 19 1.000000
47 7 1.000000
48 40 1.000000
48 46 1.000000
48 11 1.000000
48 18 1.000000
48 41 1.000000
49 36 1.000000
49 14 1.000000
49 20 1.000000
49 19 1.000000
49 32 1.000000
END
#################################################################
SECTION4 (TrueSubGraph Information)
EndPoint0 EndPoint1 Weight
23 24 1.0
44 28 1.0
47 32 1.0
29 47 1.0
30 21 1.0
21 27 1.0
35 2 1.0
9 30 1.0
1 11 1.0
24 22 1.0
39 46 1.0
43 19 1.0
28 41 1.0
36 31 1.0
11 43 1.0
13 23 1.0
27 45 1.0
33 10 1.0
45 26 1.0
8 35 1.0
2 40 1.0
32 1 1.0
14 44 1.0
10 14 1.0
40 13 1.0
26 39 1.0
46 29 1.0
19 36 1.0
31 33 1.0
41 8 1.0
END
#################################################################
