#################################################################
#APDM Input Graph, this input graph includes 3 sections:
#section1 : general information
#section2 : nodes
#section3 : edges
#section4 : trueSubGraph (Optional)
#
#if nodes haven't information set weight to null
#################################################################
SECTION1 (General Information)
numNodes = 100
numEdges = 400
usedAlgorithm = Test
dataSource = RandomData
END
#################################################################
SECTION2 (Nodes Information)
NodeID Weight 
0 0.444174
1 0.369227
2 1.000000
3 0.372559
4 0.422782
5 0.275734
6 0.208186
7 0.615016
8 0.656282
9 0.798749
10 0.663910
11 0.376760
12 1.000000
13 0.211914
14 0.208286
15 0.837965
16 0.537212
17 0.633507
18 0.077013
19 0.054841
20 0.941302
21 0.876205
22 0.542004
23 0.462306
24 0.327503
25 0.527023
26 0.861006
27 0.547931
28 0.867399
29 1.000000
30 1.000000
31 0.901426
32 0.470287
33 0.521881
34 0.128964
35 0.340971
36 0.905508
37 0.603349
38 0.940674
39 0.971056
40 0.373425
41 0.120512
42 0.211765
43 0.836029
44 0.158287
45 0.874445
46 1.000000
47 0.299402
48 0.407285
49 0.881193
50 0.992255
51 0.901008
52 1.000000
53 1.000000
54 0.156983
55 0.722443
56 0.876466
57 1.000000
58 0.468234
59 0.725789
60 0.190454
61 1.000000
62 0.215176
63 1.000000
64 0.953743
65 0.059751
66 0.845047
67 0.567846
68 0.950745
69 0.872304
70 0.523123
71 0.909612
72 1.000000
73 0.730933
74 0.208548
75 0.219347
76 0.778469
77 0.038008
78 0.948108
79 1.000000
80 0.459981
81 1.000000
82 0.079240
83 0.777794
84 0.701298
85 0.120346
86 0.429112
87 0.337829
88 1.000000
89 1.000000
90 0.398356
91 1.000000
92 0.680834
93 0.641846
94 0.026029
95 1.000000
96 0.156267
97 0.704811
98 0.746664
99 0.686943
END
#################################################################
SECTION3 (Edges Information)
EndPoint0 EndPoint1 Weight
0 6 1.000000
1 95 1.000000
1 79 1.000000
2 37 1.000000
2 92 1.000000
2 95 1.000000
2 70 1.000000
2 81 1.000000
2 9 1.000000
2 3 1.000000
2 79 1.000000
2 41 1.000000
2 11 1.000000
3 10 1.000000
3 31 1.000000
3 58 1.000000
4 97 1.000000
4 30 1.000000
5 82 1.000000
5 46 1.000000
6 66 1.000000
6 49 1.000000
6 95 1.000000
7 20 1.000000
7 83 1.000000
7 89 1.000000
8 3 1.000000
8 44 1.000000
8 19 1.000000
9 55 1.000000
9 88 1.000000
9 45 1.000000
9 79 1.000000
9 18 1.000000
10 57 1.000000
10 55 1.000000
10 90 1.000000
10 45 1.000000
10 66 1.000000
10 61 1.000000
11 76 1.000000
12 52 1.000000
12 99 1.000000
12 24 1.000000
12 82 1.000000
12 2 1.000000
12 27 1.000000
12 29 1.000000
13 98 1.000000
13 85 1.000000
13 17 1.000000
13 99 1.000000
14 7 1.000000
14 96 1.000000
14 67 1.000000
15 31 1.000000
15 43 1.000000
15 41 1.000000
15 58 1.000000
15 72 1.000000
15 56 1.000000
15 33 1.000000
16 95 1.000000
17 99 1.000000
18 15 1.000000
18 50 1.000000
18 64 1.000000
19 94 1.000000
20 92 1.000000
20 57 1.000000
20 13 1.000000
20 95 1.000000
20 21 1.000000
21 10 1.000000
21 2 1.000000
21 30 1.000000
21 95 1.000000
21 35 1.000000
21 61 1.000000
21 25 1.000000
21 15 1.000000
21 39 1.000000
22 5 1.000000
22 97 1.000000
23 9 1.000000
24 81 1.000000
24 82 1.000000
25 60 1.000000
26 63 1.000000
27 53 1.000000
27 71 1.000000
27 46 1.000000
28 53 1.000000
29 61 1.000000
29 91 1.000000
29 92 1.000000
29 37 1.000000
29 7 1.000000
29 2 1.000000
29 64 1.000000
29 18 1.000000
29 45 1.000000
30 72 1.000000
30 71 1.000000
30 7 1.000000
30 52 1.000000
30 34 1.000000
30 12 1.000000
31 55 1.000000
31 15 1.000000
31 0 1.000000
32 28 1.000000
33 75 1.000000
33 62 1.000000
33 98 1.000000
34 66 1.000000
35 85 1.000000
35 18 1.000000
35 95 1.000000
35 72 1.000000
36 70 1.000000
36 15 1.000000
37 53 1.000000
37 2 1.000000
37 55 1.000000
37 15 1.000000
37 40 1.000000
37 27 1.000000
37 71 1.000000
37 62 1.000000
37 63 1.000000
37 68 1.000000
37 48 1.000000
38 95 1.000000
39 51 1.000000
39 29 1.000000
40 37 1.000000
40 96 1.000000
40 59 1.000000
40 83 1.000000
40 55 1.000000
41 21 1.000000
41 72 1.000000
41 68 1.000000
42 66 1.000000
43 83 1.000000
44 88 1.000000
44 12 1.000000
45 71 1.000000
45 9 1.000000
45 14 1.000000
45 15 1.000000
45 97 1.000000
45 23 1.000000
45 87 1.000000
45 2 1.000000
45 36 1.000000
45 92 1.000000
45 89 1.000000
46 95 1.000000
46 70 1.000000
46 5 1.000000
46 58 1.000000
46 61 1.000000
46 9 1.000000
46 39 1.000000
47 80 1.000000
48 49 1.000000
49 61 1.000000
49 57 1.000000
49 35 1.000000
49 32 1.000000
49 24 1.000000
50 80 1.000000
50 89 1.000000
51 97 1.000000
51 83 1.000000
51 72 1.000000
51 21 1.000000
51 80 1.000000
51 89 1.000000
52 70 1.000000
52 12 1.000000
52 68 1.000000
52 46 1.000000
52 89 1.000000
52 60 1.000000
53 89 1.000000
53 37 1.000000
53 94 1.000000
53 22 1.000000
53 74 1.000000
53 89 1.000000
53 35 1.000000
53 72 1.000000
53 52 1.000000
54 30 1.000000
55 10 1.000000
55 72 1.000000
55 77 1.000000
55 61 1.000000
55 45 1.000000
55 12 1.000000
55 91 1.000000
55 1 1.000000
55 2 1.000000
56 69 1.000000
57 20 1.000000
57 10 1.000000
57 21 1.000000
57 31 1.000000
57 12 1.000000
57 89 1.000000
57 84 1.000000
58 14 1.000000
58 73 1.000000
58 45 1.000000
58 13 1.000000
58 2 1.000000
59 29 1.000000
60 96 1.000000
60 51 1.000000
60 65 1.000000
61 49 1.000000
61 29 1.000000
61 72 1.000000
61 57 1.000000
61 53 1.000000
61 35 1.000000
61 51 1.000000
61 45 1.000000
61 6 1.000000
61 9 1.000000
61 33 1.000000
61 70 1.000000
61 81 1.000000
62 21 1.000000
62 61 1.000000
62 87 1.000000
63 79 1.000000
63 81 1.000000
63 95 1.000000
63 14 1.000000
63 21 1.000000
63 30 1.000000
63 46 1.000000
63 58 1.000000
64 71 1.000000
64 29 1.000000
65 20 1.000000
65 68 1.000000
66 61 1.000000
66 88 1.000000
66 38 1.000000
66 75 1.000000
66 47 1.000000
67 83 1.000000
67 20 1.000000
68 52 1.000000
68 71 1.000000
68 53 1.000000
68 10 1.000000
68 70 1.000000
68 20 1.000000
69 60 1.000000
70 46 1.000000
70 52 1.000000
70 9 1.000000
70 50 1.000000
70 68 1.000000
70 58 1.000000
70 37 1.000000
70 2 1.000000
70 63 1.000000
71 30 1.000000
71 45 1.000000
71 57 1.000000
71 70 1.000000
71 83 1.000000
71 62 1.000000
71 3 1.000000
71 85 1.000000
72 55 1.000000
72 30 1.000000
72 37 1.000000
72 41 1.000000
72 83 1.000000
72 42 1.000000
72 55 1.000000
72 65 1.000000
72 1 1.000000
72 21 1.000000
73 20 1.000000
74 4 1.000000
74 77 1.000000
75 52 1.000000
75 13 1.000000
76 93 1.000000
77 37 1.000000
77 63 1.000000
78 72 1.000000
79 91 1.000000
79 63 1.000000
79 29 1.000000
79 9 1.000000
79 8 1.000000
80 61 1.000000
80 40 1.000000
80 72 1.000000
80 16 1.000000
80 63 1.000000
81 63 1.000000
81 88 1.000000
81 2 1.000000
81 13 1.000000
81 97 1.000000
81 53 1.000000
81 49 1.000000
82 53 1.000000
82 40 1.000000
82 2 1.000000
83 51 1.000000
83 89 1.000000
83 61 1.000000
83 37 1.000000
83 72 1.000000
83 70 1.000000
83 86 1.000000
83 81 1.000000
84 61 1.000000
84 89 1.000000
85 98 1.000000
85 4 1.000000
85 83 1.000000
85 87 1.000000
85 45 1.000000
86 44 1.000000
87 10 1.000000
87 29 1.000000
87 88 1.000000
88 81 1.000000
88 95 1.000000
88 85 1.000000
88 22 1.000000
88 40 1.000000
88 71 1.000000
88 63 1.000000
88 78 1.000000
89 83 1.000000
89 53 1.000000
89 55 1.000000
89 29 1.000000
89 26 1.000000
89 88 1.000000
89 70 1.000000
89 15 1.000000
89 21 1.000000
89 36 1.000000
90 37 1.000000
90 33 1.000000
91 29 1.000000
91 79 1.000000
91 53 1.000000
92 2 1.000000
92 20 1.000000
92 84 1.000000
92 90 1.000000
94 68 1.000000
94 6 1.000000
95 88 1.000000
95 46 1.000000
95 85 1.000000
95 66 1.000000
95 61 1.000000
95 51 1.000000
95 71 1.000000
95 80 1.000000
95 16 1.000000
95 12 1.000000
95 63 1.000000
95 67 1.000000
95 54 1.000000
95 10 1.000000
95 74 1.000000
96 80 1.000000
96 45 1.000000
96 29 1.000000
97 99 1.000000
97 51 1.000000
97 27 1.000000
97 57 1.000000
97 46 1.000000
97 95 1.000000
98 8 1.000000
98 45 1.000000
98 40 1.000000
99 12 1.000000
99 97 1.000000
99 8 1.000000
99 57 1.000000
END
#################################################################
SECTION4 (TrueSubGraph Information)
EndPoint0 EndPoint1 Weight
92 20 1.0
72 30 1.0
99 97 1.0
53 37 1.0
37 2 1.0
49 61 1.0
20 57 1.0
95 46 1.0
55 72 1.0
83 89 1.0
12 99 1.0
10 55 1.0
29 91 1.0
57 10 1.0
63 81 1.0
81 88 1.0
89 53 1.0
46 70 1.0
70 52 1.0
61 29 1.0
88 95 1.0
97 51 1.0
30 71 1.0
45 21 1.0
71 45 1.0
91 79 1.0
51 83 1.0
79 63 1.0
52 12 1.0
2 92 1.0
END
#################################################################
