#################################################################
#APDM Input Graph, this input graph includes 3 sections:
#section1 : general information
#section2 : nodes
#section3 : edges
#section4 : trueSubGraph (Optional)
#
#if nodes haven't information set weight to null
#################################################################
SECTION1 (General Information)
numNodes = 100
numEdges = 467
usedAlgorithm = Test
dataSource = RandomData
END
#################################################################
SECTION2 (Nodes Information)
NodeID Weight 
0 1.000000
1 1.000000
2 0.746580
3 0.642812
4 0.769778
5 1.000000
6 0.688337
7 0.977473
8 1.000000
9 0.788840
10 1.000000
11 0.916161
12 1.000000
13 1.000000
14 0.508925
15 1.000000
16 0.729986
17 1.000000
18 0.893708
19 0.979673
20 0.626882
21 0.700306
22 1.000000
23 0.658999
24 0.666105
25 0.986486
26 0.682758
27 1.000000
28 0.656380
29 0.980370
30 0.998225
31 0.958323
32 1.000000
33 0.844351
34 1.000000
35 1.000000
36 1.000000
37 1.000000
38 1.000000
39 1.000000
40 1.000000
41 1.000000
42 1.000000
43 1.000000
44 0.908915
45 1.000000
46 0.691697
47 1.000000
48 1.000000
49 0.577875
50 0.823899
51 0.735785
52 1.000000
53 1.000000
54 1.000000
55 1.000000
56 1.000000
57 1.000000
58 0.975747
59 0.988698
60 1.000000
61 0.883724
62 1.000000
63 1.000000
64 1.000000
65 1.000000
66 0.843175
67 1.000000
68 0.620247
69 1.000000
70 1.000000
71 1.000000
72 1.000000
73 0.996001
74 1.000000
75 1.000000
76 0.574282
77 1.000000
78 1.000000
79 1.000000
80 0.799827
81 1.000000
82 1.000000
83 1.000000
84 0.902330
85 0.751821
86 0.824496
87 0.594555
88 0.793771
89 0.919551
90 1.000000
91 1.000000
92 0.791717
93 1.000000
94 1.000000
95 1.000000
96 0.648468
97 1.000000
98 0.804867
99 0.562183
END
#################################################################
SECTION3 (Edges Information)
EndPoint0 EndPoint1 Weight
0 1 1.000000
0 78 1.000000
0 15 1.000000
0 51 1.000000
1 0 1.000000
1 2 1.000000
1 74 1.000000
1 4 1.000000
2 1 1.000000
2 3 1.000000
2 35 1.000000
2 76 1.000000
2 64 1.000000
2 75 1.000000
2 87 1.000000
3 2 1.000000
3 4 1.000000
3 58 1.000000
3 20 1.000000
3 14 1.000000
4 3 1.000000
4 5 1.000000
4 76 1.000000
4 84 1.000000
4 41 1.000000
4 25 1.000000
5 4 1.000000
5 6 1.000000
5 45 1.000000
5 38 1.000000
5 29 1.000000
5 92 1.000000
6 5 1.000000
6 7 1.000000
6 91 1.000000
6 32 1.000000
6 62 1.000000
6 46 1.000000
6 41 1.000000
7 6 1.000000
7 8 1.000000
7 84 1.000000
7 72 1.000000
8 7 1.000000
8 9 1.000000
8 72 1.000000
8 88 1.000000
8 14 1.000000
8 38 1.000000
8 0 1.000000
9 8 1.000000
9 10 1.000000
9 65 1.000000
9 6 1.000000
10 9 1.000000
10 11 1.000000
10 77 1.000000
10 98 1.000000
11 10 1.000000
11 12 1.000000
11 0 1.000000
11 39 1.000000
11 25 1.000000
12 11 1.000000
12 13 1.000000
12 22 1.000000
12 87 1.000000
12 38 1.000000
13 12 1.000000
13 14 1.000000
13 98 1.000000
13 4 1.000000
14 13 1.000000
14 15 1.000000
14 26 1.000000
14 54 1.000000
14 61 1.000000
14 99 1.000000
14 72 1.000000
14 25 1.000000
15 14 1.000000
15 16 1.000000
15 29 1.000000
15 49 1.000000
15 75 1.000000
15 35 1.000000
16 15 1.000000
16 17 1.000000
16 12 1.000000
16 70 1.000000
17 16 1.000000
17 18 1.000000
17 66 1.000000
18 17 1.000000
18 19 1.000000
18 49 1.000000
18 22 1.000000
18 26 1.000000
18 44 1.000000
19 18 1.000000
19 20 1.000000
19 60 1.000000
19 7 1.000000
20 19 1.000000
20 21 1.000000
20 38 1.000000
20 70 1.000000
20 79 1.000000
20 94 1.000000
20 3 1.000000
20 78 1.000000
21 20 1.000000
21 22 1.000000
21 96 1.000000
21 34 1.000000
21 40 1.000000
21 13 1.000000
22 21 1.000000
22 23 1.000000
22 81 1.000000
22 58 1.000000
22 2 1.000000
22 50 1.000000
23 22 1.000000
23 24 1.000000
23 83 1.000000
23 22 1.000000
23 61 1.000000
23 18 1.000000
23 14 1.000000
23 25 1.000000
24 23 1.000000
24 25 1.000000
24 64 1.000000
25 24 1.000000
25 26 1.000000
25 14 1.000000
25 27 1.000000
25 10 1.000000
25 63 1.000000
25 50 1.000000
25 47 1.000000
26 25 1.000000
26 27 1.000000
26 42 1.000000
26 30 1.000000
26 86 1.000000
27 26 1.000000
27 28 1.000000
27 8 1.000000
27 62 1.000000
27 23 1.000000
28 27 1.000000
28 29 1.000000
28 46 1.000000
28 62 1.000000
29 28 1.000000
29 30 1.000000
29 47 1.000000
29 60 1.000000
29 85 1.000000
30 29 1.000000
30 31 1.000000
30 38 1.000000
30 48 1.000000
30 35 1.000000
30 14 1.000000
30 2 1.000000
31 30 1.000000
31 32 1.000000
31 35 1.000000
31 26 1.000000
32 31 1.000000
32 33 1.000000
32 81 1.000000
32 16 1.000000
32 45 1.000000
33 32 1.000000
33 34 1.000000
33 77 1.000000
33 87 1.000000
33 5 1.000000
34 33 1.000000
34 35 1.000000
34 75 1.000000
34 19 1.000000
34 44 1.000000
35 34 1.000000
35 36 1.000000
35 52 1.000000
35 25 1.000000
35 46 1.000000
35 88 1.000000
35 72 1.000000
36 35 1.000000
36 37 1.000000
36 5 1.000000
36 18 1.000000
36 49 1.000000
37 36 1.000000
37 38 1.000000
37 50 1.000000
37 45 1.000000
37 69 1.000000
37 86 1.000000
38 37 1.000000
38 39 1.000000
38 33 1.000000
38 15 1.000000
38 52 1.000000
38 98 1.000000
38 63 1.000000
39 38 1.000000
39 40 1.000000
39 69 1.000000
39 59 1.000000
40 39 1.000000
40 41 1.000000
40 72 1.000000
41 40 1.000000
41 42 1.000000
41 39 1.000000
41 43 1.000000
42 41 1.000000
42 43 1.000000
42 2 1.000000
42 57 1.000000
43 42 1.000000
43 44 1.000000
43 88 1.000000
43 23 1.000000
44 43 1.000000
44 45 1.000000
44 96 1.000000
44 30 1.000000
44 6 1.000000
45 44 1.000000
45 46 1.000000
45 11 1.000000
45 75 1.000000
45 56 1.000000
46 45 1.000000
46 47 1.000000
46 23 1.000000
46 18 1.000000
46 12 1.000000
47 46 1.000000
47 48 1.000000
47 98 1.000000
47 77 1.000000
48 47 1.000000
48 49 1.000000
48 51 1.000000
49 48 1.000000
49 50 1.000000
49 5 1.000000
49 59 1.000000
49 45 1.000000
50 49 1.000000
50 51 1.000000
50 3 1.000000
50 0 1.000000
50 58 1.000000
50 30 1.000000
50 76 1.000000
50 92 1.000000
51 50 1.000000
51 52 1.000000
51 32 1.000000
51 22 1.000000
52 51 1.000000
52 53 1.000000
52 65 1.000000
52 30 1.000000
53 52 1.000000
53 54 1.000000
54 53 1.000000
54 55 1.000000
54 62 1.000000
54 50 1.000000
54 20 1.000000
55 54 1.000000
55 56 1.000000
55 35 1.000000
56 55 1.000000
56 57 1.000000
57 56 1.000000
57 58 1.000000
57 28 1.000000
57 70 1.000000
57 27 1.000000
57 21 1.000000
58 57 1.000000
58 59 1.000000
58 67 1.000000
58 50 1.000000
59 58 1.000000
59 60 1.000000
59 57 1.000000
59 20 1.000000
60 59 1.000000
60 61 1.000000
60 1 1.000000
61 60 1.000000
61 62 1.000000
61 97 1.000000
61 54 1.000000
62 61 1.000000
62 63 1.000000
62 32 1.000000
62 87 1.000000
62 68 1.000000
62 9 1.000000
63 62 1.000000
63 64 1.000000
63 74 1.000000
63 43 1.000000
63 31 1.000000
63 14 1.000000
64 63 1.000000
64 65 1.000000
64 23 1.000000
64 8 1.000000
65 64 1.000000
65 66 1.000000
65 84 1.000000
66 65 1.000000
66 67 1.000000
66 91 1.000000
66 63 1.000000
67 66 1.000000
67 68 1.000000
67 65 1.000000
67 49 1.000000
67 37 1.000000
68 67 1.000000
68 69 1.000000
68 6 1.000000
69 68 1.000000
69 70 1.000000
69 8 1.000000
69 37 1.000000
70 69 1.000000
70 71 1.000000
70 57 1.000000
70 54 1.000000
70 91 1.000000
70 34 1.000000
71 70 1.000000
71 72 1.000000
72 71 1.000000
72 73 1.000000
72 95 1.000000
72 20 1.000000
72 23 1.000000
72 8 1.000000
72 74 1.000000
73 72 1.000000
73 74 1.000000
73 86 1.000000
74 73 1.000000
74 75 1.000000
74 12 1.000000
74 47 1.000000
75 74 1.000000
75 76 1.000000
75 42 1.000000
75 2 1.000000
75 37 1.000000
75 38 1.000000
75 21 1.000000
76 75 1.000000
76 77 1.000000
76 72 1.000000
76 4 1.000000
76 63 1.000000
76 33 1.000000
77 76 1.000000
77 78 1.000000
77 36 1.000000
77 94 1.000000
77 0 1.000000
78 77 1.000000
78 79 1.000000
78 84 1.000000
79 78 1.000000
79 80 1.000000
79 67 1.000000
79 37 1.000000
80 79 1.000000
80 81 1.000000
81 80 1.000000
81 82 1.000000
81 20 1.000000
81 94 1.000000
81 77 1.000000
82 81 1.000000
82 83 1.000000
83 82 1.000000
83 84 1.000000
84 83 1.000000
84 85 1.000000
84 2 1.000000
84 34 1.000000
84 31 1.000000
85 84 1.000000
85 86 1.000000
85 50 1.000000
85 21 1.000000
85 73 1.000000
86 85 1.000000
86 87 1.000000
86 79 1.000000
86 55 1.000000
86 36 1.000000
86 8 1.000000
87 86 1.000000
87 88 1.000000
87 65 1.000000
87 44 1.000000
87 29 1.000000
87 36 1.000000
87 96 1.000000
88 87 1.000000
88 89 1.000000
88 81 1.000000
88 6 1.000000
88 86 1.000000
89 88 1.000000
89 90 1.000000
89 67 1.000000
89 70 1.000000
90 89 1.000000
90 91 1.000000
90 29 1.000000
90 75 1.000000
91 90 1.000000
91 92 1.000000
91 81 1.000000
91 64 1.000000
92 91 1.000000
92 93 1.000000
92 89 1.000000
93 92 1.000000
93 94 1.000000
94 93 1.000000
94 95 1.000000
94 35 1.000000
94 33 1.000000
94 90 1.000000
95 94 1.000000
95 96 1.000000
95 87 1.000000
96 95 1.000000
96 97 1.000000
96 75 1.000000
96 15 1.000000
97 96 1.000000
97 98 1.000000
97 26 1.000000
98 97 1.000000
98 99 1.000000
98 11 1.000000
98 85 1.000000
98 90 1.000000
99 98 1.000000
99 85 1.000000
END
#################################################################
SECTION4 (TrueSubGraph Information)
EndPoint0 EndPoint1 Weight
78 74 1.0
15 78 1.0
74 35 1.0
84 72 1.0
27 8 1.0
46 47 1.0
76 45 1.0
91 84 1.0
81 83 1.0
66 49 1.0
65 77 1.0
49 60 1.0
26 29 1.0
0 22 1.0
12 66 1.0
8 46 1.0
29 12 1.0
14 27 1.0
96 81 1.0
64 14 1.0
22 98 1.0
60 38 1.0
83 64 1.0
35 58 1.0
98 26 1.0
45 91 1.0
58 76 1.0
38 96 1.0
72 65 1.0
77 0 1.0
END
#################################################################
