#################################################################
#APDM Input Graph, this input graph includes 3 sections:
#section1 : general information
#section2 : nodes
#section3 : edges
#section4 : trueSubGraph (Optional)
#
#if nodes haven't information set weight to null
#################################################################
SECTION1 (General Information)
numNodes = 50
numEdges = 244
usedAlgorithm = Test
dataSource = RandomData
END
#################################################################
SECTION2 (Nodes Information)
NodeID Weight 
0 0.314545
1 0.707182
2 1.000000
3 1.000000
4 0.625437
5 1.000000
6 0.965908
7 0.302541
8 0.411850
9 0.942994
10 0.593838
11 1.000000
12 0.371920
13 1.000000
14 0.110162
15 1.000000
16 0.700527
17 0.891237
18 0.809021
19 0.064988
20 0.206247
21 1.000000
22 1.000000
23 1.000000
24 1.000000
25 0.761464
26 0.990752
27 1.000000
28 1.000000
29 0.590922
30 1.000000
31 1.000000
32 1.000000
33 0.399265
34 1.000000
35 0.356748
36 0.853392
37 0.801246
38 1.000000
39 1.000000
40 0.907679
41 0.980640
42 0.983944
43 0.549624
44 0.828784
45 1.000000
46 1.000000
47 1.000000
48 0.764661
49 1.000000
END
#################################################################
SECTION3 (Edges Information)
EndPoint0 EndPoint1 Weight
0 49 1.000000
0 27 1.000000
0 4 1.000000
0 22 1.000000
0 32 1.000000
1 2 1.000000
1 47 1.000000
1 42 1.000000
1 10 1.000000
1 31 1.000000
2 3 1.000000
2 30 1.000000
2 28 1.000000
2 40 1.000000
2 11 1.000000
3 7 1.000000
3 4 1.000000
3 49 1.000000
3 48 1.000000
3 1 1.000000
4 48 1.000000
4 28 1.000000
4 47 1.000000
4 16 1.000000
4 10 1.000000
5 32 1.000000
5 18 1.000000
5 0 1.000000
5 10 1.000000
5 28 1.000000
6 43 1.000000
6 2 1.000000
6 3 1.000000
6 4 1.000000
6 33 1.000000
7 39 1.000000
7 36 1.000000
7 41 1.000000
7 29 1.000000
7 49 1.000000
8 46 1.000000
8 25 1.000000
8 37 1.000000
8 2 1.000000
9 29 1.000000
9 4 1.000000
9 34 1.000000
9 26 1.000000
9 19 1.000000
10 30 1.000000
10 41 1.000000
10 47 1.000000
10 32 1.000000
10 42 1.000000
11 15 1.000000
11 31 1.000000
11 39 1.000000
11 40 1.000000
12 7 1.000000
12 34 1.000000
12 45 1.000000
12 44 1.000000
12 49 1.000000
13 1 1.000000
13 32 1.000000
13 40 1.000000
13 34 1.000000
14 29 1.000000
14 18 1.000000
14 46 1.000000
14 36 1.000000
14 41 1.000000
15 24 1.000000
15 36 1.000000
15 49 1.000000
15 11 1.000000
15 44 1.000000
16 41 1.000000
16 44 1.000000
16 49 1.000000
16 47 1.000000
16 17 1.000000
17 26 1.000000
17 36 1.000000
17 39 1.000000
17 1 1.000000
17 22 1.000000
18 2 1.000000
18 41 1.000000
18 46 1.000000
18 11 1.000000
18 0 1.000000
19 25 1.000000
19 27 1.000000
19 15 1.000000
19 40 1.000000
19 33 1.000000
20 18 1.000000
20 0 1.000000
20 45 1.000000
20 17 1.000000
20 47 1.000000
21 39 1.000000
21 31 1.000000
21 15 1.000000
21 42 1.000000
21 2 1.000000
22 24 1.000000
22 23 1.000000
22 16 1.000000
22 2 1.000000
22 36 1.000000
23 3 1.000000
23 18 1.000000
23 15 1.000000
23 33 1.000000
23 48 1.000000
24 44 1.000000
24 10 1.000000
24 8 1.000000
24 22 1.000000
24 38 1.000000
25 47 1.000000
25 0 1.000000
25 14 1.000000
25 20 1.000000
25 8 1.000000
26 38 1.000000
26 3 1.000000
26 37 1.000000
26 49 1.000000
26 9 1.000000
27 23 1.000000
27 44 1.000000
27 41 1.000000
27 6 1.000000
27 3 1.000000
28 43 1.000000
28 8 1.000000
28 3 1.000000
28 26 1.000000
28 41 1.000000
29 45 1.000000
29 9 1.000000
29 2 1.000000
29 30 1.000000
29 33 1.000000
30 44 1.000000
30 27 1.000000
30 31 1.000000
30 5 1.000000
30 9 1.000000
31 45 1.000000
31 26 1.000000
31 32 1.000000
31 1 1.000000
31 23 1.000000
32 37 1.000000
32 22 1.000000
32 38 1.000000
32 29 1.000000
32 5 1.000000
33 25 1.000000
33 22 1.000000
33 27 1.000000
33 30 1.000000
33 40 1.000000
34 44 1.000000
34 30 1.000000
34 13 1.000000
34 2 1.000000
34 3 1.000000
35 30 1.000000
35 49 1.000000
35 12 1.000000
35 25 1.000000
36 17 1.000000
36 23 1.000000
36 16 1.000000
36 10 1.000000
36 33 1.000000
37 45 1.000000
37 13 1.000000
37 40 1.000000
37 18 1.000000
37 24 1.000000
38 6 1.000000
38 36 1.000000
38 44 1.000000
38 40 1.000000
38 46 1.000000
39 44 1.000000
39 18 1.000000
39 24 1.000000
39 11 1.000000
39 29 1.000000
40 26 1.000000
40 1 1.000000
40 34 1.000000
40 47 1.000000
41 38 1.000000
41 3 1.000000
41 44 1.000000
41 27 1.000000
41 35 1.000000
42 49 1.000000
42 15 1.000000
42 2 1.000000
42 43 1.000000
42 12 1.000000
43 3 1.000000
43 16 1.000000
43 38 1.000000
43 13 1.000000
43 2 1.000000
44 7 1.000000
44 27 1.000000
44 49 1.000000
44 1 1.000000
44 19 1.000000
45 32 1.000000
45 38 1.000000
45 19 1.000000
45 3 1.000000
45 17 1.000000
46 37 1.000000
46 30 1.000000
46 25 1.000000
46 28 1.000000
47 0 1.000000
47 7 1.000000
47 21 1.000000
47 39 1.000000
47 23 1.000000
48 15 1.000000
48 28 1.000000
48 40 1.000000
48 36 1.000000
48 4 1.000000
49 37 1.000000
49 30 1.000000
49 28 1.000000
49 21 1.000000
49 44 1.000000
END
#################################################################
SECTION4 (TrueSubGraph Information)
EndPoint0 EndPoint1 Weight
49 3 1.0
47 48 1.0
41 49 1.0
22 2 1.0
38 30 1.0
37 46 1.0
21 18 1.0
46 47 1.0
44 24 1.0
40 15 1.0
5 25 1.0
2 45 1.0
48 32 1.0
15 1 1.0
25 26 1.0
27 28 1.0
13 44 1.0
1 41 1.0
28 40 1.0
45 23 1.0
39 38 1.0
18 27 1.0
23 21 1.0
11 5 1.0
24 34 1.0
30 37 1.0
32 31 1.0
34 22 1.0
26 39 1.0
3 11 1.0
END
#################################################################
