#################################################################
#APDM Input Graph, this input graph includes 3 sections:
#section1 : general information
#section2 : nodes
#section3 : edges
#section4 : trueSubGraph (Optional)
#
#if nodes haven't information set weight to null
#################################################################
SECTION1 (General Information)
numNodes = 50
numEdges = 241
usedAlgorithm = Test
dataSource = RandomData
END
#################################################################
SECTION2 (Nodes Information)
NodeID Weight 
0 1.000000
1 0.385880
2 1.000000
3 1.000000
4 1.000000
5 1.000000
6 0.823021
7 0.704308
8 0.750685
9 0.440449
10 1.000000
11 0.615828
12 0.429536
13 0.863732
14 0.017336
15 1.000000
16 0.675138
17 0.223094
18 0.026470
19 1.000000
20 1.000000
21 1.000000
22 1.000000
23 1.000000
24 1.000000
25 0.759445
26 0.476890
27 0.972949
28 1.000000
29 0.640356
30 0.066449
31 1.000000
32 0.787887
33 0.894286
34 0.913924
35 0.034889
36 0.050505
37 0.489973
38 0.990567
39 1.000000
40 1.000000
41 0.093119
42 0.217865
43 0.857621
44 1.000000
45 0.851544
46 0.337572
47 1.000000
48 1.000000
49 0.790311
END
#################################################################
SECTION3 (Edges Information)
EndPoint0 EndPoint1 Weight
0 45 1.000000
0 39 1.000000
0 8 1.000000
0 36 1.000000
0 3 1.000000
1 13 1.000000
1 3 1.000000
1 20 1.000000
1 10 1.000000
1 43 1.000000
2 11 1.000000
2 19 1.000000
2 38 1.000000
2 47 1.000000
2 7 1.000000
3 33 1.000000
3 30 1.000000
3 27 1.000000
3 6 1.000000
3 22 1.000000
4 30 1.000000
4 34 1.000000
4 35 1.000000
4 3 1.000000
4 2 1.000000
5 34 1.000000
5 49 1.000000
5 33 1.000000
5 24 1.000000
5 32 1.000000
6 44 1.000000
6 39 1.000000
6 19 1.000000
6 13 1.000000
7 3 1.000000
7 28 1.000000
7 2 1.000000
7 11 1.000000
7 23 1.000000
8 40 1.000000
8 38 1.000000
8 41 1.000000
8 33 1.000000
8 12 1.000000
9 47 1.000000
9 10 1.000000
9 6 1.000000
9 44 1.000000
9 38 1.000000
10 20 1.000000
10 25 1.000000
10 31 1.000000
10 39 1.000000
10 32 1.000000
11 5 1.000000
11 0 1.000000
11 4 1.000000
11 9 1.000000
11 33 1.000000
12 40 1.000000
12 25 1.000000
12 16 1.000000
12 4 1.000000
13 16 1.000000
13 31 1.000000
13 3 1.000000
13 21 1.000000
13 48 1.000000
14 23 1.000000
14 6 1.000000
14 12 1.000000
14 44 1.000000
14 20 1.000000
15 24 1.000000
15 0 1.000000
15 43 1.000000
15 20 1.000000
15 34 1.000000
16 49 1.000000
16 45 1.000000
16 40 1.000000
16 22 1.000000
16 27 1.000000
17 14 1.000000
17 36 1.000000
17 40 1.000000
17 0 1.000000
18 13 1.000000
18 20 1.000000
18 44 1.000000
18 40 1.000000
18 34 1.000000
19 14 1.000000
19 47 1.000000
19 23 1.000000
19 10 1.000000
19 16 1.000000
20 19 1.000000
20 40 1.000000
20 4 1.000000
20 27 1.000000
20 5 1.000000
21 45 1.000000
21 46 1.000000
21 22 1.000000
21 13 1.000000
21 20 1.000000
22 49 1.000000
22 28 1.000000
22 43 1.000000
22 0 1.000000
22 18 1.000000
23 35 1.000000
23 37 1.000000
23 4 1.000000
23 21 1.000000
23 36 1.000000
24 29 1.000000
24 46 1.000000
24 36 1.000000
24 21 1.000000
24 18 1.000000
25 45 1.000000
25 38 1.000000
25 6 1.000000
25 2 1.000000
25 10 1.000000
26 16 1.000000
26 40 1.000000
26 23 1.000000
26 35 1.000000
26 9 1.000000
27 2 1.000000
27 28 1.000000
27 44 1.000000
27 22 1.000000
28 10 1.000000
28 19 1.000000
28 47 1.000000
28 1 1.000000
28 42 1.000000
29 40 1.000000
29 46 1.000000
29 30 1.000000
29 43 1.000000
29 1 1.000000
30 49 1.000000
30 14 1.000000
30 46 1.000000
30 32 1.000000
30 27 1.000000
31 1 1.000000
31 32 1.000000
31 20 1.000000
31 3 1.000000
31 0 1.000000
32 31 1.000000
32 38 1.000000
32 45 1.000000
32 44 1.000000
33 29 1.000000
33 28 1.000000
33 25 1.000000
33 24 1.000000
33 43 1.000000
34 13 1.000000
34 28 1.000000
34 6 1.000000
34 39 1.000000
34 18 1.000000
35 23 1.000000
35 28 1.000000
35 4 1.000000
35 32 1.000000
35 38 1.000000
36 23 1.000000
36 28 1.000000
36 15 1.000000
36 20 1.000000
36 2 1.000000
37 38 1.000000
37 4 1.000000
37 45 1.000000
37 48 1.000000
37 43 1.000000
38 4 1.000000
38 5 1.000000
38 10 1.000000
38 39 1.000000
38 31 1.000000
39 20 1.000000
39 45 1.000000
39 48 1.000000
39 47 1.000000
40 9 1.000000
40 32 1.000000
40 0 1.000000
40 1 1.000000
40 19 1.000000
41 3 1.000000
41 38 1.000000
41 33 1.000000
41 10 1.000000
42 5 1.000000
42 15 1.000000
42 48 1.000000
42 2 1.000000
42 27 1.000000
43 2 1.000000
43 9 1.000000
43 10 1.000000
43 13 1.000000
44 24 1.000000
44 27 1.000000
44 11 1.000000
44 22 1.000000
44 48 1.000000
45 48 1.000000
45 23 1.000000
45 2 1.000000
45 43 1.000000
45 46 1.000000
46 19 1.000000
46 31 1.000000
46 11 1.000000
46 7 1.000000
46 38 1.000000
47 34 1.000000
47 1 1.000000
47 24 1.000000
47 12 1.000000
47 19 1.000000
48 29 1.000000
48 20 1.000000
48 6 1.000000
48 4 1.000000
48 28 1.000000
49 24 1.000000
49 28 1.000000
49 6 1.000000
49 38 1.000000
END
#################################################################
SECTION4 (TrueSubGraph Information)
EndPoint0 EndPoint1 Weight
4 38 1.0
19 5 1.0
33 11 1.0
6 34 1.0
40 44 1.0
34 19 1.0
24 10 1.0
11 28 1.0
28 48 1.0
47 2 1.0
38 3 1.0
16 31 1.0
31 32 1.0
5 15 1.0
0 22 1.0
3 0 1.0
2 4 1.0
21 24 1.0
44 16 1.0
15 23 1.0
49 33 1.0
20 21 1.0
48 39 1.0
43 20 1.0
27 40 1.0
23 43 1.0
32 6 1.0
22 27 1.0
10 49 1.0
39 45 1.0
END
#################################################################
