#################################################################
#APDM Input Graph, this input graph includes 3 sections:
#section1 : general information
#section2 : nodes
#section3 : edges
#section4 : trueSubGraph (Optional)
#
#if nodes haven't information set weight to null
#################################################################
SECTION1 (General Information)
numNodes = 50
numEdges = 236
usedAlgorithm = Test
dataSource = RandomData
END
#################################################################
SECTION2 (Nodes Information)
NodeID Weight 
0 0.453373
1 0.314304
2 0.233964
3 0.672949
4 0.778967
5 0.618585
6 0.565623
7 0.255687
8 0.661217
9 0.226454
10 0.800076
11 0.817374
12 0.194607
13 0.825357
14 0.782093
15 0.124402
16 0.226613
17 0.770318
18 0.958419
19 0.928158
20 0.440226
21 0.461169
22 0.127714
23 1.000000
24 0.745161
25 0.738154
26 0.259397
27 0.849737
28 0.117383
29 0.775254
30 0.553966
31 0.103623
32 0.994014
33 1.000000
34 0.312863
35 0.136626
36 0.204264
37 0.606322
38 0.887710
39 0.675258
40 0.196962
41 0.492403
42 0.486762
43 1.000000
44 0.511356
45 0.644061
46 0.830665
47 1.000000
48 0.130260
49 1.000000
END
#################################################################
SECTION3 (Edges Information)
EndPoint0 EndPoint1 Weight
0 28 1.000000
0 20 1.000000
0 5 1.000000
0 40 1.000000
0 30 1.000000
1 24 1.000000
1 46 1.000000
1 26 1.000000
1 35 1.000000
1 15 1.000000
2 27 1.000000
2 21 1.000000
2 32 1.000000
2 37 1.000000
3 37 1.000000
3 0 1.000000
3 9 1.000000
3 32 1.000000
3 40 1.000000
4 0 1.000000
4 18 1.000000
4 5 1.000000
4 27 1.000000
4 16 1.000000
5 27 1.000000
5 19 1.000000
5 35 1.000000
5 9 1.000000
5 13 1.000000
6 0 1.000000
6 20 1.000000
6 32 1.000000
6 18 1.000000
6 44 1.000000
7 4 1.000000
7 41 1.000000
7 49 1.000000
7 31 1.000000
7 38 1.000000
8 0 1.000000
8 9 1.000000
8 26 1.000000
8 28 1.000000
8 29 1.000000
9 20 1.000000
9 49 1.000000
9 19 1.000000
9 32 1.000000
9 5 1.000000
10 19 1.000000
10 11 1.000000
10 42 1.000000
10 46 1.000000
10 5 1.000000
11 15 1.000000
11 0 1.000000
11 49 1.000000
11 47 1.000000
11 44 1.000000
12 45 1.000000
12 23 1.000000
12 4 1.000000
12 20 1.000000
12 46 1.000000
13 5 1.000000
13 42 1.000000
13 20 1.000000
13 24 1.000000
13 38 1.000000
14 8 1.000000
14 33 1.000000
14 47 1.000000
14 3 1.000000
14 23 1.000000
15 4 1.000000
15 38 1.000000
15 24 1.000000
15 2 1.000000
16 27 1.000000
16 35 1.000000
16 0 1.000000
16 31 1.000000
17 4 1.000000
17 15 1.000000
17 16 1.000000
17 8 1.000000
17 18 1.000000
18 33 1.000000
18 1 1.000000
18 21 1.000000
18 24 1.000000
18 27 1.000000
19 20 1.000000
19 17 1.000000
19 32 1.000000
19 40 1.000000
19 43 1.000000
20 31 1.000000
20 34 1.000000
20 37 1.000000
20 13 1.000000
20 46 1.000000
21 37 1.000000
21 26 1.000000
21 42 1.000000
21 36 1.000000
21 6 1.000000
22 21 1.000000
22 5 1.000000
22 27 1.000000
22 47 1.000000
23 17 1.000000
23 26 1.000000
23 30 1.000000
23 24 1.000000
24 18 1.000000
24 33 1.000000
24 26 1.000000
24 49 1.000000
24 31 1.000000
25 20 1.000000
25 46 1.000000
25 4 1.000000
26 40 1.000000
26 19 1.000000
26 21 1.000000
26 9 1.000000
26 7 1.000000
27 42 1.000000
27 5 1.000000
27 28 1.000000
27 33 1.000000
27 14 1.000000
28 33 1.000000
28 46 1.000000
28 31 1.000000
28 38 1.000000
28 0 1.000000
29 26 1.000000
29 10 1.000000
29 38 1.000000
29 43 1.000000
29 0 1.000000
30 23 1.000000
30 0 1.000000
30 38 1.000000
30 28 1.000000
30 13 1.000000
31 34 1.000000
31 14 1.000000
31 26 1.000000
31 44 1.000000
31 17 1.000000
32 10 1.000000
32 38 1.000000
32 29 1.000000
32 49 1.000000
33 10 1.000000
33 38 1.000000
33 37 1.000000
33 31 1.000000
34 4 1.000000
34 43 1.000000
34 26 1.000000
34 10 1.000000
34 8 1.000000
35 46 1.000000
35 36 1.000000
35 38 1.000000
36 20 1.000000
36 1 1.000000
36 44 1.000000
36 40 1.000000
36 11 1.000000
37 0 1.000000
37 49 1.000000
37 3 1.000000
37 38 1.000000
37 43 1.000000
38 9 1.000000
38 29 1.000000
38 5 1.000000
38 44 1.000000
38 40 1.000000
39 34 1.000000
39 16 1.000000
39 33 1.000000
39 0 1.000000
40 19 1.000000
40 42 1.000000
40 25 1.000000
40 10 1.000000
40 47 1.000000
41 24 1.000000
41 34 1.000000
41 25 1.000000
41 15 1.000000
41 21 1.000000
42 47 1.000000
42 21 1.000000
42 24 1.000000
42 31 1.000000
42 25 1.000000
43 24 1.000000
43 46 1.000000
43 32 1.000000
43 17 1.000000
43 36 1.000000
44 42 1.000000
44 45 1.000000
44 3 1.000000
44 46 1.000000
44 40 1.000000
45 36 1.000000
45 37 1.000000
45 31 1.000000
45 1 1.000000
45 46 1.000000
46 18 1.000000
46 16 1.000000
46 12 1.000000
46 31 1.000000
46 20 1.000000
47 27 1.000000
47 9 1.000000
47 15 1.000000
47 37 1.000000
48 3 1.000000
48 24 1.000000
48 46 1.000000
48 44 1.000000
48 31 1.000000
49 11 1.000000
49 8 1.000000
49 44 1.000000
49 -1 1.000000
END
#################################################################
SECTION4 (TrueSubGraph Information)
EndPoint0 EndPoint1 Weight
38 5 1.0
40 27 1.0
18 44 1.0
27 18 1.0
10 37 1.0
36 40 1.0
29 23 1.0
37 33 1.0
44 26 1.0
1 29 1.0
32 19 1.0
35 4 1.0
19 38 1.0
14 20 1.0
23 10 1.0
24 21 1.0
8 31 1.0
49 43 1.0
31 32 1.0
0 36 1.0
47 16 1.0
17 49 1.0
5 24 1.0
20 0 1.0
4 14 1.0
21 1 1.0
46 8 1.0
43 46 1.0
16 35 1.0
33 47 1.0
END
#################################################################
