#################################################################
#APDM Input Graph, this input graph includes 3 sections:
#section1 : general information
#section2 : nodes
#section3 : edges
#section4 : trueSubGraph (Optional)
#
#if nodes haven't information set weight to null
#################################################################
SECTION1 (General Information)
numNodes = 50
numEdges = 231
usedAlgorithm = Test
dataSource = RandomData
END
#################################################################
SECTION2 (Nodes Information)
NodeID Weight 
0 0.615105
1 0.580453
2 0.794621
3 0.282922
4 0.598978
5 1.000000
6 1.000000
7 1.000000
8 0.226306
9 0.533790
10 0.733090
11 1.000000
12 0.830676
13 0.689310
14 0.129381
15 1.000000
16 0.680749
17 0.594134
18 0.534432
19 0.679240
20 1.000000
21 1.000000
22 1.000000
23 0.750015
24 1.000000
25 0.217302
26 0.279483
27 0.820239
28 0.608447
29 1.000000
30 1.000000
31 0.740940
32 1.000000
33 0.538247
34 0.904768
35 0.610317
36 0.983490
37 1.000000
38 0.885752
39 0.353375
40 0.893494
41 0.992524
42 0.926333
43 0.996118
44 0.993803
45 0.052896
46 0.279636
47 0.561937
48 0.925128
49 1.000000
END
#################################################################
SECTION3 (Edges Information)
EndPoint0 EndPoint1 Weight
0 8 1.000000
0 20 1.000000
0 1 1.000000
0 23 1.000000
1 46 1.000000
1 47 1.000000
1 16 1.000000
1 24 1.000000
1 49 1.000000
2 26 1.000000
2 18 1.000000
2 39 1.000000
2 0 1.000000
2 12 1.000000
3 16 1.000000
3 30 1.000000
3 15 1.000000
3 33 1.000000
4 36 1.000000
4 37 1.000000
4 31 1.000000
4 49 1.000000
4 47 1.000000
5 7 1.000000
5 47 1.000000
5 22 1.000000
5 43 1.000000
6 29 1.000000
6 7 1.000000
6 35 1.000000
6 22 1.000000
6 19 1.000000
7 18 1.000000
7 33 1.000000
7 10 1.000000
7 37 1.000000
8 29 1.000000
8 14 1.000000
8 9 1.000000
8 40 1.000000
8 32 1.000000
9 6 1.000000
9 26 1.000000
9 41 1.000000
9 4 1.000000
9 17 1.000000
10 16 1.000000
10 11 1.000000
10 41 1.000000
10 28 1.000000
11 9 1.000000
11 20 1.000000
11 0 1.000000
11 32 1.000000
11 3 1.000000
12 28 1.000000
12 48 1.000000
12 32 1.000000
12 9 1.000000
13 34 1.000000
13 17 1.000000
13 27 1.000000
13 47 1.000000
13 40 1.000000
14 44 1.000000
14 17 1.000000
14 49 1.000000
14 47 1.000000
14 29 1.000000
15 24 1.000000
15 3 1.000000
15 28 1.000000
15 20 1.000000
16 1 1.000000
16 17 1.000000
16 21 1.000000
16 15 1.000000
16 33 1.000000
17 36 1.000000
17 43 1.000000
17 15 1.000000
17 1 1.000000
17 32 1.000000
18 15 1.000000
18 34 1.000000
18 25 1.000000
18 49 1.000000
18 32 1.000000
19 37 1.000000
19 22 1.000000
19 8 1.000000
19 47 1.000000
19 40 1.000000
20 41 1.000000
20 9 1.000000
20 44 1.000000
20 15 1.000000
21 28 1.000000
21 30 1.000000
21 13 1.000000
21 36 1.000000
21 12 1.000000
22 28 1.000000
22 39 1.000000
22 47 1.000000
22 16 1.000000
22 33 1.000000
23 31 1.000000
23 42 1.000000
23 30 1.000000
23 25 1.000000
23 38 1.000000
24 27 1.000000
24 34 1.000000
24 3 1.000000
24 46 1.000000
24 0 1.000000
25 29 1.000000
25 4 1.000000
25 20 1.000000
25 2 1.000000
25 41 1.000000
26 12 1.000000
26 40 1.000000
26 49 1.000000
26 6 1.000000
27 36 1.000000
27 48 1.000000
27 31 1.000000
27 3 1.000000
27 40 1.000000
28 44 1.000000
28 20 1.000000
28 5 1.000000
28 19 1.000000
29 48 1.000000
29 49 1.000000
29 32 1.000000
29 35 1.000000
30 0 1.000000
30 37 1.000000
30 35 1.000000
30 12 1.000000
30 8 1.000000
31 6 1.000000
31 43 1.000000
31 20 1.000000
31 36 1.000000
32 49 1.000000
32 30 1.000000
32 35 1.000000
32 24 1.000000
33 49 1.000000
33 43 1.000000
33 32 1.000000
33 16 1.000000
33 41 1.000000
34 33 1.000000
34 20 1.000000
34 35 1.000000
34 2 1.000000
34 17 1.000000
35 28 1.000000
35 37 1.000000
35 23 1.000000
35 25 1.000000
36 5 1.000000
36 3 1.000000
36 35 1.000000
36 22 1.000000
37 13 1.000000
37 38 1.000000
37 40 1.000000
37 5 1.000000
38 20 1.000000
38 40 1.000000
38 19 1.000000
38 30 1.000000
38 12 1.000000
39 49 1.000000
39 29 1.000000
39 12 1.000000
39 5 1.000000
39 32 1.000000
40 36 1.000000
40 43 1.000000
40 15 1.000000
40 23 1.000000
40 7 1.000000
41 12 1.000000
41 38 1.000000
41 45 1.000000
41 30 1.000000
42 43 1.000000
42 0 1.000000
42 46 1.000000
42 35 1.000000
42 6 1.000000
43 40 1.000000
43 17 1.000000
43 7 1.000000
43 13 1.000000
43 28 1.000000
44 45 1.000000
44 46 1.000000
44 6 1.000000
44 23 1.000000
44 47 1.000000
45 21 1.000000
45 49 1.000000
45 35 1.000000
45 13 1.000000
46 3 1.000000
46 43 1.000000
46 4 1.000000
46 48 1.000000
46 17 1.000000
47 48 1.000000
47 24 1.000000
47 43 1.000000
47 21 1.000000
47 35 1.000000
48 14 1.000000
48 47 1.000000
48 24 1.000000
48 32 1.000000
49 0 1.000000
49 1 1.000000
49 15 1.000000
49 5 1.000000
49 30 1.000000
END
#################################################################
SECTION4 (TrueSubGraph Information)
EndPoint0 EndPoint1 Weight
42 37 1.0
31 47 1.0
7 11 1.0
48 38 1.0
22 49 1.0
38 42 1.0
6 15 1.0
20 28 1.0
36 22 1.0
19 44 1.0
44 31 1.0
24 32 1.0
30 43 1.0
41 16 1.0
43 24 1.0
12 0 1.0
23 41 1.0
0 23 1.0
1 48 1.0
28 29 1.0
49 1 1.0
5 6 1.0
35 20 1.0
37 19 1.0
11 12 1.0
15 7 1.0
29 36 1.0
47 21 1.0
32 35 1.0
21 5 1.0
END
#################################################################
