#################################################################
#APDM Input Graph, this input graph includes 3 sections:
#section1 : general information
#section2 : nodes
#section3 : edges
#section4 : trueSubGraph (Optional)
#
#if nodes haven't information set weight to null
#################################################################
SECTION1 (General Information)
numNodes = 100
numEdges = 400
usedAlgorithm = Test
dataSource = RandomData
END
#################################################################
SECTION2 (Nodes Information)
NodeID Weight 
0 1.000000
1 0.265787
2 0.653818
3 0.585079
4 0.725792
5 1.000000
6 0.787337
7 0.691464
8 1.000000
9 0.489733
10 0.158479
11 0.714196
12 0.750056
13 0.580965
14 0.192333
15 0.515298
16 0.451774
17 0.759948
18 0.620952
19 1.000000
20 0.561340
21 0.441294
22 0.998114
23 0.693161
24 0.836347
25 1.000000
26 0.492504
27 1.000000
28 0.021118
29 0.877194
30 1.000000
31 1.000000
32 0.474018
33 0.008680
34 1.000000
35 0.838752
36 0.740623
37 0.057064
38 0.016876
39 0.533154
40 0.240252
41 0.189884
42 0.000403
43 0.642170
44 0.460924
45 1.000000
46 1.000000
47 1.000000
48 0.816561
49 1.000000
50 0.240405
51 0.560558
52 1.000000
53 0.601859
54 0.677277
55 0.845761
56 0.369264
57 0.971074
58 1.000000
59 0.173708
60 0.667956
61 0.968908
62 0.484974
63 0.677123
64 0.442662
65 0.907186
66 0.080741
67 0.601000
68 0.712507
69 0.930049
70 0.358416
71 0.380580
72 0.570533
73 0.341528
74 0.159612
75 0.543193
76 0.784966
77 0.676939
78 0.043777
79 0.863934
80 0.859859
81 0.007119
82 0.271537
83 0.643606
84 0.444305
85 0.668660
86 0.566901
87 1.000000
88 0.050687
89 1.000000
90 0.353708
91 0.141355
92 0.144998
93 1.000000
94 0.654780
95 0.854249
96 0.806031
97 0.863077
98 0.866742
99 0.039302
END
#################################################################
SECTION3 (Edges Information)
EndPoint0 EndPoint1 Weight
0 8 1.000000
0 25 1.000000
0 47 1.000000
0 17 1.000000
0 79 1.000000
0 80 1.000000
1 4 1.000000
1 70 1.000000
1 52 1.000000
1 29 1.000000
2 27 1.000000
2 45 1.000000
2 55 1.000000
2 57 1.000000
2 30 1.000000
2 54 1.000000
2 25 1.000000
2 10 1.000000
2 36 1.000000
3 38 1.000000
3 41 1.000000
3 47 1.000000
4 65 1.000000
4 46 1.000000
4 67 1.000000
4 83 1.000000
4 54 1.000000
4 70 1.000000
5 57 1.000000
5 65 1.000000
5 18 1.000000
5 6 1.000000
5 47 1.000000
6 10 1.000000
6 61 1.000000
6 18 1.000000
7 27 1.000000
7 74 1.000000
7 89 1.000000
8 67 1.000000
8 0 1.000000
8 97 1.000000
8 7 1.000000
8 76 1.000000
8 92 1.000000
8 70 1.000000
8 95 1.000000
9 58 1.000000
9 47 1.000000
10 42 1.000000
10 87 1.000000
11 4 1.000000
11 65 1.000000
11 76 1.000000
11 54 1.000000
11 46 1.000000
12 89 1.000000
12 76 1.000000
12 71 1.000000
12 81 1.000000
12 66 1.000000
12 15 1.000000
13 58 1.000000
14 39 1.000000
14 99 1.000000
14 69 1.000000
15 28 1.000000
16 49 1.000000
16 52 1.000000
16 60 1.000000
16 56 1.000000
17 64 1.000000
17 14 1.000000
17 27 1.000000
17 89 1.000000
17 58 1.000000
18 34 1.000000
18 93 1.000000
18 20 1.000000
18 97 1.000000
18 5 1.000000
18 64 1.000000
18 65 1.000000
18 8 1.000000
18 76 1.000000
18 7 1.000000
18 86 1.000000
19 46 1.000000
19 58 1.000000
19 14 1.000000
19 89 1.000000
19 63 1.000000
19 54 1.000000
20 45 1.000000
20 34 1.000000
20 0 1.000000
20 78 1.000000
20 56 1.000000
21 90 1.000000
22 70 1.000000
22 92 1.000000
22 18 1.000000
23 24 1.000000
23 58 1.000000
23 12 1.000000
24 26 1.000000
24 32 1.000000
24 89 1.000000
25 0 1.000000
25 83 1.000000
25 93 1.000000
25 67 1.000000
25 89 1.000000
25 99 1.000000
25 33 1.000000
25 39 1.000000
25 32 1.000000
26 39 1.000000
26 0 1.000000
27 54 1.000000
27 2 1.000000
27 52 1.000000
27 22 1.000000
27 58 1.000000
27 76 1.000000
27 87 1.000000
28 37 1.000000
29 35 1.000000
29 77 1.000000
30 58 1.000000
30 63 1.000000
30 1 1.000000
30 83 1.000000
30 18 1.000000
30 76 1.000000
30 11 1.000000
31 80 1.000000
31 65 1.000000
31 57 1.000000
31 47 1.000000
31 8 1.000000
31 74 1.000000
31 98 1.000000
31 3 1.000000
31 69 1.000000
31 51 1.000000
31 12 1.000000
32 25 1.000000
32 16 1.000000
32 35 1.000000
33 60 1.000000
33 34 1.000000
33 19 1.000000
34 20 1.000000
34 18 1.000000
34 95 1.000000
34 83 1.000000
34 67 1.000000
35 29 1.000000
35 9 1.000000
35 31 1.000000
36 65 1.000000
37 43 1.000000
38 11 1.000000
38 31 1.000000
38 25 1.000000
38 1 1.000000
39 75 1.000000
39 34 1.000000
39 72 1.000000
39 33 1.000000
40 26 1.000000
41 14 1.000000
41 86 1.000000
42 25 1.000000
42 18 1.000000
43 50 1.000000
44 8 1.000000
45 2 1.000000
45 20 1.000000
45 94 1.000000
45 46 1.000000
45 12 1.000000
45 48 1.000000
45 38 1.000000
46 4 1.000000
46 19 1.000000
46 63 1.000000
46 85 1.000000
46 98 1.000000
46 2 1.000000
47 76 1.000000
47 49 1.000000
47 83 1.000000
47 17 1.000000
47 89 1.000000
47 27 1.000000
47 18 1.000000
47 8 1.000000
47 48 1.000000
47 25 1.000000
48 63 1.000000
48 4 1.000000
48 17 1.000000
48 95 1.000000
49 47 1.000000
49 54 1.000000
49 83 1.000000
49 17 1.000000
49 60 1.000000
49 80 1.000000
50 53 1.000000
51 45 1.000000
51 8 1.000000
52 87 1.000000
52 86 1.000000
52 76 1.000000
52 44 1.000000
52 84 1.000000
52 98 1.000000
54 49 1.000000
54 27 1.000000
54 5 1.000000
54 85 1.000000
54 34 1.000000
54 77 1.000000
54 71 1.000000
54 76 1.000000
54 63 1.000000
55 59 1.000000
56 33 1.000000
56 85 1.000000
57 95 1.000000
57 52 1.000000
57 85 1.000000
57 80 1.000000
57 77 1.000000
58 19 1.000000
58 30 1.000000
58 51 1.000000
58 1 1.000000
58 31 1.000000
58 6 1.000000
58 2 1.000000
59 48 1.000000
59 32 1.000000
60 71 1.000000
60 5 1.000000
60 82 1.000000
60 74 1.000000
60 57 1.000000
60 31 1.000000
61 11 1.000000
61 49 1.000000
62 31 1.000000
62 25 1.000000
63 30 1.000000
63 87 1.000000
63 58 1.000000
63 0 1.000000
63 3 1.000000
63 76 1.000000
63 6 1.000000
63 1 1.000000
63 47 1.000000
64 46 1.000000
64 92 1.000000
65 31 1.000000
65 4 1.000000
65 22 1.000000
65 49 1.000000
65 54 1.000000
65 91 1.000000
65 73 1.000000
66 22 1.000000
67 86 1.000000
67 8 1.000000
67 31 1.000000
67 24 1.000000
67 60 1.000000
67 25 1.000000
67 13 1.000000
68 9 1.000000
69 48 1.000000
69 45 1.000000
70 2 1.000000
70 71 1.000000
70 99 1.000000
70 20 1.000000
71 80 1.000000
71 87 1.000000
71 93 1.000000
71 98 1.000000
71 54 1.000000
72 8 1.000000
73 11 1.000000
73 71 1.000000
74 30 1.000000
74 87 1.000000
74 12 1.000000
74 94 1.000000
75 40 1.000000
76 12 1.000000
76 47 1.000000
76 2 1.000000
76 18 1.000000
76 31 1.000000
76 19 1.000000
76 27 1.000000
76 59 1.000000
76 68 1.000000
76 63 1.000000
77 97 1.000000
77 23 1.000000
77 92 1.000000
78 31 1.000000
79 65 1.000000
80 93 1.000000
80 31 1.000000
80 41 1.000000
80 35 1.000000
80 23 1.000000
80 60 1.000000
80 86 1.000000
80 45 1.000000
80 47 1.000000
81 63 1.000000
82 80 1.000000
83 25 1.000000
83 80 1.000000
83 94 1.000000
83 95 1.000000
83 4 1.000000
83 74 1.000000
83 23 1.000000
84 86 1.000000
85 45 1.000000
85 86 1.000000
85 67 1.000000
85 21 1.000000
86 52 1.000000
86 67 1.000000
86 87 1.000000
86 80 1.000000
86 54 1.000000
86 38 1.000000
86 93 1.000000
86 60 1.000000
86 16 1.000000
87 63 1.000000
87 52 1.000000
87 76 1.000000
87 6 1.000000
87 30 1.000000
87 62 1.000000
87 38 1.000000
88 17 1.000000
89 12 1.000000
89 24 1.000000
89 5 1.000000
89 90 1.000000
89 49 1.000000
89 16 1.000000
89 86 1.000000
89 83 1.000000
90 39 1.000000
90 71 1.000000
91 2 1.000000
91 47 1.000000
92 11 1.000000
92 88 1.000000
92 61 1.000000
92 2 1.000000
93 18 1.000000
93 80 1.000000
93 19 1.000000
93 58 1.000000
93 45 1.000000
93 34 1.000000
93 76 1.000000
93 5 1.000000
94 65 1.000000
94 0 1.000000
94 42 1.000000
95 86 1.000000
95 16 1.000000
95 3 1.000000
95 2 1.000000
95 93 1.000000
96 19 1.000000
97 91 1.000000
97 57 1.000000
97 20 1.000000
98 63 1.000000
98 7 1.000000
98 46 1.000000
98 96 1.000000
99 62 1.000000
99 93 1.000000
99 25 1.000000
END
#################################################################
SECTION4 (TrueSubGraph Information)
EndPoint0 EndPoint1 Weight
45 20 1.0
87 52 1.0
80 31 1.0
93 80 1.0
46 19 1.0
12 76 1.0
86 67 1.0
54 27 1.0
34 18 1.0
20 34 1.0
2 45 1.0
67 8 1.0
27 2 1.0
52 86 1.0
25 83 1.0
47 49 1.0
18 93 1.0
4 46 1.0
31 65 1.0
8 0 1.0
58 30 1.0
19 58 1.0
30 63 1.0
49 54 1.0
0 25 1.0
89 12 1.0
83 5 1.0
76 47 1.0
65 4 1.0
63 87 1.0
END
#################################################################
