#################################################################
#APDM Input Graph, this input graph includes 3 sections:
#section1 : general information
#section2 : nodes
#section3 : edges
#section4 : trueSubGraph (Optional)
#
#if nodes haven't information set weight to null
#################################################################
SECTION1 (General Information)
numNodes = 50
numEdges = 232
usedAlgorithm = Test
dataSource = RandomData
END
#################################################################
SECTION2 (Nodes Information)
NodeID Weight 
0 0.842125
1 0.904014
2 0.866201
3 1.000000
4 1.000000
5 0.011820
6 0.515359
7 0.637236
8 0.775156
9 1.000000
10 1.000000
11 0.528203
12 0.316044
13 0.880092
14 0.662735
15 0.985571
16 0.738318
17 1.000000
18 0.692797
19 1.000000
20 0.892391
21 0.140757
22 0.526424
23 0.892661
24 1.000000
25 0.406831
26 0.073280
27 0.625615
28 1.000000
29 0.438515
30 0.940685
31 0.507991
32 0.878704
33 0.748684
34 0.263337
35 0.091111
36 1.000000
37 1.000000
38 1.000000
39 0.508353
40 1.000000
41 0.551014
42 1.000000
43 0.357978
44 1.000000
45 1.000000
46 1.000000
47 1.000000
48 1.000000
49 0.681242
END
#################################################################
SECTION3 (Edges Information)
EndPoint0 EndPoint1 Weight
0 28 1.000000
0 22 1.000000
0 35 1.000000
0 12 1.000000
0 27 1.000000
1 37 1.000000
1 38 1.000000
1 25 1.000000
1 23 1.000000
1 8 1.000000
2 16 1.000000
2 21 1.000000
2 18 1.000000
2 23 1.000000
2 20 1.000000
3 46 1.000000
3 5 1.000000
3 26 1.000000
3 6 1.000000
4 10 1.000000
4 35 1.000000
4 22 1.000000
4 34 1.000000
4 32 1.000000
5 19 1.000000
5 29 1.000000
5 2 1.000000
5 43 1.000000
5 12 1.000000
6 25 1.000000
6 29 1.000000
6 34 1.000000
6 47 1.000000
6 9 1.000000
7 40 1.000000
7 1 1.000000
7 8 1.000000
7 30 1.000000
7 20 1.000000
8 6 1.000000
8 49 1.000000
8 32 1.000000
8 14 1.000000
8 1 1.000000
9 49 1.000000
9 1 1.000000
9 42 1.000000
9 30 1.000000
9 0 1.000000
10 20 1.000000
10 49 1.000000
10 4 1.000000
10 2 1.000000
11 43 1.000000
11 10 1.000000
11 37 1.000000
11 46 1.000000
11 3 1.000000
12 22 1.000000
12 6 1.000000
12 27 1.000000
12 35 1.000000
13 6 1.000000
13 35 1.000000
13 26 1.000000
13 27 1.000000
13 8 1.000000
14 27 1.000000
14 34 1.000000
14 7 1.000000
14 29 1.000000
14 5 1.000000
15 43 1.000000
15 16 1.000000
15 35 1.000000
15 48 1.000000
16 0 1.000000
16 9 1.000000
16 45 1.000000
16 39 1.000000
16 10 1.000000
17 2 1.000000
17 23 1.000000
17 20 1.000000
17 26 1.000000
17 47 1.000000
18 19 1.000000
18 34 1.000000
18 20 1.000000
18 12 1.000000
19 0 1.000000
19 29 1.000000
19 14 1.000000
19 49 1.000000
19 6 1.000000
20 33 1.000000
20 25 1.000000
20 29 1.000000
20 14 1.000000
21 23 1.000000
21 29 1.000000
21 19 1.000000
21 11 1.000000
21 5 1.000000
22 12 1.000000
22 49 1.000000
22 16 1.000000
22 3 1.000000
22 34 1.000000
23 17 1.000000
23 7 1.000000
23 10 1.000000
23 11 1.000000
23 0 1.000000
24 9 1.000000
24 5 1.000000
24 30 1.000000
24 25 1.000000
25 34 1.000000
25 39 1.000000
25 5 1.000000
25 45 1.000000
25 8 1.000000
26 8 1.000000
26 27 1.000000
26 18 1.000000
26 4 1.000000
26 49 1.000000
27 12 1.000000
27 19 1.000000
27 17 1.000000
27 9 1.000000
27 25 1.000000
28 37 1.000000
28 26 1.000000
28 49 1.000000
28 22 1.000000
28 8 1.000000
29 36 1.000000
29 30 1.000000
29 37 1.000000
29 44 1.000000
29 46 1.000000
30 29 1.000000
30 6 1.000000
30 22 1.000000
30 49 1.000000
30 16 1.000000
31 35 1.000000
31 5 1.000000
31 20 1.000000
31 38 1.000000
32 18 1.000000
32 34 1.000000
32 41 1.000000
32 36 1.000000
32 45 1.000000
33 29 1.000000
33 47 1.000000
33 6 1.000000
33 20 1.000000
33 30 1.000000
34 4 1.000000
34 25 1.000000
34 43 1.000000
34 37 1.000000
35 39 1.000000
35 0 1.000000
35 1 1.000000
35 4 1.000000
35 8 1.000000
36 35 1.000000
36 39 1.000000
36 12 1.000000
36 6 1.000000
37 5 1.000000
37 17 1.000000
37 43 1.000000
37 39 1.000000
37 46 1.000000
38 17 1.000000
38 36 1.000000
38 24 1.000000
38 43 1.000000
39 38 1.000000
39 22 1.000000
39 30 1.000000
39 20 1.000000
39 1 1.000000
40 27 1.000000
40 35 1.000000
40 42 1.000000
40 8 1.000000
40 48 1.000000
41 1 1.000000
41 47 1.000000
41 10 1.000000
41 27 1.000000
42 41 1.000000
42 4 1.000000
42 18 1.000000
42 39 1.000000
42 49 1.000000
43 6 1.000000
43 37 1.000000
43 12 1.000000
43 34 1.000000
43 46 1.000000
44 27 1.000000
44 35 1.000000
44 5 1.000000
44 14 1.000000
45 5 1.000000
45 17 1.000000
45 28 1.000000
45 23 1.000000
46 6 1.000000
46 43 1.000000
46 11 1.000000
46 26 1.000000
46 4 1.000000
47 15 1.000000
47 29 1.000000
47 12 1.000000
47 7 1.000000
48 43 1.000000
48 1 1.000000
48 49 1.000000
49 20 1.000000
49 45 1.000000
49 21 1.000000
49 10 1.000000
END
#################################################################
SECTION4 (TrueSubGraph Information)
EndPoint0 EndPoint1 Weight
11 47 1.0
38 33 1.0
42 11 1.0
44 4 1.0
13 7 1.0
9 28 1.0
41 42 1.0
40 32 1.0
23 24 1.0
2 30 1.0
31 15 1.0
47 17 1.0
33 2 1.0
30 36 1.0
10 44 1.0
46 40 1.0
14 48 1.0
15 10 1.0
18 41 1.0
45 38 1.0
28 23 1.0
19 13 1.0
36 31 1.0
7 14 1.0
17 19 1.0
32 3 1.0
24 37 1.0
3 45 1.0
4 18 1.0
48 9 1.0
END
#################################################################
