#################################################################
#APDM Input Graph, this input graph includes 3 sections:
#section1 : general information
#section2 : nodes
#section3 : edges
#section4 : trueSubGraph (Optional)
#
#if nodes haven't information set weight to null
#################################################################
SECTION1 (General Information)
numNodes = 100
numEdges = 400
usedAlgorithm = Test
dataSource = RandomData
END
#################################################################
SECTION2 (Nodes Information)
NodeID Weight 
0 0.875784
1 0.305342
2 0.545075
3 0.646967
4 0.841079
5 0.667662
6 1.000000
7 0.543372
8 0.017390
9 0.952094
10 1.000000
11 0.146328
12 1.000000
13 0.671298
14 0.594648
15 1.000000
16 0.572512
17 0.351725
18 0.315175
19 1.000000
20 0.622251
21 0.503194
22 1.000000
23 0.667513
24 0.401043
25 1.000000
26 0.114063
27 0.599872
28 0.684138
29 0.775406
30 1.000000
31 0.241344
32 0.214407
33 0.375562
34 0.394919
35 0.021073
36 0.479418
37 0.277958
38 0.714958
39 0.412888
40 0.684314
41 1.000000
42 1.000000
43 0.010956
44 1.000000
45 0.650207
46 0.507532
47 0.533297
48 1.000000
49 0.249952
50 0.468392
51 0.359258
52 0.031197
53 0.006121
54 0.516540
55 0.688506
56 0.562927
57 0.616794
58 0.093194
59 0.046789
60 0.872176
61 0.470507
62 0.746320
63 1.000000
64 0.705101
65 0.252896
66 0.775193
67 0.149560
68 0.531150
69 0.833226
70 0.779442
71 0.174087
72 1.000000
73 0.555973
74 0.144195
75 0.773990
76 0.445910
77 0.278408
78 1.000000
79 0.258360
80 1.000000
81 0.367248
82 0.496584
83 0.917699
84 0.330584
85 0.395724
86 0.887503
87 0.642966
88 0.636005
89 0.967002
90 0.433942
91 0.900439
92 1.000000
93 1.000000
94 0.132894
95 0.558125
96 0.291619
97 0.756460
98 0.598657
99 0.759686
END
#################################################################
SECTION3 (Edges Information)
EndPoint0 EndPoint1 Weight
0 41 1.000000
0 20 1.000000
0 80 1.000000
0 23 1.000000
0 5 1.000000
0 14 1.000000
0 73 1.000000
1 42 1.000000
1 3 1.000000
2 0 1.000000
2 67 1.000000
3 4 1.000000
3 55 1.000000
3 35 1.000000
3 47 1.000000
3 74 1.000000
4 73 1.000000
4 0 1.000000
4 11 1.000000
4 95 1.000000
4 52 1.000000
5 68 1.000000
5 21 1.000000
5 31 1.000000
5 66 1.000000
5 98 1.000000
6 41 1.000000
6 87 1.000000
6 2 1.000000
6 70 1.000000
7 20 1.000000
7 12 1.000000
7 91 1.000000
7 93 1.000000
7 41 1.000000
7 21 1.000000
7 0 1.000000
7 49 1.000000
8 48 1.000000
8 38 1.000000
8 7 1.000000
9 5 1.000000
10 92 1.000000
10 47 1.000000
10 30 1.000000
11 17 1.000000
11 57 1.000000
12 7 1.000000
12 99 1.000000
12 28 1.000000
12 55 1.000000
12 31 1.000000
12 51 1.000000
13 44 1.000000
13 15 1.000000
13 89 1.000000
13 4 1.000000
13 7 1.000000
13 33 1.000000
13 34 1.000000
14 48 1.000000
14 49 1.000000
14 78 1.000000
14 94 1.000000
15 13 1.000000
15 89 1.000000
15 88 1.000000
15 98 1.000000
15 79 1.000000
15 77 1.000000
15 74 1.000000
16 52 1.000000
16 4 1.000000
17 47 1.000000
17 23 1.000000
17 53 1.000000
17 79 1.000000
18 25 1.000000
18 58 1.000000
19 78 1.000000
19 91 1.000000
20 0 1.000000
20 7 1.000000
20 27 1.000000
20 97 1.000000
21 79 1.000000
21 30 1.000000
21 1 1.000000
21 17 1.000000
21 26 1.000000
21 36 1.000000
22 48 1.000000
22 60 1.000000
22 0 1.000000
22 18 1.000000
22 94 1.000000
22 97 1.000000
22 65 1.000000
23 12 1.000000
23 46 1.000000
23 45 1.000000
23 6 1.000000
24 54 1.000000
25 42 1.000000
25 84 1.000000
25 40 1.000000
25 68 1.000000
25 58 1.000000
25 80 1.000000
25 5 1.000000
25 71 1.000000
25 30 1.000000
25 38 1.000000
26 49 1.000000
26 64 1.000000
26 52 1.000000
27 92 1.000000
27 89 1.000000
27 88 1.000000
27 38 1.000000
28 30 1.000000
28 73 1.000000
28 78 1.000000
28 42 1.000000
28 2 1.000000
29 9 1.000000
29 45 1.000000
29 7 1.000000
29 43 1.000000
30 80 1.000000
30 28 1.000000
30 31 1.000000
30 95 1.000000
30 48 1.000000
30 59 1.000000
30 88 1.000000
30 57 1.000000
31 27 1.000000
31 15 1.000000
31 35 1.000000
31 68 1.000000
32 48 1.000000
32 27 1.000000
32 33 1.000000
33 25 1.000000
33 63 1.000000
33 59 1.000000
33 26 1.000000
34 43 1.000000
34 92 1.000000
34 93 1.000000
34 8 1.000000
34 88 1.000000
35 6 1.000000
35 64 1.000000
35 62 1.000000
35 22 1.000000
35 72 1.000000
35 76 1.000000
36 5 1.000000
36 0 1.000000
36 51 1.000000
36 47 1.000000
36 69 1.000000
37 73 1.000000
37 4 1.000000
38 63 1.000000
38 78 1.000000
38 87 1.000000
38 68 1.000000
38 24 1.000000
39 60 1.000000
40 95 1.000000
40 22 1.000000
41 93 1.000000
41 0 1.000000
41 61 1.000000
41 15 1.000000
41 8 1.000000
41 17 1.000000
41 25 1.000000
42 25 1.000000
42 68 1.000000
42 73 1.000000
42 71 1.000000
43 65 1.000000
43 20 1.000000
43 36 1.000000
44 72 1.000000
44 13 1.000000
44 50 1.000000
44 37 1.000000
44 45 1.000000
45 99 1.000000
45 5 1.000000
45 34 1.000000
45 84 1.000000
46 33 1.000000
46 21 1.000000
47 10 1.000000
47 93 1.000000
47 86 1.000000
47 49 1.000000
47 45 1.000000
47 16 1.000000
47 63 1.000000
47 33 1.000000
47 80 1.000000
47 67 1.000000
48 91 1.000000
48 22 1.000000
48 1 1.000000
48 8 1.000000
48 47 1.000000
48 53 1.000000
48 44 1.000000
49 55 1.000000
49 16 1.000000
49 10 1.000000
49 25 1.000000
50 93 1.000000
51 56 1.000000
51 3 1.000000
51 30 1.000000
52 92 1.000000
52 53 1.000000
52 7 1.000000
52 13 1.000000
53 18 1.000000
53 29 1.000000
53 72 1.000000
53 32 1.000000
53 27 1.000000
55 59 1.000000
55 7 1.000000
55 90 1.000000
56 34 1.000000
56 97 1.000000
56 64 1.000000
57 13 1.000000
57 23 1.000000
58 15 1.000000
58 14 1.000000
58 80 1.000000
59 83 1.000000
59 69 1.000000
59 78 1.000000
60 22 1.000000
60 36 1.000000
60 28 1.000000
60 3 1.000000
60 90 1.000000
61 11 1.000000
61 34 1.000000
61 89 1.000000
62 80 1.000000
62 15 1.000000
63 89 1.000000
63 38 1.000000
63 56 1.000000
63 90 1.000000
63 15 1.000000
63 25 1.000000
63 52 1.000000
63 82 1.000000
64 21 1.000000
64 48 1.000000
64 29 1.000000
64 30 1.000000
65 22 1.000000
65 85 1.000000
65 98 1.000000
65 41 1.000000
66 14 1.000000
67 21 1.000000
67 85 1.000000
68 42 1.000000
68 80 1.000000
68 61 1.000000
68 47 1.000000
68 81 1.000000
68 17 1.000000
69 87 1.000000
69 44 1.000000
69 75 1.000000
70 83 1.000000
71 28 1.000000
71 6 1.000000
72 99 1.000000
72 44 1.000000
72 63 1.000000
72 79 1.000000
72 82 1.000000
72 30 1.000000
73 28 1.000000
73 92 1.000000
73 96 1.000000
73 94 1.000000
73 25 1.000000
73 26 1.000000
73 60 1.000000
74 13 1.000000
74 43 1.000000
74 25 1.000000
75 29 1.000000
75 53 1.000000
76 91 1.000000
76 58 1.000000
77 97 1.000000
77 13 1.000000
77 37 1.000000
78 38 1.000000
78 19 1.000000
78 81 1.000000
78 69 1.000000
78 34 1.000000
78 47 1.000000
79 72 1.000000
79 12 1.000000
79 80 1.000000
79 41 1.000000
79 7 1.000000
80 68 1.000000
80 30 1.000000
80 79 1.000000
80 32 1.000000
80 77 1.000000
80 75 1.000000
80 94 1.000000
80 91 1.000000
80 97 1.000000
81 35 1.000000
81 77 1.000000
82 78 1.000000
82 12 1.000000
83 12 1.000000
83 88 1.000000
83 74 1.000000
84 90 1.000000
85 4 1.000000
85 6 1.000000
86 63 1.000000
86 13 1.000000
87 76 1.000000
87 56 1.000000
87 7 1.000000
88 36 1.000000
88 65 1.000000
88 64 1.000000
88 47 1.000000
88 61 1.000000
88 35 1.000000
89 15 1.000000
89 63 1.000000
89 60 1.000000
89 91 1.000000
89 35 1.000000
90 44 1.000000
90 63 1.000000
90 36 1.000000
90 68 1.000000
90 3 1.000000
91 19 1.000000
91 48 1.000000
91 14 1.000000
91 25 1.000000
91 75 1.000000
91 92 1.000000
91 47 1.000000
92 73 1.000000
92 10 1.000000
92 32 1.000000
92 0 1.000000
92 40 1.000000
92 7 1.000000
93 47 1.000000
93 41 1.000000
93 51 1.000000
93 46 1.000000
93 39 1.000000
94 63 1.000000
94 60 1.000000
94 35 1.000000
94 83 1.000000
95 65 1.000000
95 86 1.000000
95 22 1.000000
96 98 1.000000
97 31 1.000000
97 72 1.000000
97 88 1.000000
97 20 1.000000
97 53 1.000000
98 3 1.000000
98 73 1.000000
98 22 1.000000
98 21 1.000000
99 12 1.000000
99 72 1.000000
99 62 1.000000
END
#################################################################
SECTION4 (TrueSubGraph Information)
EndPoint0 EndPoint1 Weight
22 60 1.0
42 68 1.0
89 63 1.0
10 47 1.0
99 72 1.0
63 38 1.0
7 12 1.0
44 13 1.0
48 22 1.0
30 28 1.0
15 89 1.0
47 93 1.0
92 10 1.0
38 78 1.0
93 41 1.0
72 44 1.0
19 91 1.0
41 0 1.0
60 6 1.0
78 19 1.0
73 92 1.0
20 7 1.0
0 20 1.0
12 99 1.0
13 15 1.0
80 30 1.0
25 42 1.0
68 80 1.0
28 73 1.0
91 48 1.0
END
#################################################################
