#################################################################
#APDM Input Graph, this input graph includes 3 sections:
#section1 : general information
#section2 : nodes
#section3 : edges
#section4 : trueSubGraph (Optional)
#
#if nodes haven't information set weight to null
#################################################################
SECTION1 (General Information)
numNodes = 50
numEdges = 241
usedAlgorithm = Test
dataSource = RandomData
END
#################################################################
SECTION2 (Nodes Information)
NodeID Weight 
0 0.629905
1 0.531158
2 1.000000
3 0.656910
4 1.000000
5 1.000000
6 0.918959
7 1.000000
8 0.626454
9 0.222642
10 1.000000
11 0.797209
12 1.000000
13 0.504037
14 0.574534
15 0.654511
16 0.668800
17 0.595844
18 0.940889
19 0.963887
20 0.765961
21 0.913350
22 0.512175
23 1.000000
24 0.966241
25 1.000000
26 1.000000
27 0.665012
28 0.680735
29 0.212552
30 0.614262
31 1.000000
32 0.850659
33 0.027626
34 1.000000
35 0.714785
36 0.542945
37 0.639151
38 1.000000
39 0.839364
40 1.000000
41 0.855982
42 1.000000
43 0.583709
44 1.000000
45 0.299831
46 0.625273
47 0.793396
48 0.335236
49 0.679230
END
#################################################################
SECTION3 (Edges Information)
EndPoint0 EndPoint1 Weight
0 31 1.000000
0 15 1.000000
0 26 1.000000
0 44 1.000000
0 37 1.000000
1 26 1.000000
1 22 1.000000
1 36 1.000000
1 31 1.000000
2 32 1.000000
2 13 1.000000
2 15 1.000000
2 47 1.000000
2 27 1.000000
3 32 1.000000
3 22 1.000000
3 4 1.000000
3 34 1.000000
3 8 1.000000
4 35 1.000000
4 29 1.000000
4 20 1.000000
4 42 1.000000
4 25 1.000000
5 21 1.000000
5 14 1.000000
5 10 1.000000
5 32 1.000000
5 39 1.000000
6 13 1.000000
6 16 1.000000
6 30 1.000000
6 7 1.000000
6 33 1.000000
7 40 1.000000
7 2 1.000000
7 23 1.000000
7 30 1.000000
8 29 1.000000
8 6 1.000000
8 41 1.000000
8 16 1.000000
8 10 1.000000
9 25 1.000000
9 31 1.000000
9 41 1.000000
9 47 1.000000
9 18 1.000000
10 40 1.000000
10 15 1.000000
10 46 1.000000
10 31 1.000000
10 29 1.000000
11 30 1.000000
11 5 1.000000
11 42 1.000000
11 18 1.000000
11 38 1.000000
12 19 1.000000
12 5 1.000000
12 40 1.000000
12 0 1.000000
12 4 1.000000
13 40 1.000000
13 3 1.000000
13 22 1.000000
13 2 1.000000
13 19 1.000000
14 40 1.000000
14 2 1.000000
14 23 1.000000
14 44 1.000000
14 24 1.000000
15 35 1.000000
15 3 1.000000
15 19 1.000000
15 7 1.000000
15 32 1.000000
16 49 1.000000
16 25 1.000000
16 23 1.000000
16 44 1.000000
16 9 1.000000
17 12 1.000000
17 10 1.000000
17 18 1.000000
17 32 1.000000
18 32 1.000000
18 28 1.000000
18 49 1.000000
18 20 1.000000
18 36 1.000000
19 43 1.000000
19 24 1.000000
19 2 1.000000
19 3 1.000000
19 26 1.000000
20 10 1.000000
20 26 1.000000
20 40 1.000000
20 12 1.000000
21 18 1.000000
21 34 1.000000
21 47 1.000000
21 42 1.000000
21 25 1.000000
22 45 1.000000
22 37 1.000000
22 33 1.000000
22 35 1.000000
22 36 1.000000
23 19 1.000000
23 4 1.000000
23 44 1.000000
23 25 1.000000
23 31 1.000000
24 8 1.000000
24 36 1.000000
24 19 1.000000
24 43 1.000000
25 27 1.000000
25 33 1.000000
25 20 1.000000
25 36 1.000000
25 2 1.000000
26 24 1.000000
26 12 1.000000
26 43 1.000000
26 42 1.000000
26 44 1.000000
27 30 1.000000
27 1 1.000000
27 11 1.000000
27 36 1.000000
28 33 1.000000
28 41 1.000000
28 8 1.000000
28 29 1.000000
28 34 1.000000
29 27 1.000000
29 42 1.000000
29 15 1.000000
29 5 1.000000
29 28 1.000000
30 35 1.000000
30 47 1.000000
30 26 1.000000
30 14 1.000000
30 42 1.000000
31 9 1.000000
31 4 1.000000
31 12 1.000000
31 23 1.000000
31 10 1.000000
32 9 1.000000
32 21 1.000000
32 12 1.000000
32 22 1.000000
32 24 1.000000
33 31 1.000000
33 43 1.000000
33 32 1.000000
33 5 1.000000
33 24 1.000000
34 30 1.000000
34 0 1.000000
34 31 1.000000
35 11 1.000000
35 20 1.000000
35 30 1.000000
35 28 1.000000
35 16 1.000000
36 17 1.000000
36 20 1.000000
36 24 1.000000
36 34 1.000000
36 2 1.000000
37 42 1.000000
37 25 1.000000
37 34 1.000000
37 1 1.000000
37 48 1.000000
38 10 1.000000
38 36 1.000000
38 35 1.000000
38 27 1.000000
39 24 1.000000
39 4 1.000000
39 25 1.000000
39 45 1.000000
39 15 1.000000
40 37 1.000000
40 22 1.000000
40 12 1.000000
40 6 1.000000
40 15 1.000000
41 10 1.000000
41 18 1.000000
41 2 1.000000
41 0 1.000000
41 29 1.000000
42 12 1.000000
42 23 1.000000
42 31 1.000000
42 32 1.000000
42 49 1.000000
43 44 1.000000
43 17 1.000000
43 2 1.000000
43 33 1.000000
43 34 1.000000
44 27 1.000000
44 49 1.000000
44 22 1.000000
44 15 1.000000
44 11 1.000000
45 3 1.000000
45 40 1.000000
45 9 1.000000
45 37 1.000000
45 24 1.000000
46 8 1.000000
46 44 1.000000
46 0 1.000000
46 36 1.000000
46 47 1.000000
47 1 1.000000
47 22 1.000000
47 8 1.000000
47 2 1.000000
47 45 1.000000
48 32 1.000000
48 22 1.000000
48 8 1.000000
48 13 1.000000
48 44 1.000000
49 5 1.000000
49 27 1.000000
49 23 1.000000
49 21 1.000000
49 13 1.000000
END
#################################################################
SECTION4 (TrueSubGraph Information)
EndPoint0 EndPoint1 Weight
35 31 1.0
25 7 1.0
4 47 1.0
10 2 1.0
7 34 1.0
47 5 1.0
36 38 1.0
34 4 1.0
5 42 1.0
11 30 1.0
42 6 1.0
6 15 1.0
24 1 1.0
0 27 1.0
15 12 1.0
12 0 1.0
38 32 1.0
28 18 1.0
22 10 1.0
19 24 1.0
26 22 1.0
30 44 1.0
40 25 1.0
2 40 1.0
44 23 1.0
18 26 1.0
23 35 1.0
31 19 1.0
32 11 1.0
27 36 1.0
END
#################################################################
