#################################################################
#APDM Input Graph, this input graph includes 3 sections:
#section1 : general information
#section2 : nodes
#section3 : edges
#section4 : trueSubGraph (Optional)
#
#if nodes haven't information set weight to null
#################################################################
SECTION1 (General Information)
numNodes = 100
numEdges = 400
usedAlgorithm = Test
dataSource = RandomData
END
#################################################################
SECTION2 (Nodes Information)
NodeID Weight 
0 0.587576
1 0.718477
2 0.380792
3 0.673481
4 1.000000
5 0.797015
6 0.345435
7 0.901962
8 0.353841
9 0.499555
10 0.837847
11 0.988653
12 0.168246
13 1.000000
14 0.252740
15 0.831383
16 1.000000
17 0.781702
18 0.729197
19 0.545701
20 0.302934
21 0.516021
22 0.017236
23 0.558319
24 0.551594
25 0.459279
26 0.230279
27 0.112665
28 0.819089
29 0.539705
30 0.644429
31 0.536210
32 0.828085
33 0.705088
34 0.909586
35 0.549837
36 0.841128
37 0.493622
38 0.522771
39 1.000000
40 1.000000
41 1.000000
42 0.180628
43 0.279580
44 0.759561
45 0.340048
46 0.675940
47 0.605586
48 0.838517
49 1.000000
50 0.332074
51 0.121933
52 0.612344
53 0.080319
54 1.000000
55 0.076888
56 0.552013
57 1.000000
58 0.671244
59 0.687402
60 0.877429
61 0.400823
62 0.703064
63 0.329715
64 1.000000
65 0.634881
66 0.566089
67 1.000000
68 1.000000
69 0.654484
70 0.685190
71 1.000000
72 0.168512
73 0.329934
74 0.420834
75 0.920393
76 0.421209
77 1.000000
78 0.806055
79 0.686938
80 0.780625
81 0.846280
82 0.870431
83 0.175182
84 0.448581
85 0.724441
86 0.663171
87 0.739471
88 0.008740
89 0.588746
90 0.728974
91 0.076044
92 0.411570
93 0.437977
94 0.213239
95 0.276384
96 0.821806
97 0.924566
98 0.477243
99 0.977797
END
#################################################################
SECTION3 (Edges Information)
EndPoint0 EndPoint1 Weight
0 85 1.000000
0 55 1.000000
0 23 1.000000
0 97 1.000000
0 80 1.000000
1 41 1.000000
1 8 1.000000
1 85 1.000000
1 34 1.000000
2 84 1.000000
2 38 1.000000
2 14 1.000000
2 97 1.000000
3 93 1.000000
3 96 1.000000
3 23 1.000000
3 84 1.000000
4 41 1.000000
4 31 1.000000
5 52 1.000000
5 20 1.000000
5 16 1.000000
6 78 1.000000
6 11 1.000000
6 59 1.000000
6 38 1.000000
6 85 1.000000
7 67 1.000000
7 41 1.000000
7 77 1.000000
7 2 1.000000
8 93 1.000000
8 47 1.000000
9 0 1.000000
9 93 1.000000
9 15 1.000000
10 24 1.000000
10 72 1.000000
10 65 1.000000
11 16 1.000000
11 35 1.000000
11 45 1.000000
12 46 1.000000
13 36 1.000000
13 68 1.000000
13 83 1.000000
13 32 1.000000
13 66 1.000000
14 58 1.000000
14 73 1.000000
14 32 1.000000
14 40 1.000000
15 51 1.000000
15 92 1.000000
15 52 1.000000
15 86 1.000000
15 97 1.000000
16 41 1.000000
16 93 1.000000
17 35 1.000000
17 70 1.000000
17 47 1.000000
17 91 1.000000
17 51 1.000000
18 38 1.000000
19 75 1.000000
19 77 1.000000
19 36 1.000000
19 32 1.000000
20 87 1.000000
20 96 1.000000
20 67 1.000000
20 26 1.000000
21 58 1.000000
21 40 1.000000
21 63 1.000000
22 1 1.000000
22 76 1.000000
22 50 1.000000
22 55 1.000000
22 98 1.000000
23 73 1.000000
23 94 1.000000
23 34 1.000000
23 76 1.000000
23 35 1.000000
23 61 1.000000
23 86 1.000000
23 43 1.000000
23 82 1.000000
24 65 1.000000
24 7 1.000000
24 38 1.000000
24 97 1.000000
24 21 1.000000
25 37 1.000000
25 72 1.000000
25 63 1.000000
27 94 1.000000
27 83 1.000000
27 40 1.000000
27 92 1.000000
27 19 1.000000
28 54 1.000000
28 70 1.000000
28 11 1.000000
29 77 1.000000
29 54 1.000000
29 95 1.000000
30 44 1.000000
30 15 1.000000
31 4 1.000000
31 48 1.000000
32 60 1.000000
32 79 1.000000
32 9 1.000000
32 86 1.000000
33 49 1.000000
33 47 1.000000
33 24 1.000000
34 85 1.000000
34 80 1.000000
34 79 1.000000
34 74 1.000000
34 10 1.000000
34 97 1.000000
35 97 1.000000
35 63 1.000000
35 27 1.000000
35 55 1.000000
36 40 1.000000
36 13 1.000000
36 50 1.000000
36 88 1.000000
37 83 1.000000
37 23 1.000000
37 42 1.000000
37 87 1.000000
38 89 1.000000
38 85 1.000000
38 42 1.000000
38 94 1.000000
38 65 1.000000
38 60 1.000000
38 70 1.000000
38 82 1.000000
39 81 1.000000
39 57 1.000000
39 89 1.000000
39 12 1.000000
40 21 1.000000
40 36 1.000000
40 88 1.000000
40 50 1.000000
40 15 1.000000
41 7 1.000000
41 4 1.000000
41 68 1.000000
41 2 1.000000
41 80 1.000000
41 43 1.000000
41 6 1.000000
41 58 1.000000
42 85 1.000000
42 18 1.000000
43 25 1.000000
43 0 1.000000
43 24 1.000000
44 76 1.000000
44 34 1.000000
44 3 1.000000
44 39 1.000000
44 1 1.000000
44 73 1.000000
45 60 1.000000
45 10 1.000000
45 57 1.000000
45 22 1.000000
45 61 1.000000
46 3 1.000000
46 23 1.000000
46 2 1.000000
47 33 1.000000
47 81 1.000000
47 51 1.000000
47 20 1.000000
47 90 1.000000
48 31 1.000000
48 64 1.000000
48 63 1.000000
49 70 1.000000
49 33 1.000000
50 52 1.000000
50 43 1.000000
50 63 1.000000
50 38 1.000000
50 3 1.000000
51 19 1.000000
51 74 1.000000
51 38 1.000000
51 53 1.000000
52 36 1.000000
52 23 1.000000
52 93 1.000000
53 82 1.000000
53 80 1.000000
53 15 1.000000
54 29 1.000000
54 28 1.000000
54 87 1.000000
55 46 1.000000
55 41 1.000000
55 74 1.000000
55 17 1.000000
56 65 1.000000
56 25 1.000000
57 39 1.000000
57 91 1.000000
57 92 1.000000
58 21 1.000000
58 27 1.000000
58 37 1.000000
59 89 1.000000
59 73 1.000000
59 78 1.000000
59 67 1.000000
59 27 1.000000
59 74 1.000000
60 94 1.000000
60 56 1.000000
60 69 1.000000
60 74 1.000000
60 14 1.000000
61 97 1.000000
61 92 1.000000
62 97 1.000000
63 74 1.000000
63 23 1.000000
63 37 1.000000
63 59 1.000000
63 86 1.000000
63 30 1.000000
63 75 1.000000
64 48 1.000000
64 75 1.000000
64 6 1.000000
65 14 1.000000
65 63 1.000000
65 23 1.000000
65 55 1.000000
66 22 1.000000
66 20 1.000000
67 78 1.000000
67 7 1.000000
67 39 1.000000
67 76 1.000000
68 13 1.000000
68 71 1.000000
68 10 1.000000
69 99 1.000000
69 78 1.000000
69 45 1.000000
70 28 1.000000
70 49 1.000000
70 34 1.000000
70 54 1.000000
71 68 1.000000
71 99 1.000000
71 22 1.000000
72 50 1.000000
72 5 1.000000
73 88 1.000000
73 23 1.000000
73 58 1.000000
73 2 1.000000
73 30 1.000000
73 5 1.000000
73 20 1.000000
73 98 1.000000
74 23 1.000000
74 29 1.000000
74 28 1.000000
74 6 1.000000
74 48 1.000000
74 45 1.000000
75 64 1.000000
75 19 1.000000
75 0 1.000000
75 89 1.000000
75 87 1.000000
76 44 1.000000
76 73 1.000000
76 15 1.000000
76 8 1.000000
76 97 1.000000
77 19 1.000000
77 29 1.000000
77 44 1.000000
78 69 1.000000
78 67 1.000000
78 88 1.000000
78 94 1.000000
79 5 1.000000
79 34 1.000000
80 73 1.000000
80 82 1.000000
80 59 1.000000
80 84 1.000000
80 38 1.000000
80 9 1.000000
81 47 1.000000
81 39 1.000000
82 95 1.000000
82 59 1.000000
82 86 1.000000
82 89 1.000000
83 59 1.000000
83 90 1.000000
83 80 1.000000
83 73 1.000000
84 57 1.000000
84 35 1.000000
84 53 1.000000
84 45 1.000000
84 11 1.000000
84 44 1.000000
85 86 1.000000
85 22 1.000000
85 84 1.000000
85 75 1.000000
85 83 1.000000
86 73 1.000000
86 17 1.000000
86 95 1.000000
86 33 1.000000
86 0 1.000000
86 56 1.000000
86 87 1.000000
86 63 1.000000
87 62 1.000000
87 17 1.000000
87 27 1.000000
87 80 1.000000
87 1 1.000000
87 97 1.000000
87 94 1.000000
88 22 1.000000
88 75 1.000000
88 71 1.000000
88 41 1.000000
89 9 1.000000
89 90 1.000000
89 99 1.000000
89 92 1.000000
89 98 1.000000
90 59 1.000000
90 41 1.000000
90 24 1.000000
91 88 1.000000
91 25 1.000000
92 32 1.000000
92 53 1.000000
92 60 1.000000
92 13 1.000000
92 7 1.000000
93 1 1.000000
93 87 1.000000
93 84 1.000000
93 41 1.000000
93 92 1.000000
93 3 1.000000
93 66 1.000000
94 6 1.000000
94 0 1.000000
94 95 1.000000
94 93 1.000000
94 44 1.000000
94 17 1.000000
95 47 1.000000
95 14 1.000000
95 51 1.000000
95 24 1.000000
96 87 1.000000
96 60 1.000000
97 17 1.000000
97 38 1.000000
97 40 1.000000
97 13 1.000000
97 45 1.000000
97 30 1.000000
97 50 1.000000
97 6 1.000000
97 79 1.000000
97 93 1.000000
98 86 1.000000
98 93 1.000000
98 46 1.000000
99 71 1.000000
99 69 1.000000
99 64 1.000000
END
#################################################################
SECTION4 (TrueSubGraph Information)
EndPoint0 EndPoint1 Weight
75 19 1.0
81 39 1.0
57 16 1.0
31 48 1.0
39 57 1.0
70 49 1.0
4 31 1.0
99 69 1.0
13 68 1.0
54 28 1.0
33 47 1.0
41 4 1.0
21 40 1.0
71 99 1.0
64 75 1.0
28 70 1.0
48 64 1.0
49 33 1.0
58 21 1.0
47 81 1.0
67 7 1.0
78 67 1.0
29 54 1.0
77 29 1.0
36 13 1.0
19 77 1.0
7 41 1.0
68 71 1.0
69 78 1.0
40 36 1.0
END
#################################################################
