#################################################################
#APDM Input Graph, this input graph includes 3 sections:
#section1 : general information
#section2 : nodes
#section3 : edges
#section4 : trueSubGraph (Optional)
#
#if nodes haven't information set weight to null
#################################################################
SECTION1 (General Information)
numNodes = 100
numEdges = 400
usedAlgorithm = Test
dataSource = RandomData
END
#################################################################
SECTION2 (Nodes Information)
NodeID Weight 
0 0.350951
1 0.566684
2 1.000000
3 0.228031
4 0.572560
5 0.179092
6 0.305664
7 1.000000
8 1.000000
9 1.000000
10 1.000000
11 0.030734
12 0.497698
13 0.823771
14 0.401622
15 0.081606
16 0.567273
17 0.932505
18 0.672371
19 0.506893
20 0.817537
21 0.108509
22 0.841211
23 0.822646
24 0.161631
25 0.183542
26 0.981659
27 0.831888
28 0.377426
29 0.988066
30 0.012323
31 0.966052
32 0.963220
33 1.000000
34 0.983199
35 0.716036
36 1.000000
37 0.876570
38 0.736538
39 1.000000
40 0.586130
41 0.914719
42 1.000000
43 0.626289
44 0.065439
45 0.903470
46 0.891060
47 0.196233
48 0.739755
49 1.000000
50 1.000000
51 0.456974
52 0.520157
53 0.349980
54 1.000000
55 0.201886
56 0.253815
57 0.064564
58 0.594958
59 0.794093
60 0.743352
61 0.723018
62 1.000000
63 0.699894
64 0.765795
65 0.577568
66 0.092808
67 0.167723
68 0.443545
69 0.673706
70 0.748573
71 0.648017
72 0.621576
73 0.529607
74 0.622121
75 0.937045
76 0.613084
77 0.217434
78 0.926195
79 0.071711
80 0.790043
81 0.641622
82 0.862644
83 0.202536
84 0.015658
85 0.962532
86 0.088273
87 0.028468
88 0.842450
89 0.923427
90 0.562365
91 1.000000
92 0.732710
93 0.804582
94 0.663977
95 0.284873
96 0.297332
97 0.850351
98 0.784468
99 0.399931
END
#################################################################
SECTION3 (Edges Information)
EndPoint0 EndPoint1 Weight
0 50 1.000000
0 58 1.000000
1 18 1.000000
2 90 1.000000
2 82 1.000000
2 3 1.000000
2 64 1.000000
2 93 1.000000
2 50 1.000000
2 8 1.000000
3 91 1.000000
3 69 1.000000
4 93 1.000000
5 9 1.000000
5 8 1.000000
6 74 1.000000
7 42 1.000000
7 89 1.000000
7 45 1.000000
7 93 1.000000
7 74 1.000000
7 8 1.000000
7 78 1.000000
7 55 1.000000
8 27 1.000000
8 10 1.000000
8 49 1.000000
8 24 1.000000
8 97 1.000000
8 34 1.000000
8 58 1.000000
8 7 1.000000
8 70 1.000000
9 31 1.000000
9 69 1.000000
9 33 1.000000
9 32 1.000000
9 17 1.000000
9 19 1.000000
9 91 1.000000
9 36 1.000000
9 47 1.000000
9 13 1.000000
9 90 1.000000
9 62 1.000000
10 8 1.000000
10 71 1.000000
10 27 1.000000
10 70 1.000000
10 19 1.000000
10 79 1.000000
10 99 1.000000
10 74 1.000000
11 12 1.000000
12 22 1.000000
13 2 1.000000
13 54 1.000000
14 50 1.000000
14 73 1.000000
15 18 1.000000
15 9 1.000000
15 31 1.000000
15 11 1.000000
16 14 1.000000
16 21 1.000000
17 93 1.000000
17 62 1.000000
17 19 1.000000
17 90 1.000000
17 29 1.000000
17 21 1.000000
18 49 1.000000
18 71 1.000000
18 32 1.000000
18 84 1.000000
18 85 1.000000
18 77 1.000000
18 42 1.000000
18 9 1.000000
18 33 1.000000
19 37 1.000000
19 50 1.000000
19 30 1.000000
19 90 1.000000
19 93 1.000000
19 27 1.000000
19 43 1.000000
19 42 1.000000
20 78 1.000000
21 10 1.000000
21 79 1.000000
21 9 1.000000
21 62 1.000000
22 35 1.000000
23 34 1.000000
23 5 1.000000
24 33 1.000000
24 66 1.000000
24 95 1.000000
25 26 1.000000
25 82 1.000000
25 97 1.000000
26 7 1.000000
27 42 1.000000
27 8 1.000000
27 14 1.000000
27 46 1.000000
27 36 1.000000
27 25 1.000000
27 90 1.000000
27 51 1.000000
27 43 1.000000
27 71 1.000000
27 18 1.000000
28 73 1.000000
29 43 1.000000
29 92 1.000000
30 72 1.000000
31 82 1.000000
31 9 1.000000
31 32 1.000000
31 71 1.000000
31 33 1.000000
31 18 1.000000
32 71 1.000000
32 24 1.000000
32 39 1.000000
32 42 1.000000
32 93 1.000000
33 50 1.000000
33 70 1.000000
33 31 1.000000
33 16 1.000000
33 8 1.000000
33 50 1.000000
33 82 1.000000
33 87 1.000000
33 78 1.000000
33 69 1.000000
33 49 1.000000
33 54 1.000000
34 70 1.000000
34 39 1.000000
34 83 1.000000
34 81 1.000000
34 54 1.000000
34 32 1.000000
34 15 1.000000
34 24 1.000000
34 37 1.000000
35 40 1.000000
36 71 1.000000
36 74 1.000000
36 29 1.000000
36 50 1.000000
36 73 1.000000
36 91 1.000000
36 19 1.000000
36 39 1.000000
36 90 1.000000
36 54 1.000000
36 64 1.000000
36 48 1.000000
37 91 1.000000
37 19 1.000000
37 44 1.000000
37 33 1.000000
37 93 1.000000
37 90 1.000000
38 47 1.000000
38 36 1.000000
38 15 1.000000
39 34 1.000000
39 42 1.000000
39 8 1.000000
39 37 1.000000
39 31 1.000000
39 43 1.000000
39 7 1.000000
40 41 1.000000
41 52 1.000000
42 39 1.000000
42 27 1.000000
42 65 1.000000
42 72 1.000000
42 78 1.000000
42 9 1.000000
42 2 1.000000
42 31 1.000000
43 78 1.000000
43 93 1.000000
43 82 1.000000
43 32 1.000000
43 17 1.000000
43 44 1.000000
43 7 1.000000
43 9 1.000000
43 77 1.000000
44 25 1.000000
44 33 1.000000
45 89 1.000000
45 6 1.000000
45 69 1.000000
45 15 1.000000
46 2 1.000000
46 45 1.000000
47 34 1.000000
47 65 1.000000
47 78 1.000000
48 55 1.000000
48 10 1.000000
48 88 1.000000
49 62 1.000000
49 18 1.000000
49 15 1.000000
49 93 1.000000
49 13 1.000000
49 97 1.000000
49 43 1.000000
50 19 1.000000
50 33 1.000000
50 28 1.000000
50 7 1.000000
50 74 1.000000
50 49 1.000000
50 23 1.000000
50 69 1.000000
50 90 1.000000
50 31 1.000000
51 89 1.000000
52 53 1.000000
53 56 1.000000
54 78 1.000000
54 49 1.000000
54 73 1.000000
54 91 1.000000
54 36 1.000000
54 42 1.000000
54 50 1.000000
54 75 1.000000
54 90 1.000000
54 9 1.000000
54 82 1.000000
54 58 1.000000
55 17 1.000000
55 69 1.000000
55 80 1.000000
56 60 1.000000
57 74 1.000000
58 45 1.000000
58 85 1.000000
58 76 1.000000
59 54 1.000000
60 61 1.000000
61 67 1.000000
62 17 1.000000
62 49 1.000000
62 36 1.000000
62 39 1.000000
62 46 1.000000
63 7 1.000000
64 78 1.000000
64 38 1.000000
65 10 1.000000
65 55 1.000000
65 17 1.000000
66 91 1.000000
66 0 1.000000
67 86 1.000000
68 78 1.000000
69 9 1.000000
69 91 1.000000
69 50 1.000000
69 0 1.000000
69 73 1.000000
69 48 1.000000
69 54 1.000000
69 43 1.000000
69 66 1.000000
69 21 1.000000
70 33 1.000000
70 34 1.000000
70 42 1.000000
70 27 1.000000
70 19 1.000000
70 37 1.000000
71 18 1.000000
71 36 1.000000
71 7 1.000000
71 33 1.000000
71 39 1.000000
71 90 1.000000
71 43 1.000000
71 73 1.000000
71 47 1.000000
71 69 1.000000
72 27 1.000000
72 71 1.000000
73 74 1.000000
73 90 1.000000
73 19 1.000000
73 18 1.000000
73 78 1.000000
73 31 1.000000
73 65 1.000000
73 36 1.000000
74 36 1.000000
74 73 1.000000
74 49 1.000000
74 10 1.000000
74 38 1.000000
74 39 1.000000
74 9 1.000000
74 82 1.000000
74 4 1.000000
74 54 1.000000
74 34 1.000000
75 78 1.000000
76 2 1.000000
77 20 1.000000
77 91 1.000000
77 27 1.000000
78 54 1.000000
78 43 1.000000
78 31 1.000000
78 34 1.000000
78 7 1.000000
78 48 1.000000
78 36 1.000000
78 27 1.000000
78 91 1.000000
78 74 1.000000
78 2 1.000000
79 27 1.000000
79 68 1.000000
80 84 1.000000
81 2 1.000000
82 2 1.000000
82 31 1.000000
82 95 1.000000
82 97 1.000000
82 90 1.000000
82 73 1.000000
82 21 1.000000
83 36 1.000000
84 45 1.000000
84 18 1.000000
84 34 1.000000
85 84 1.000000
85 34 1.000000
86 94 1.000000
87 95 1.000000
88 16 1.000000
88 18 1.000000
89 77 1.000000
89 71 1.000000
89 88 1.000000
90 73 1.000000
90 2 1.000000
90 10 1.000000
90 7 1.000000
90 34 1.000000
90 36 1.000000
90 33 1.000000
90 71 1.000000
90 59 1.000000
90 62 1.000000
90 19 1.000000
90 73 1.000000
90 74 1.000000
90 38 1.000000
91 69 1.000000
91 37 1.000000
91 1 1.000000
91 49 1.000000
91 25 1.000000
91 9 1.000000
91 78 1.000000
91 27 1.000000
92 54 1.000000
93 43 1.000000
93 17 1.000000
93 33 1.000000
93 8 1.000000
93 10 1.000000
93 63 1.000000
93 37 1.000000
93 57 1.000000
93 27 1.000000
93 90 1.000000
94 96 1.000000
95 33 1.000000
95 10 1.000000
95 73 1.000000
96 98 1.000000
97 69 1.000000
97 5 1.000000
97 71 1.000000
97 23 1.000000
99 69 1.000000
END
#################################################################
SECTION4 (TrueSubGraph Information)
EndPoint0 EndPoint1 Weight
17 62 1.0
70 34 1.0
73 90 1.0
90 2 1.0
9 69 1.0
33 70 1.0
54 78 1.0
91 37 1.0
62 49 1.0
18 71 1.0
36 74 1.0
69 91 1.0
34 39 1.0
71 36 1.0
2 82 1.0
39 42 1.0
37 19 1.0
43 93 1.0
31 9 1.0
49 18 1.0
19 50 1.0
27 8 1.0
74 73 1.0
8 10 1.0
50 33 1.0
78 43 1.0
82 31 1.0
42 27 1.0
10 7 1.0
93 17 1.0
END
#################################################################
