#################################################################
#APDM Input Graph, this input graph includes 3 sections:
#section1 : general information
#section2 : nodes
#section3 : edges
#section4 : trueSubGraph (Optional)
#
#if nodes haven't information set weight to null
#################################################################
SECTION1 (General Information)
numNodes = 100
numEdges = 600
usedAlgorithm = Test
dataSource = RandomData
END
#################################################################
SECTION2 (Nodes Information)
NodeID Weight 
0 0.498441
1 1.000000
2 0.726725
3 0.988916
4 0.248208
5 0.727052
6 0.457317
7 0.058929
8 0.007626
9 0.054937
10 0.192214
11 0.226589
12 0.773403
13 0.763975
14 0.595905
15 0.054155
16 0.113060
17 1.000000
18 0.773199
19 0.207462
20 0.822916
21 1.000000
22 0.834625
23 0.687052
24 0.834111
25 0.152722
26 0.544677
27 1.000000
28 1.000000
29 1.000000
30 0.378496
31 0.858891
32 1.000000
33 0.878571
34 1.000000
35 0.284920
36 0.533906
37 1.000000
38 0.437827
39 0.542905
40 0.946294
41 0.610046
42 0.726297
43 0.636977
44 0.110153
45 0.520659
46 0.592829
47 0.459030
48 0.929345
49 0.469864
50 0.618005
51 0.597532
52 0.380713
53 0.327486
54 0.921213
55 0.144932
56 0.682487
57 0.307466
58 0.540616
59 0.764058
60 0.197205
61 0.210446
62 0.377084
63 0.192877
64 0.541743
65 0.080013
66 0.509110
67 0.442148
68 0.772509
69 0.685823
70 0.159392
71 0.671965
72 1.000000
73 0.931423
74 1.000000
75 0.620881
76 1.000000
77 0.625391
78 0.058224
79 0.005247
80 1.000000
81 0.551511
82 0.415935
83 0.506587
84 1.000000
85 0.926977
86 0.017228
87 0.821288
88 0.790547
89 1.000000
90 0.749858
91 0.759571
92 0.549824
93 0.681918
94 0.400438
95 0.549666
96 0.362819
97 1.000000
98 0.639071
99 0.828290
END
#################################################################
SECTION3 (Edges Information)
EndPoint0 EndPoint1 Weight
0 1 1.000000
0 27 1.000000
0 54 1.000000
0 93 1.000000
0 75 1.000000
0 53 1.000000
1 0 1.000000
1 2 1.000000
1 17 1.000000
1 42 1.000000
1 3 1.000000
1 20 1.000000
2 1 1.000000
2 3 1.000000
2 34 1.000000
2 88 1.000000
2 63 1.000000
2 44 1.000000
2 95 1.000000
3 2 1.000000
3 4 1.000000
3 40 1.000000
3 88 1.000000
3 74 1.000000
3 33 1.000000
3 93 1.000000
4 3 1.000000
4 5 1.000000
4 36 1.000000
5 4 1.000000
5 6 1.000000
5 89 1.000000
5 51 1.000000
5 67 1.000000
6 5 1.000000
6 7 1.000000
6 80 1.000000
6 14 1.000000
6 83 1.000000
6 5 1.000000
6 45 1.000000
6 11 1.000000
7 6 1.000000
7 8 1.000000
7 46 1.000000
7 21 1.000000
7 78 1.000000
7 33 1.000000
8 7 1.000000
8 9 1.000000
8 54 1.000000
8 48 1.000000
8 43 1.000000
8 76 1.000000
8 58 1.000000
8 61 1.000000
8 44 1.000000
9 8 1.000000
9 10 1.000000
9 28 1.000000
9 53 1.000000
9 72 1.000000
9 91 1.000000
9 58 1.000000
10 9 1.000000
10 11 1.000000
10 24 1.000000
10 13 1.000000
10 52 1.000000
10 37 1.000000
10 65 1.000000
10 93 1.000000
10 78 1.000000
11 10 1.000000
11 12 1.000000
11 85 1.000000
11 96 1.000000
11 99 1.000000
11 40 1.000000
12 11 1.000000
12 13 1.000000
12 72 1.000000
12 48 1.000000
12 45 1.000000
12 38 1.000000
12 82 1.000000
13 12 1.000000
13 14 1.000000
13 37 1.000000
13 8 1.000000
13 43 1.000000
13 79 1.000000
14 13 1.000000
14 15 1.000000
14 74 1.000000
14 89 1.000000
14 0 1.000000
14 67 1.000000
14 44 1.000000
14 52 1.000000
14 99 1.000000
14 87 1.000000
14 34 1.000000
15 14 1.000000
15 16 1.000000
15 1 1.000000
15 14 1.000000
15 48 1.000000
15 75 1.000000
16 15 1.000000
16 17 1.000000
16 84 1.000000
16 86 1.000000
16 26 1.000000
16 66 1.000000
17 16 1.000000
17 18 1.000000
17 83 1.000000
17 96 1.000000
17 72 1.000000
17 67 1.000000
17 31 1.000000
17 14 1.000000
17 95 1.000000
18 17 1.000000
18 19 1.000000
18 76 1.000000
18 94 1.000000
18 23 1.000000
19 18 1.000000
19 20 1.000000
19 9 1.000000
19 65 1.000000
19 56 1.000000
20 19 1.000000
20 21 1.000000
20 41 1.000000
21 20 1.000000
21 22 1.000000
21 81 1.000000
21 57 1.000000
21 93 1.000000
21 26 1.000000
22 21 1.000000
22 23 1.000000
22 64 1.000000
22 83 1.000000
22 24 1.000000
23 22 1.000000
23 24 1.000000
23 68 1.000000
23 90 1.000000
23 57 1.000000
23 55 1.000000
23 46 1.000000
23 70 1.000000
23 56 1.000000
24 23 1.000000
24 25 1.000000
24 48 1.000000
24 32 1.000000
24 7 1.000000
24 73 1.000000
25 24 1.000000
25 26 1.000000
25 91 1.000000
26 25 1.000000
26 27 1.000000
26 32 1.000000
26 11 1.000000
26 82 1.000000
26 16 1.000000
26 13 1.000000
26 26 1.000000
26 78 1.000000
27 26 1.000000
27 28 1.000000
27 97 1.000000
27 15 1.000000
28 27 1.000000
28 29 1.000000
28 75 1.000000
28 55 1.000000
28 35 1.000000
28 81 1.000000
29 28 1.000000
29 30 1.000000
29 39 1.000000
29 87 1.000000
29 44 1.000000
29 60 1.000000
29 95 1.000000
29 14 1.000000
30 29 1.000000
30 31 1.000000
30 15 1.000000
30 73 1.000000
31 30 1.000000
31 32 1.000000
31 95 1.000000
31 75 1.000000
31 66 1.000000
31 99 1.000000
31 69 1.000000
32 31 1.000000
32 33 1.000000
32 3 1.000000
32 52 1.000000
32 49 1.000000
32 98 1.000000
33 32 1.000000
33 34 1.000000
33 8 1.000000
33 27 1.000000
33 17 1.000000
33 72 1.000000
33 6 1.000000
33 79 1.000000
33 31 1.000000
33 41 1.000000
34 33 1.000000
34 35 1.000000
34 79 1.000000
34 85 1.000000
34 96 1.000000
35 34 1.000000
35 36 1.000000
35 32 1.000000
35 26 1.000000
35 86 1.000000
36 35 1.000000
36 37 1.000000
37 36 1.000000
37 38 1.000000
37 95 1.000000
37 42 1.000000
37 23 1.000000
38 37 1.000000
38 39 1.000000
38 70 1.000000
39 38 1.000000
39 40 1.000000
40 39 1.000000
40 41 1.000000
40 83 1.000000
40 54 1.000000
40 71 1.000000
40 12 1.000000
40 86 1.000000
41 40 1.000000
41 42 1.000000
41 33 1.000000
41 45 1.000000
41 1 1.000000
41 47 1.000000
42 41 1.000000
42 43 1.000000
42 80 1.000000
42 69 1.000000
42 49 1.000000
42 44 1.000000
43 42 1.000000
43 44 1.000000
43 17 1.000000
43 54 1.000000
43 96 1.000000
44 43 1.000000
44 45 1.000000
44 29 1.000000
44 84 1.000000
44 60 1.000000
44 19 1.000000
44 76 1.000000
44 28 1.000000
45 44 1.000000
45 46 1.000000
45 82 1.000000
45 31 1.000000
45 61 1.000000
45 3 1.000000
46 45 1.000000
46 47 1.000000
46 26 1.000000
46 34 1.000000
47 46 1.000000
47 48 1.000000
47 56 1.000000
47 84 1.000000
47 86 1.000000
47 98 1.000000
47 60 1.000000
48 47 1.000000
48 49 1.000000
48 12 1.000000
48 77 1.000000
48 55 1.000000
48 50 1.000000
48 64 1.000000
49 48 1.000000
49 50 1.000000
49 33 1.000000
49 2 1.000000
49 59 1.000000
49 3 1.000000
49 71 1.000000
49 98 1.000000
50 49 1.000000
50 51 1.000000
50 72 1.000000
50 35 1.000000
50 73 1.000000
50 44 1.000000
50 57 1.000000
51 50 1.000000
51 52 1.000000
51 12 1.000000
52 51 1.000000
52 53 1.000000
52 45 1.000000
52 85 1.000000
52 44 1.000000
52 6 1.000000
52 9 1.000000
52 49 1.000000
52 56 1.000000
52 58 1.000000
53 52 1.000000
53 54 1.000000
53 10 1.000000
53 63 1.000000
53 96 1.000000
53 50 1.000000
54 53 1.000000
54 55 1.000000
54 28 1.000000
54 57 1.000000
54 73 1.000000
55 54 1.000000
55 56 1.000000
55 86 1.000000
55 0 1.000000
55 40 1.000000
55 70 1.000000
55 6 1.000000
56 55 1.000000
56 57 1.000000
56 32 1.000000
56 68 1.000000
56 23 1.000000
56 24 1.000000
56 89 1.000000
56 25 1.000000
57 56 1.000000
57 58 1.000000
57 65 1.000000
57 95 1.000000
57 43 1.000000
57 23 1.000000
58 57 1.000000
58 59 1.000000
58 22 1.000000
58 46 1.000000
58 33 1.000000
58 14 1.000000
58 47 1.000000
58 8 1.000000
59 58 1.000000
59 60 1.000000
59 17 1.000000
59 92 1.000000
60 59 1.000000
60 61 1.000000
60 70 1.000000
60 85 1.000000
60 58 1.000000
60 56 1.000000
61 60 1.000000
61 62 1.000000
61 82 1.000000
61 0 1.000000
62 61 1.000000
62 63 1.000000
62 64 1.000000
62 35 1.000000
62 17 1.000000
63 62 1.000000
63 64 1.000000
63 6 1.000000
63 97 1.000000
63 60 1.000000
63 16 1.000000
63 56 1.000000
63 52 1.000000
64 63 1.000000
64 65 1.000000
64 63 1.000000
64 29 1.000000
64 62 1.000000
64 95 1.000000
65 64 1.000000
65 66 1.000000
65 89 1.000000
65 18 1.000000
65 7 1.000000
65 48 1.000000
66 65 1.000000
66 67 1.000000
66 49 1.000000
66 88 1.000000
67 66 1.000000
67 68 1.000000
67 67 1.000000
67 40 1.000000
67 52 1.000000
67 12 1.000000
67 72 1.000000
68 67 1.000000
68 69 1.000000
68 41 1.000000
68 56 1.000000
68 60 1.000000
69 68 1.000000
69 70 1.000000
69 8 1.000000
69 99 1.000000
69 92 1.000000
70 69 1.000000
70 71 1.000000
70 33 1.000000
70 50 1.000000
70 2 1.000000
70 63 1.000000
70 52 1.000000
70 14 1.000000
71 70 1.000000
71 72 1.000000
71 83 1.000000
71 18 1.000000
72 71 1.000000
72 73 1.000000
72 34 1.000000
72 1 1.000000
72 22 1.000000
72 52 1.000000
72 26 1.000000
72 19 1.000000
73 72 1.000000
73 74 1.000000
73 34 1.000000
73 30 1.000000
73 89 1.000000
73 64 1.000000
73 10 1.000000
74 73 1.000000
74 75 1.000000
74 31 1.000000
75 74 1.000000
75 76 1.000000
75 42 1.000000
75 0 1.000000
75 81 1.000000
76 75 1.000000
76 77 1.000000
76 89 1.000000
76 62 1.000000
77 76 1.000000
77 78 1.000000
77 17 1.000000
77 10 1.000000
78 77 1.000000
78 79 1.000000
78 92 1.000000
78 53 1.000000
78 14 1.000000
78 33 1.000000
79 78 1.000000
79 80 1.000000
79 68 1.000000
79 6 1.000000
79 58 1.000000
80 79 1.000000
80 81 1.000000
80 21 1.000000
81 80 1.000000
81 82 1.000000
81 52 1.000000
81 47 1.000000
81 14 1.000000
82 81 1.000000
82 83 1.000000
82 77 1.000000
82 2 1.000000
82 40 1.000000
82 11 1.000000
82 29 1.000000
82 5 1.000000
83 82 1.000000
83 84 1.000000
83 8 1.000000
83 82 1.000000
83 16 1.000000
83 9 1.000000
84 83 1.000000
84 85 1.000000
84 93 1.000000
84 29 1.000000
84 70 1.000000
84 63 1.000000
84 95 1.000000
84 98 1.000000
85 84 1.000000
85 86 1.000000
85 62 1.000000
85 81 1.000000
85 50 1.000000
85 72 1.000000
85 47 1.000000
85 84 1.000000
86 85 1.000000
86 87 1.000000
86 14 1.000000
86 8 1.000000
86 37 1.000000
86 17 1.000000
86 94 1.000000
87 86 1.000000
87 88 1.000000
87 6 1.000000
87 30 1.000000
87 63 1.000000
88 87 1.000000
88 89 1.000000
88 15 1.000000
88 93 1.000000
88 96 1.000000
89 88 1.000000
89 90 1.000000
89 53 1.000000
89 32 1.000000
89 9 1.000000
89 1 1.000000
89 85 1.000000
89 2 1.000000
90 89 1.000000
90 91 1.000000
90 47 1.000000
91 90 1.000000
91 92 1.000000
91 41 1.000000
92 91 1.000000
92 93 1.000000
92 82 1.000000
92 55 1.000000
92 23 1.000000
93 92 1.000000
93 94 1.000000
93 37 1.000000
93 73 1.000000
93 85 1.000000
93 10 1.000000
93 49 1.000000
93 50 1.000000
93 84 1.000000
94 93 1.000000
94 95 1.000000
94 65 1.000000
94 33 1.000000
94 58 1.000000
95 94 1.000000
95 96 1.000000
95 13 1.000000
95 78 1.000000
95 42 1.000000
95 21 1.000000
95 93 1.000000
95 48 1.000000
95 64 1.000000
95 86 1.000000
96 95 1.000000
96 97 1.000000
96 68 1.000000
96 26 1.000000
96 31 1.000000
96 89 1.000000
96 47 1.000000
96 67 1.000000
97 96 1.000000
97 98 1.000000
97 94 1.000000
98 97 1.000000
98 99 1.000000
98 23 1.000000
98 28 1.000000
98 42 1.000000
98 55 1.000000
99 98 1.000000
99 10 1.000000
99 84 1.000000
99 3 1.000000
99 49 1.000000
END
#################################################################
SECTION4 (TrueSubGraph Information)
EndPoint0 EndPoint1 Weight
91 32 1.0
76 20 1.0
74 1 1.0
20 21 1.0
68 48 1.0
32 97 1.0
24 85 1.0
17 34 1.0
29 27 1.0
85 72 1.0
46 54 1.0
75 39 1.0
97 75 1.0
28 24 1.0
81 64 1.0
36 89 1.0
84 83 1.0
83 76 1.0
54 28 1.0
40 36 1.0
37 74 1.0
64 68 1.0
27 17 1.0
89 80 1.0
72 37 1.0
34 40 1.0
21 81 1.0
48 91 1.0
80 46 1.0
1 84 1.0
END
#################################################################
