#################################################################
#APDM Input Graph, this input graph includes 3 sections:
#section1 : general information
#section2 : nodes
#section3 : edges
#section4 : trueSubGraph (Optional)
#
#if nodes haven't information set weight to null
#################################################################
SECTION1 (General Information)
numNodes = 50
numEdges = 238
usedAlgorithm = Test
dataSource = RandomData
END
#################################################################
SECTION2 (Nodes Information)
NodeID Weight 
0 0.300743
1 0.524769
2 0.718857
3 0.436940
4 0.212507
5 0.956403
6 0.906110
7 0.655096
8 0.090982
9 1.000000
10 0.291525
11 1.000000
12 0.626636
13 0.384810
14 0.429533
15 0.365140
16 0.247049
17 1.000000
18 0.794694
19 0.917782
20 1.000000
21 0.660592
22 0.260568
23 0.390795
24 0.689918
25 0.971783
26 0.516341
27 0.472468
28 0.471705
29 1.000000
30 0.442177
31 0.721254
32 0.266522
33 0.239562
34 0.415247
35 1.000000
36 0.824161
37 0.570184
38 0.850617
39 0.555584
40 0.579728
41 0.631638
42 0.394663
43 0.709884
44 0.668870
45 0.947069
46 0.083380
47 0.484243
48 0.929686
49 0.536650
END
#################################################################
SECTION3 (Edges Information)
EndPoint0 EndPoint1 Weight
0 26 1.000000
0 45 1.000000
0 25 1.000000
0 28 1.000000
1 28 1.000000
1 33 1.000000
1 18 1.000000
1 44 1.000000
1 11 1.000000
2 9 1.000000
2 21 1.000000
2 27 1.000000
2 28 1.000000
2 18 1.000000
3 2 1.000000
3 20 1.000000
3 33 1.000000
3 22 1.000000
4 16 1.000000
4 41 1.000000
4 1 1.000000
4 48 1.000000
4 28 1.000000
5 41 1.000000
5 35 1.000000
5 17 1.000000
5 12 1.000000
6 9 1.000000
6 27 1.000000
6 43 1.000000
6 18 1.000000
6 36 1.000000
7 41 1.000000
7 5 1.000000
7 11 1.000000
7 1 1.000000
7 17 1.000000
8 20 1.000000
8 44 1.000000
8 37 1.000000
8 11 1.000000
8 16 1.000000
9 49 1.000000
9 14 1.000000
9 1 1.000000
9 30 1.000000
9 0 1.000000
10 46 1.000000
10 43 1.000000
10 8 1.000000
10 4 1.000000
10 33 1.000000
11 12 1.000000
11 36 1.000000
11 19 1.000000
11 46 1.000000
11 28 1.000000
12 48 1.000000
12 13 1.000000
12 47 1.000000
13 11 1.000000
13 9 1.000000
13 41 1.000000
13 37 1.000000
14 27 1.000000
14 25 1.000000
14 18 1.000000
14 23 1.000000
14 15 1.000000
15 33 1.000000
15 7 1.000000
15 23 1.000000
15 21 1.000000
15 12 1.000000
16 27 1.000000
16 13 1.000000
16 45 1.000000
16 3 1.000000
16 35 1.000000
17 12 1.000000
17 18 1.000000
17 11 1.000000
17 4 1.000000
18 5 1.000000
18 38 1.000000
18 26 1.000000
18 20 1.000000
18 45 1.000000
19 30 1.000000
19 36 1.000000
19 29 1.000000
19 45 1.000000
20 13 1.000000
20 19 1.000000
20 24 1.000000
20 21 1.000000
20 38 1.000000
21 14 1.000000
21 28 1.000000
21 30 1.000000
21 39 1.000000
21 4 1.000000
22 40 1.000000
22 0 1.000000
22 11 1.000000
22 18 1.000000
22 35 1.000000
23 14 1.000000
23 11 1.000000
23 16 1.000000
23 5 1.000000
24 8 1.000000
24 39 1.000000
24 21 1.000000
24 29 1.000000
24 6 1.000000
25 29 1.000000
25 26 1.000000
25 3 1.000000
25 42 1.000000
25 48 1.000000
26 7 1.000000
26 17 1.000000
26 10 1.000000
26 40 1.000000
26 9 1.000000
27 2 1.000000
27 36 1.000000
27 20 1.000000
27 28 1.000000
27 26 1.000000
28 42 1.000000
28 4 1.000000
28 20 1.000000
28 29 1.000000
28 17 1.000000
29 8 1.000000
29 45 1.000000
29 48 1.000000
29 27 1.000000
29 3 1.000000
30 27 1.000000
30 2 1.000000
30 32 1.000000
30 48 1.000000
30 4 1.000000
31 17 1.000000
31 25 1.000000
31 37 1.000000
31 47 1.000000
31 6 1.000000
32 17 1.000000
32 42 1.000000
32 4 1.000000
32 33 1.000000
32 45 1.000000
33 6 1.000000
33 39 1.000000
33 48 1.000000
33 11 1.000000
33 20 1.000000
34 5 1.000000
34 7 1.000000
34 43 1.000000
34 4 1.000000
34 6 1.000000
35 37 1.000000
35 27 1.000000
35 12 1.000000
35 10 1.000000
35 13 1.000000
36 35 1.000000
36 47 1.000000
36 37 1.000000
36 18 1.000000
36 38 1.000000
37 4 1.000000
37 7 1.000000
37 10 1.000000
37 13 1.000000
37 19 1.000000
38 42 1.000000
38 47 1.000000
38 9 1.000000
38 5 1.000000
38 18 1.000000
39 29 1.000000
39 21 1.000000
39 13 1.000000
39 47 1.000000
39 10 1.000000
40 36 1.000000
40 2 1.000000
40 5 1.000000
40 28 1.000000
41 19 1.000000
41 23 1.000000
41 45 1.000000
41 42 1.000000
42 27 1.000000
42 12 1.000000
42 5 1.000000
42 17 1.000000
42 7 1.000000
43 19 1.000000
43 27 1.000000
43 9 1.000000
43 12 1.000000
44 40 1.000000
44 25 1.000000
44 17 1.000000
44 48 1.000000
44 43 1.000000
45 13 1.000000
45 11 1.000000
45 42 1.000000
45 47 1.000000
45 9 1.000000
46 45 1.000000
46 13 1.000000
46 11 1.000000
46 19 1.000000
46 40 1.000000
47 28 1.000000
47 35 1.000000
47 19 1.000000
47 0 1.000000
47 39 1.000000
48 28 1.000000
48 11 1.000000
48 10 1.000000
48 27 1.000000
48 18 1.000000
49 26 1.000000
49 32 1.000000
49 46 1.000000
49 44 1.000000
49 0 1.000000
END
#################################################################
SECTION4 (TrueSubGraph Information)
EndPoint0 EndPoint1 Weight
5 48 1.0
9 36 1.0
20 19 1.0
7 5 1.0
11 41 1.0
25 23 1.0
28 9 1.0
40 2 1.0
10 13 1.0
48 37 1.0
41 27 1.0
23 30 1.0
45 21 1.0
19 7 1.0
17 1 1.0
12 35 1.0
1 10 1.0
35 32 1.0
36 29 1.0
37 17 1.0
21 40 1.0
32 45 1.0
33 11 1.0
2 42 1.0
42 16 1.0
29 25 1.0
13 33 1.0
30 20 1.0
16 28 1.0
18 12 1.0
END
#################################################################
