#################################################################
#APDM Input Graph, this input graph includes 3 sections:
#section1 : general information
#section2 : nodes
#section3 : edges
#section4 : trueSubGraph (Optional)
#
#if nodes haven't information set weight to null
#################################################################
SECTION1 (General Information)
numNodes = 50
numEdges = 240
usedAlgorithm = Test
dataSource = RandomData
END
#################################################################
SECTION2 (Nodes Information)
NodeID Weight 
0 1.000000
1 0.580522
2 0.934868
3 0.418051
4 1.000000
5 0.854605
6 0.253289
7 0.688020
8 0.638100
9 0.117687
10 0.330483
11 0.818621
12 1.000000
13 1.000000
14 0.654407
15 0.846153
16 0.272568
17 0.809550
18 0.006811
19 1.000000
20 1.000000
21 1.000000
22 0.559573
23 1.000000
24 0.988498
25 0.825528
26 1.000000
27 0.693490
28 1.000000
29 0.793927
30 0.418845
31 1.000000
32 0.251920
33 0.972686
34 0.385468
35 0.621840
36 0.834169
37 1.000000
38 0.502157
39 0.885608
40 1.000000
41 0.953536
42 0.597576
43 0.963756
44 0.706745
45 0.689051
46 1.000000
47 0.812759
48 0.687654
49 0.867804
END
#################################################################
SECTION3 (Edges Information)
EndPoint0 EndPoint1 Weight
0 6 1.000000
0 9 1.000000
0 16 1.000000
0 17 1.000000
0 12 1.000000
1 23 1.000000
1 8 1.000000
1 2 1.000000
1 14 1.000000
1 48 1.000000
2 25 1.000000
2 8 1.000000
2 32 1.000000
2 7 1.000000
2 44 1.000000
3 49 1.000000
3 5 1.000000
3 45 1.000000
3 27 1.000000
3 24 1.000000
4 43 1.000000
4 1 1.000000
4 47 1.000000
4 16 1.000000
4 15 1.000000
5 41 1.000000
5 46 1.000000
5 16 1.000000
5 11 1.000000
5 47 1.000000
6 8 1.000000
6 38 1.000000
6 16 1.000000
6 20 1.000000
6 35 1.000000
7 37 1.000000
7 24 1.000000
7 18 1.000000
7 42 1.000000
7 38 1.000000
8 26 1.000000
8 15 1.000000
8 0 1.000000
8 1 1.000000
8 25 1.000000
9 10 1.000000
9 49 1.000000
9 44 1.000000
9 8 1.000000
9 16 1.000000
10 17 1.000000
10 27 1.000000
10 34 1.000000
10 8 1.000000
11 30 1.000000
11 44 1.000000
11 33 1.000000
11 18 1.000000
11 8 1.000000
12 38 1.000000
12 34 1.000000
12 22 1.000000
12 11 1.000000
12 9 1.000000
13 8 1.000000
13 15 1.000000
13 25 1.000000
13 5 1.000000
14 4 1.000000
14 5 1.000000
14 30 1.000000
14 18 1.000000
14 13 1.000000
15 18 1.000000
15 2 1.000000
15 29 1.000000
15 43 1.000000
15 16 1.000000
16 9 1.000000
16 14 1.000000
16 24 1.000000
16 42 1.000000
16 10 1.000000
17 28 1.000000
17 5 1.000000
17 1 1.000000
17 42 1.000000
17 21 1.000000
18 24 1.000000
18 1 1.000000
18 28 1.000000
18 48 1.000000
18 40 1.000000
19 6 1.000000
19 2 1.000000
19 30 1.000000
19 40 1.000000
19 12 1.000000
20 23 1.000000
20 4 1.000000
20 10 1.000000
20 47 1.000000
20 36 1.000000
21 37 1.000000
21 44 1.000000
21 5 1.000000
21 10 1.000000
21 47 1.000000
22 45 1.000000
22 10 1.000000
22 18 1.000000
22 14 1.000000
22 2 1.000000
23 15 1.000000
23 24 1.000000
23 40 1.000000
23 4 1.000000
23 37 1.000000
24 18 1.000000
24 38 1.000000
24 5 1.000000
24 9 1.000000
24 35 1.000000
25 3 1.000000
25 28 1.000000
25 45 1.000000
26 11 1.000000
26 18 1.000000
26 19 1.000000
26 22 1.000000
26 3 1.000000
27 17 1.000000
27 22 1.000000
27 32 1.000000
27 46 1.000000
27 44 1.000000
28 9 1.000000
28 4 1.000000
28 30 1.000000
28 23 1.000000
28 5 1.000000
29 43 1.000000
29 2 1.000000
29 42 1.000000
29 26 1.000000
29 34 1.000000
30 33 1.000000
30 46 1.000000
30 6 1.000000
30 24 1.000000
30 9 1.000000
31 8 1.000000
31 27 1.000000
31 35 1.000000
31 37 1.000000
31 1 1.000000
32 38 1.000000
32 5 1.000000
32 12 1.000000
32 44 1.000000
32 1 1.000000
33 45 1.000000
33 31 1.000000
33 27 1.000000
33 38 1.000000
34 16 1.000000
34 5 1.000000
34 24 1.000000
34 25 1.000000
35 31 1.000000
35 22 1.000000
35 16 1.000000
35 32 1.000000
35 33 1.000000
36 47 1.000000
36 17 1.000000
36 25 1.000000
36 40 1.000000
36 33 1.000000
37 11 1.000000
37 26 1.000000
37 43 1.000000
37 14 1.000000
37 5 1.000000
38 33 1.000000
38 13 1.000000
38 37 1.000000
38 28 1.000000
39 17 1.000000
39 22 1.000000
39 9 1.000000
39 43 1.000000
39 2 1.000000
40 7 1.000000
40 33 1.000000
40 15 1.000000
40 45 1.000000
40 3 1.000000
41 45 1.000000
41 23 1.000000
41 5 1.000000
41 46 1.000000
41 27 1.000000
42 4 1.000000
42 44 1.000000
42 6 1.000000
42 31 1.000000
42 43 1.000000
43 19 1.000000
43 8 1.000000
43 12 1.000000
43 14 1.000000
43 9 1.000000
44 26 1.000000
44 23 1.000000
44 10 1.000000
44 38 1.000000
45 10 1.000000
45 6 1.000000
45 46 1.000000
45 12 1.000000
46 24 1.000000
46 38 1.000000
46 42 1.000000
46 18 1.000000
46 39 1.000000
47 32 1.000000
47 5 1.000000
47 11 1.000000
47 30 1.000000
47 33 1.000000
48 30 1.000000
48 9 1.000000
48 49 1.000000
48 27 1.000000
49 33 1.000000
49 15 1.000000
49 16 1.000000
49 18 1.000000
49 7 1.000000
END
#################################################################
SECTION4 (TrueSubGraph Information)
EndPoint0 EndPoint1 Weight
24 4 1.0
43 35 1.0
11 7 1.0
46 14 1.0
35 37 1.0
7 28 1.0
33 49 1.0
19 39 1.0
29 17 1.0
0 43 1.0
4 13 1.0
20 0 1.0
48 40 1.0
2 23 1.0
15 31 1.0
40 15 1.0
31 12 1.0
41 26 1.0
21 19 1.0
13 11 1.0
39 48 1.0
49 46 1.0
26 29 1.0
17 33 1.0
36 20 1.0
14 21 1.0
22 2 1.0
23 36 1.0
28 41 1.0
12 22 1.0
END
#################################################################
