#################################################################
#APDM Input Graph, this input graph includes 3 sections:
#section1 : general information
#section2 : nodes
#section3 : edges
#section4 : trueSubGraph (Optional)
#
#if nodes haven't information set weight to null
#################################################################
SECTION1 (General Information)
numNodes = 50
numEdges = 240
usedAlgorithm = Test
dataSource = RandomData
END
#################################################################
SECTION2 (Nodes Information)
NodeID Weight 
0 0.409174
1 0.773621
2 1.000000
3 0.697764
4 0.729353
5 0.170409
6 0.656530
7 0.940298
8 0.816851
9 0.412907
10 0.823709
11 0.031960
12 0.784325
13 0.603423
14 1.000000
15 0.053015
16 0.793791
17 0.568984
18 0.962524
19 1.000000
20 1.000000
21 0.230748
22 1.000000
23 0.443100
24 0.781136
25 0.635716
26 0.744613
27 0.415839
28 1.000000
29 0.648565
30 0.971891
31 1.000000
32 1.000000
33 1.000000
34 0.061732
35 0.301064
36 0.821399
37 1.000000
38 1.000000
39 0.819085
40 1.000000
41 0.583746
42 0.453719
43 0.995351
44 1.000000
45 1.000000
46 1.000000
47 0.977070
48 0.833296
49 1.000000
END
#################################################################
SECTION3 (Edges Information)
EndPoint0 EndPoint1 Weight
0 32 1.000000
0 31 1.000000
0 45 1.000000
0 46 1.000000
0 43 1.000000
1 44 1.000000
1 15 1.000000
1 16 1.000000
1 46 1.000000
1 20 1.000000
2 36 1.000000
2 4 1.000000
2 3 1.000000
2 41 1.000000
2 43 1.000000
3 31 1.000000
3 41 1.000000
3 36 1.000000
3 42 1.000000
3 20 1.000000
4 38 1.000000
4 39 1.000000
4 40 1.000000
4 15 1.000000
4 19 1.000000
5 37 1.000000
5 31 1.000000
5 1 1.000000
5 32 1.000000
5 45 1.000000
6 33 1.000000
6 17 1.000000
6 19 1.000000
6 30 1.000000
6 39 1.000000
7 8 1.000000
7 26 1.000000
7 36 1.000000
7 16 1.000000
7 49 1.000000
8 38 1.000000
8 28 1.000000
8 32 1.000000
8 49 1.000000
9 33 1.000000
9 31 1.000000
9 4 1.000000
9 46 1.000000
9 2 1.000000
10 15 1.000000
10 5 1.000000
10 29 1.000000
10 18 1.000000
10 36 1.000000
11 41 1.000000
11 44 1.000000
11 26 1.000000
11 45 1.000000
11 12 1.000000
12 41 1.000000
12 2 1.000000
12 28 1.000000
12 19 1.000000
12 31 1.000000
13 7 1.000000
13 14 1.000000
13 26 1.000000
13 19 1.000000
13 49 1.000000
14 27 1.000000
14 38 1.000000
14 16 1.000000
14 31 1.000000
14 20 1.000000
15 32 1.000000
15 24 1.000000
15 2 1.000000
15 43 1.000000
15 48 1.000000
16 35 1.000000
16 6 1.000000
16 43 1.000000
16 26 1.000000
16 14 1.000000
17 40 1.000000
17 28 1.000000
17 24 1.000000
17 30 1.000000
18 33 1.000000
18 19 1.000000
18 26 1.000000
18 37 1.000000
19 41 1.000000
19 38 1.000000
19 44 1.000000
19 48 1.000000
19 0 1.000000
20 27 1.000000
20 23 1.000000
20 4 1.000000
20 24 1.000000
20 1 1.000000
21 2 1.000000
21 4 1.000000
21 33 1.000000
21 19 1.000000
21 41 1.000000
22 13 1.000000
22 17 1.000000
22 23 1.000000
22 8 1.000000
22 11 1.000000
23 2 1.000000
23 45 1.000000
23 43 1.000000
23 18 1.000000
23 30 1.000000
24 38 1.000000
24 17 1.000000
24 18 1.000000
24 26 1.000000
24 43 1.000000
25 12 1.000000
25 49 1.000000
25 19 1.000000
25 3 1.000000
26 17 1.000000
26 19 1.000000
26 42 1.000000
26 33 1.000000
26 35 1.000000
27 45 1.000000
27 48 1.000000
27 1 1.000000
27 36 1.000000
27 14 1.000000
28 17 1.000000
28 49 1.000000
28 16 1.000000
28 36 1.000000
28 33 1.000000
29 22 1.000000
29 14 1.000000
29 2 1.000000
29 10 1.000000
29 28 1.000000
30 41 1.000000
30 38 1.000000
30 18 1.000000
30 7 1.000000
30 31 1.000000
31 22 1.000000
31 6 1.000000
31 17 1.000000
31 32 1.000000
31 21 1.000000
32 26 1.000000
32 44 1.000000
32 17 1.000000
32 18 1.000000
32 33 1.000000
33 40 1.000000
33 28 1.000000
33 13 1.000000
33 24 1.000000
33 34 1.000000
34 1 1.000000
34 32 1.000000
34 37 1.000000
34 33 1.000000
35 49 1.000000
35 36 1.000000
35 14 1.000000
36 38 1.000000
36 41 1.000000
36 37 1.000000
36 13 1.000000
36 19 1.000000
37 33 1.000000
37 17 1.000000
37 19 1.000000
37 9 1.000000
38 42 1.000000
38 2 1.000000
38 7 1.000000
38 30 1.000000
38 31 1.000000
39 37 1.000000
39 45 1.000000
39 1 1.000000
39 44 1.000000
39 49 1.000000
40 48 1.000000
40 12 1.000000
40 0 1.000000
40 20 1.000000
40 43 1.000000
41 13 1.000000
41 14 1.000000
41 49 1.000000
41 19 1.000000
41 48 1.000000
42 2 1.000000
42 0 1.000000
42 26 1.000000
42 28 1.000000
42 48 1.000000
43 12 1.000000
43 19 1.000000
43 44 1.000000
43 48 1.000000
43 9 1.000000
44 12 1.000000
44 41 1.000000
44 38 1.000000
44 45 1.000000
44 16 1.000000
45 29 1.000000
45 2 1.000000
45 14 1.000000
45 37 1.000000
46 9 1.000000
46 18 1.000000
46 28 1.000000
46 13 1.000000
46 2 1.000000
47 40 1.000000
47 2 1.000000
47 17 1.000000
47 36 1.000000
48 29 1.000000
48 36 1.000000
48 19 1.000000
48 38 1.000000
48 30 1.000000
49 46 1.000000
49 48 1.000000
49 4 1.000000
49 20 1.000000
49 10 1.000000
END
#################################################################
SECTION4 (TrueSubGraph Information)
EndPoint0 EndPoint1 Weight
31 26 1.0
12 44 1.0
45 16 1.0
17 18 1.0
16 33 1.0
40 32 1.0
24 48 1.0
1 49 1.0
14 45 1.0
46 36 1.0
48 46 1.0
38 20 1.0
4 43 1.0
33 40 1.0
36 2 1.0
30 8 1.0
28 14 1.0
18 19 1.0
26 28 1.0
32 17 1.0
20 24 1.0
2 13 1.0
37 38 1.0
44 30 1.0
43 1 1.0
19 12 1.0
49 22 1.0
8 41 1.0
41 4 1.0
22 37 1.0
END
#################################################################
