#################################################################
#APDM Input Graph, this input graph includes 3 sections:
#section1 : general information
#section2 : nodes
#section3 : edges
#section4 : trueSubGraph (Optional)
#
#if nodes haven't information set weight to null
#################################################################
SECTION1 (General Information)
numNodes = 50
numEdges = 243
usedAlgorithm = Test
dataSource = RandomData
END
#################################################################
SECTION2 (Nodes Information)
NodeID Weight 
0 0.653866
1 0.308404
2 1.000000
3 0.926404
4 0.885270
5 0.202225
6 0.896548
7 0.773164
8 0.529876
9 0.738056
10 0.386491
11 0.588896
12 0.629430
13 1.000000
14 1.000000
15 1.000000
16 1.000000
17 0.780778
18 0.555614
19 0.528044
20 0.412883
21 0.832178
22 0.625514
23 0.789185
24 0.454793
25 0.420537
26 0.919348
27 0.818675
28 0.819656
29 0.477154
30 0.679358
31 0.784287
32 0.596190
33 0.715530
34 0.212608
35 0.356961
36 0.491967
37 1.000000
38 0.801720
39 1.000000
40 0.095092
41 0.047163
42 0.784883
43 0.910133
44 0.608105
45 0.264711
46 0.582155
47 0.497260
48 1.000000
49 1.000000
END
#################################################################
SECTION3 (Edges Information)
EndPoint0 EndPoint1 Weight
0 46 1.000000
0 10 1.000000
0 26 1.000000
0 40 1.000000
0 28 1.000000
1 21 1.000000
1 42 1.000000
1 19 1.000000
1 4 1.000000
1 39 1.000000
2 20 1.000000
2 19 1.000000
2 30 1.000000
2 48 1.000000
2 15 1.000000
3 0 1.000000
3 13 1.000000
3 7 1.000000
3 14 1.000000
3 20 1.000000
4 44 1.000000
4 3 1.000000
4 47 1.000000
4 41 1.000000
4 7 1.000000
5 37 1.000000
5 22 1.000000
5 8 1.000000
5 28 1.000000
5 15 1.000000
6 40 1.000000
6 18 1.000000
6 22 1.000000
6 47 1.000000
6 11 1.000000
7 23 1.000000
7 10 1.000000
7 20 1.000000
7 19 1.000000
7 29 1.000000
8 3 1.000000
8 28 1.000000
8 15 1.000000
8 9 1.000000
9 24 1.000000
9 38 1.000000
9 26 1.000000
9 29 1.000000
10 35 1.000000
10 16 1.000000
10 30 1.000000
10 12 1.000000
10 23 1.000000
11 12 1.000000
11 10 1.000000
11 21 1.000000
11 14 1.000000
11 24 1.000000
12 2 1.000000
12 40 1.000000
12 21 1.000000
12 22 1.000000
12 38 1.000000
13 42 1.000000
13 37 1.000000
13 33 1.000000
13 23 1.000000
13 20 1.000000
14 39 1.000000
14 11 1.000000
14 47 1.000000
14 2 1.000000
14 9 1.000000
15 2 1.000000
15 26 1.000000
15 33 1.000000
15 20 1.000000
15 39 1.000000
16 24 1.000000
16 40 1.000000
16 28 1.000000
16 47 1.000000
16 19 1.000000
17 33 1.000000
17 25 1.000000
17 20 1.000000
17 36 1.000000
17 37 1.000000
18 28 1.000000
18 45 1.000000
18 25 1.000000
18 22 1.000000
18 19 1.000000
19 41 1.000000
19 18 1.000000
19 29 1.000000
19 28 1.000000
19 21 1.000000
20 37 1.000000
20 11 1.000000
20 8 1.000000
20 2 1.000000
21 39 1.000000
21 16 1.000000
21 33 1.000000
21 0 1.000000
22 33 1.000000
22 19 1.000000
22 43 1.000000
22 13 1.000000
22 0 1.000000
23 44 1.000000
23 18 1.000000
23 34 1.000000
23 19 1.000000
23 39 1.000000
24 25 1.000000
24 28 1.000000
24 39 1.000000
24 5 1.000000
24 14 1.000000
25 0 1.000000
25 15 1.000000
25 22 1.000000
25 34 1.000000
25 4 1.000000
26 44 1.000000
26 27 1.000000
26 16 1.000000
26 7 1.000000
26 4 1.000000
27 25 1.000000
27 34 1.000000
27 45 1.000000
27 16 1.000000
27 31 1.000000
28 23 1.000000
28 0 1.000000
28 25 1.000000
28 39 1.000000
28 30 1.000000
29 39 1.000000
29 47 1.000000
29 14 1.000000
29 30 1.000000
29 13 1.000000
30 35 1.000000
30 37 1.000000
30 42 1.000000
30 18 1.000000
30 24 1.000000
31 17 1.000000
31 21 1.000000
31 35 1.000000
31 48 1.000000
31 11 1.000000
32 15 1.000000
32 6 1.000000
32 37 1.000000
32 44 1.000000
32 9 1.000000
33 18 1.000000
33 10 1.000000
33 15 1.000000
33 38 1.000000
33 3 1.000000
34 2 1.000000
34 37 1.000000
34 45 1.000000
34 30 1.000000
34 33 1.000000
35 16 1.000000
35 21 1.000000
35 39 1.000000
35 18 1.000000
36 15 1.000000
36 33 1.000000
36 35 1.000000
36 6 1.000000
36 11 1.000000
37 10 1.000000
37 24 1.000000
37 0 1.000000
37 17 1.000000
37 42 1.000000
38 31 1.000000
38 15 1.000000
38 45 1.000000
38 16 1.000000
38 14 1.000000
39 30 1.000000
39 3 1.000000
39 2 1.000000
39 31 1.000000
39 34 1.000000
40 9 1.000000
40 37 1.000000
40 8 1.000000
40 21 1.000000
40 25 1.000000
41 43 1.000000
41 31 1.000000
41 8 1.000000
41 18 1.000000
41 25 1.000000
42 39 1.000000
42 19 1.000000
42 45 1.000000
42 12 1.000000
42 35 1.000000
43 38 1.000000
43 4 1.000000
43 25 1.000000
43 42 1.000000
43 27 1.000000
44 11 1.000000
44 29 1.000000
44 15 1.000000
44 49 1.000000
44 16 1.000000
45 2 1.000000
45 26 1.000000
45 9 1.000000
46 39 1.000000
46 7 1.000000
46 44 1.000000
46 37 1.000000
46 20 1.000000
47 28 1.000000
47 3 1.000000
47 25 1.000000
47 27 1.000000
47 38 1.000000
48 16 1.000000
48 8 1.000000
48 15 1.000000
48 29 1.000000
48 47 1.000000
49 34 1.000000
49 27 1.000000
49 7 1.000000
49 39 1.000000
49 26 1.000000
END
#################################################################
SECTION4 (TrueSubGraph Information)
EndPoint0 EndPoint1 Weight
47 16 1.0
49 48 1.0
8 4 1.0
3 44 1.0
44 6 1.0
4 26 1.0
14 8 1.0
15 13 1.0
24 2 1.0
33 49 1.0
9 18 1.0
0 28 1.0
30 7 1.0
7 24 1.0
37 27 1.0
27 22 1.0
16 33 1.0
2 37 1.0
22 23 1.0
21 15 1.0
18 3 1.0
23 43 1.0
43 25 1.0
6 47 1.0
26 12 1.0
48 30 1.0
25 14 1.0
28 21 1.0
39 9 1.0
12 0 1.0
END
#################################################################
