#################################################################
#APDM Input Graph, this input graph includes 3 sections:
#section1 : general information
#section2 : nodes
#section3 : edges
#section4 : trueSubGraph (Optional)
#
#if nodes haven't information set weight to null
#################################################################
SECTION1 (General Information)
numNodes = 50
numEdges = 238
usedAlgorithm = Test
dataSource = RandomData
END
#################################################################
SECTION2 (Nodes Information)
NodeID Weight 
0 0.233819
1 0.513600
2 0.925665
3 1.000000
4 0.075389
5 0.812670
6 0.661422
7 1.000000
8 1.000000
9 0.793300
10 0.471956
11 0.419895
12 0.881917
13 1.000000
14 0.520674
15 1.000000
16 0.973571
17 1.000000
18 0.588962
19 0.758984
20 0.052643
21 1.000000
22 0.595115
23 0.297327
24 1.000000
25 0.991038
26 0.201821
27 0.676433
28 0.853544
29 0.691910
30 0.120272
31 1.000000
32 0.901838
33 0.988124
34 0.262900
35 0.859883
36 0.997186
37 0.875924
38 0.096952
39 0.254588
40 0.777504
41 0.944698
42 1.000000
43 1.000000
44 0.410361
45 0.676772
46 1.000000
47 1.000000
48 1.000000
49 0.708379
END
#################################################################
SECTION3 (Edges Information)
EndPoint0 EndPoint1 Weight
0 2 1.000000
0 10 1.000000
0 44 1.000000
0 1 1.000000
1 10 1.000000
1 48 1.000000
1 2 1.000000
1 30 1.000000
1 47 1.000000
2 36 1.000000
2 7 1.000000
2 17 1.000000
2 40 1.000000
2 16 1.000000
3 42 1.000000
3 39 1.000000
3 25 1.000000
3 1 1.000000
3 31 1.000000
4 49 1.000000
4 5 1.000000
4 32 1.000000
5 44 1.000000
5 23 1.000000
5 14 1.000000
5 41 1.000000
5 25 1.000000
6 1 1.000000
6 38 1.000000
6 46 1.000000
6 0 1.000000
6 20 1.000000
7 8 1.000000
7 44 1.000000
7 26 1.000000
7 37 1.000000
7 1 1.000000
8 26 1.000000
8 11 1.000000
8 40 1.000000
8 28 1.000000
8 6 1.000000
9 5 1.000000
9 32 1.000000
9 20 1.000000
9 30 1.000000
9 1 1.000000
10 25 1.000000
10 11 1.000000
10 18 1.000000
10 4 1.000000
10 26 1.000000
11 29 1.000000
11 30 1.000000
11 23 1.000000
11 16 1.000000
11 21 1.000000
12 29 1.000000
12 44 1.000000
12 45 1.000000
12 39 1.000000
13 0 1.000000
13 44 1.000000
13 39 1.000000
13 35 1.000000
13 8 1.000000
14 39 1.000000
14 26 1.000000
14 44 1.000000
14 15 1.000000
14 7 1.000000
15 30 1.000000
15 18 1.000000
15 26 1.000000
15 44 1.000000
15 39 1.000000
16 44 1.000000
16 5 1.000000
16 10 1.000000
16 43 1.000000
16 1 1.000000
17 6 1.000000
17 40 1.000000
17 34 1.000000
17 24 1.000000
17 21 1.000000
18 4 1.000000
18 12 1.000000
18 40 1.000000
18 6 1.000000
18 49 1.000000
19 30 1.000000
19 46 1.000000
19 39 1.000000
19 7 1.000000
20 19 1.000000
20 24 1.000000
20 35 1.000000
20 39 1.000000
21 41 1.000000
21 20 1.000000
21 49 1.000000
21 27 1.000000
21 44 1.000000
22 44 1.000000
22 10 1.000000
22 35 1.000000
22 42 1.000000
22 30 1.000000
23 45 1.000000
23 35 1.000000
23 2 1.000000
23 0 1.000000
23 11 1.000000
24 40 1.000000
24 37 1.000000
24 13 1.000000
24 7 1.000000
24 33 1.000000
25 20 1.000000
25 49 1.000000
25 16 1.000000
25 33 1.000000
25 42 1.000000
26 25 1.000000
26 11 1.000000
26 42 1.000000
26 22 1.000000
26 23 1.000000
27 9 1.000000
27 22 1.000000
27 20 1.000000
27 28 1.000000
27 41 1.000000
28 32 1.000000
28 36 1.000000
28 24 1.000000
28 4 1.000000
28 17 1.000000
29 17 1.000000
29 24 1.000000
29 9 1.000000
29 34 1.000000
29 4 1.000000
30 17 1.000000
30 40 1.000000
30 10 1.000000
30 11 1.000000
30 16 1.000000
31 7 1.000000
31 43 1.000000
31 30 1.000000
31 32 1.000000
32 47 1.000000
32 42 1.000000
32 37 1.000000
32 1 1.000000
32 45 1.000000
33 31 1.000000
33 10 1.000000
33 16 1.000000
33 39 1.000000
33 15 1.000000
34 8 1.000000
34 47 1.000000
34 43 1.000000
34 16 1.000000
34 41 1.000000
35 0 1.000000
35 26 1.000000
35 10 1.000000
35 39 1.000000
35 49 1.000000
36 40 1.000000
36 20 1.000000
36 5 1.000000
36 24 1.000000
36 11 1.000000
37 0 1.000000
37 3 1.000000
37 34 1.000000
37 28 1.000000
38 23 1.000000
38 43 1.000000
38 32 1.000000
38 0 1.000000
38 29 1.000000
39 33 1.000000
39 40 1.000000
39 1 1.000000
39 45 1.000000
40 31 1.000000
40 1 1.000000
40 17 1.000000
41 47 1.000000
41 20 1.000000
41 34 1.000000
41 0 1.000000
42 24 1.000000
42 10 1.000000
42 15 1.000000
42 16 1.000000
42 27 1.000000
43 40 1.000000
43 39 1.000000
43 17 1.000000
43 44 1.000000
43 19 1.000000
44 7 1.000000
44 34 1.000000
44 39 1.000000
44 49 1.000000
44 12 1.000000
45 13 1.000000
45 7 1.000000
45 14 1.000000
45 29 1.000000
45 38 1.000000
46 44 1.000000
46 31 1.000000
46 11 1.000000
46 15 1.000000
46 24 1.000000
47 7 1.000000
47 6 1.000000
47 33 1.000000
47 39 1.000000
47 11 1.000000
48 17 1.000000
48 42 1.000000
48 47 1.000000
48 1 1.000000
48 10 1.000000
49 16 1.000000
49 2 1.000000
49 10 1.000000
49 14 1.000000
49 31 1.000000
END
#################################################################
SECTION4 (TrueSubGraph Information)
EndPoint0 EndPoint1 Weight
12 25 1.0
13 48 1.0
25 7 1.0
14 3 1.0
21 15 1.0
15 36 1.0
28 43 1.0
35 5 1.0
47 12 1.0
37 47 1.0
19 14 1.0
3 18 1.0
45 2 1.0
18 46 1.0
36 8 1.0
31 13 1.0
41 45 1.0
43 24 1.0
24 42 1.0
22 35 1.0
17 37 1.0
46 41 1.0
27 22 1.0
5 21 1.0
48 17 1.0
9 27 1.0
32 31 1.0
8 28 1.0
2 9 1.0
7 19 1.0
END
#################################################################
