#################################################################
#APDM Input Graph, this input graph includes 3 sections:
#section1 : general information
#section2 : nodes
#section3 : edges
#section4 : trueSubGraph (Optional)
#
#if nodes haven't information set weight to null
#################################################################
SECTION1 (General Information)
numNodes = 50
numEdges = 239
usedAlgorithm = Test
dataSource = RandomData
END
#################################################################
SECTION2 (Nodes Information)
NodeID Weight 
0 0.746540
1 1.000000
2 0.773388
3 0.094620
4 1.000000
5 0.521343
6 0.100031
7 0.731018
8 0.418768
9 0.500452
10 0.931471
11 0.692750
12 0.691539
13 1.000000
14 0.423013
15 0.828294
16 0.798223
17 0.693892
18 1.000000
19 1.000000
20 0.666911
21 0.486457
22 0.696392
23 0.906867
24 0.707432
25 1.000000
26 1.000000
27 1.000000
28 0.559303
29 0.690342
30 0.870208
31 1.000000
32 1.000000
33 0.532386
34 1.000000
35 0.996207
36 0.807461
37 0.883746
38 1.000000
39 0.837058
40 0.954013
41 0.979501
42 0.990876
43 0.186437
44 1.000000
45 0.564329
46 0.361496
47 1.000000
48 0.098481
49 0.787555
END
#################################################################
SECTION3 (Edges Information)
EndPoint0 EndPoint1 Weight
0 12 1.000000
0 47 1.000000
0 3 1.000000
0 14 1.000000
0 31 1.000000
1 49 1.000000
1 24 1.000000
1 4 1.000000
1 32 1.000000
1 5 1.000000
2 3 1.000000
2 42 1.000000
2 27 1.000000
2 35 1.000000
2 17 1.000000
3 25 1.000000
3 44 1.000000
3 46 1.000000
3 20 1.000000
3 41 1.000000
4 48 1.000000
4 23 1.000000
4 9 1.000000
4 31 1.000000
4 1 1.000000
5 0 1.000000
5 8 1.000000
5 7 1.000000
5 20 1.000000
5 31 1.000000
6 18 1.000000
6 35 1.000000
6 28 1.000000
6 49 1.000000
6 4 1.000000
7 10 1.000000
7 14 1.000000
7 27 1.000000
7 23 1.000000
7 21 1.000000
8 9 1.000000
8 28 1.000000
8 0 1.000000
8 19 1.000000
8 42 1.000000
9 42 1.000000
9 49 1.000000
9 33 1.000000
9 21 1.000000
9 26 1.000000
10 49 1.000000
10 2 1.000000
10 28 1.000000
10 5 1.000000
10 36 1.000000
11 25 1.000000
11 39 1.000000
11 2 1.000000
11 5 1.000000
11 29 1.000000
12 20 1.000000
12 40 1.000000
12 24 1.000000
12 41 1.000000
12 5 1.000000
13 41 1.000000
13 15 1.000000
13 48 1.000000
13 32 1.000000
14 22 1.000000
14 18 1.000000
14 28 1.000000
14 36 1.000000
15 11 1.000000
15 28 1.000000
15 16 1.000000
15 47 1.000000
16 21 1.000000
16 14 1.000000
16 48 1.000000
16 31 1.000000
16 36 1.000000
17 49 1.000000
17 30 1.000000
17 29 1.000000
17 10 1.000000
17 6 1.000000
18 0 1.000000
18 38 1.000000
18 24 1.000000
18 17 1.000000
18 46 1.000000
19 30 1.000000
19 48 1.000000
19 3 1.000000
19 1 1.000000
20 47 1.000000
20 21 1.000000
20 26 1.000000
20 43 1.000000
20 23 1.000000
21 18 1.000000
21 30 1.000000
21 24 1.000000
21 7 1.000000
21 41 1.000000
22 47 1.000000
22 24 1.000000
22 45 1.000000
22 14 1.000000
23 4 1.000000
23 3 1.000000
23 11 1.000000
23 6 1.000000
23 16 1.000000
24 3 1.000000
24 21 1.000000
24 0 1.000000
24 31 1.000000
25 11 1.000000
25 40 1.000000
25 37 1.000000
25 47 1.000000
25 29 1.000000
26 20 1.000000
26 3 1.000000
26 27 1.000000
26 33 1.000000
26 23 1.000000
27 13 1.000000
27 11 1.000000
27 23 1.000000
27 44 1.000000
27 34 1.000000
28 5 1.000000
28 13 1.000000
28 44 1.000000
28 29 1.000000
28 2 1.000000
29 17 1.000000
29 23 1.000000
29 24 1.000000
29 48 1.000000
29 25 1.000000
30 3 1.000000
30 48 1.000000
30 45 1.000000
30 21 1.000000
30 5 1.000000
31 1 1.000000
31 20 1.000000
31 32 1.000000
31 0 1.000000
32 22 1.000000
32 1 1.000000
32 49 1.000000
32 13 1.000000
32 11 1.000000
33 5 1.000000
33 14 1.000000
33 13 1.000000
33 19 1.000000
34 14 1.000000
34 38 1.000000
34 39 1.000000
34 48 1.000000
34 43 1.000000
35 40 1.000000
35 43 1.000000
35 20 1.000000
35 44 1.000000
35 11 1.000000
36 10 1.000000
36 26 1.000000
36 8 1.000000
36 18 1.000000
36 38 1.000000
37 22 1.000000
37 45 1.000000
37 25 1.000000
37 17 1.000000
38 35 1.000000
38 30 1.000000
38 8 1.000000
38 41 1.000000
39 18 1.000000
39 14 1.000000
39 43 1.000000
39 8 1.000000
39 47 1.000000
40 39 1.000000
40 29 1.000000
40 48 1.000000
40 42 1.000000
40 23 1.000000
41 32 1.000000
41 3 1.000000
41 44 1.000000
41 20 1.000000
42 44 1.000000
42 10 1.000000
42 25 1.000000
42 7 1.000000
42 13 1.000000
43 12 1.000000
43 37 1.000000
43 46 1.000000
43 19 1.000000
43 24 1.000000
44 39 1.000000
44 14 1.000000
44 28 1.000000
44 48 1.000000
44 47 1.000000
45 22 1.000000
45 20 1.000000
45 30 1.000000
45 5 1.000000
45 6 1.000000
46 49 1.000000
46 26 1.000000
46 25 1.000000
46 12 1.000000
46 33 1.000000
47 41 1.000000
47 13 1.000000
47 30 1.000000
47 22 1.000000
47 36 1.000000
48 36 1.000000
48 6 1.000000
48 38 1.000000
48 22 1.000000
48 29 1.000000
49 -1 1.000000
49 23 1.000000
49 8 1.000000
49 32 1.000000
49 16 1.000000
END
#################################################################
SECTION4 (TrueSubGraph Information)
EndPoint0 EndPoint1 Weight
31 39 1.0
18 23 1.0
22 41 1.0
40 32 1.0
45 31 1.0
26 40 1.0
1 11 1.0
49 26 1.0
4 49 1.0
37 4 1.0
25 15 1.0
23 25 1.0
16 35 1.0
27 9 1.0
35 1 1.0
28 13 1.0
15 36 1.0
32 22 1.0
13 18 1.0
11 27 1.0
39 38 1.0
19 45 1.0
38 44 1.0
41 2 1.0
36 16 1.0
47 28 1.0
44 34 1.0
9 42 1.0
2 47 1.0
34 37 1.0
END
#################################################################
