#################################################################
#APDM Input Graph, this input graph includes 3 sections:
#section1 : general information
#section2 : nodes
#section3 : edges
#section4 : trueSubGraph (Optional)
#
#if nodes haven't information set weight to null
#################################################################
SECTION1 (General Information)
numNodes = 100
numEdges = 467
usedAlgorithm = Test
dataSource = RandomData
END
#################################################################
SECTION2 (Nodes Information)
NodeID Weight 
0 1.000000
1 0.612446
2 0.696448
3 0.785422
4 0.147788
5 1.000000
6 0.751419
7 0.039950
8 1.000000
9 0.868953
10 0.626794
11 0.788729
12 1.000000
13 0.392869
14 0.938822
15 1.000000
16 0.384321
17 0.944129
18 0.238246
19 1.000000
20 0.381946
21 1.000000
22 1.000000
23 0.116800
24 0.149387
25 0.711906
26 1.000000
27 0.679276
28 0.095718
29 0.469334
30 0.282301
31 0.390231
32 1.000000
33 0.695011
34 1.000000
35 0.376096
36 0.712489
37 0.863560
38 0.310010
39 0.647486
40 0.210933
41 0.179988
42 1.000000
43 0.990780
44 0.391040
45 0.956039
46 0.071573
47 1.000000
48 0.431562
49 0.336925
50 0.840819
51 0.559687
52 0.536042
53 0.712583
54 0.706660
55 0.061139
56 1.000000
57 1.000000
58 0.146689
59 0.197895
60 1.000000
61 0.450001
62 0.979229
63 0.252698
64 0.666852
65 0.422249
66 1.000000
67 1.000000
68 0.576492
69 1.000000
70 0.808910
71 0.258274
72 0.676776
73 0.142481
74 0.889131
75 0.611440
76 0.618784
77 0.342404
78 1.000000
79 0.919868
80 0.811635
81 0.203209
82 0.208515
83 0.291810
84 0.612432
85 0.590316
86 1.000000
87 0.081161
88 0.721863
89 1.000000
90 0.675840
91 0.736471
92 1.000000
93 0.991600
94 0.656050
95 1.000000
96 0.548450
97 0.801946
98 0.726176
99 0.679223
END
#################################################################
SECTION3 (Edges Information)
EndPoint0 EndPoint1 Weight
0 1 1.000000
0 67 1.000000
0 79 1.000000
0 8 1.000000
0 11 1.000000
0 15 1.000000
0 24 1.000000
0 60 1.000000
0 90 1.000000
0 62 1.000000
1 0 1.000000
1 2 1.000000
1 47 1.000000
1 29 1.000000
2 1 1.000000
2 3 1.000000
2 22 1.000000
2 57 1.000000
2 49 1.000000
2 58 1.000000
3 2 1.000000
3 4 1.000000
3 62 1.000000
4 3 1.000000
4 5 1.000000
4 56 1.000000
4 93 1.000000
5 4 1.000000
5 6 1.000000
5 78 1.000000
5 89 1.000000
5 75 1.000000
6 5 1.000000
6 7 1.000000
6 84 1.000000
7 6 1.000000
7 8 1.000000
7 53 1.000000
7 78 1.000000
8 7 1.000000
8 9 1.000000
8 32 1.000000
8 25 1.000000
8 86 1.000000
8 56 1.000000
8 90 1.000000
8 97 1.000000
8 12 1.000000
8 7 1.000000
9 8 1.000000
9 10 1.000000
9 5 1.000000
9 56 1.000000
10 9 1.000000
10 11 1.000000
10 69 1.000000
10 95 1.000000
10 86 1.000000
11 10 1.000000
11 12 1.000000
11 26 1.000000
11 8 1.000000
11 45 1.000000
11 79 1.000000
12 11 1.000000
12 13 1.000000
12 15 1.000000
12 0 1.000000
12 23 1.000000
12 74 1.000000
12 90 1.000000
12 2 1.000000
12 83 1.000000
12 33 1.000000
12 81 1.000000
12 97 1.000000
13 12 1.000000
13 14 1.000000
13 79 1.000000
13 78 1.000000
14 13 1.000000
14 15 1.000000
14 89 1.000000
14 47 1.000000
15 14 1.000000
15 16 1.000000
15 66 1.000000
15 39 1.000000
15 12 1.000000
15 62 1.000000
15 26 1.000000
15 41 1.000000
16 15 1.000000
16 17 1.000000
16 0 1.000000
16 55 1.000000
17 16 1.000000
17 18 1.000000
17 34 1.000000
17 80 1.000000
18 17 1.000000
18 19 1.000000
18 8 1.000000
18 97 1.000000
18 42 1.000000
19 18 1.000000
19 20 1.000000
19 42 1.000000
19 67 1.000000
19 32 1.000000
19 12 1.000000
19 11 1.000000
19 53 1.000000
20 19 1.000000
20 21 1.000000
20 71 1.000000
21 20 1.000000
21 22 1.000000
21 19 1.000000
21 86 1.000000
21 80 1.000000
21 79 1.000000
21 89 1.000000
21 35 1.000000
22 21 1.000000
22 23 1.000000
22 60 1.000000
23 22 1.000000
23 24 1.000000
23 57 1.000000
23 18 1.000000
23 29 1.000000
23 94 1.000000
23 26 1.000000
23 95 1.000000
24 23 1.000000
24 25 1.000000
24 95 1.000000
24 19 1.000000
25 24 1.000000
25 26 1.000000
25 33 1.000000
25 19 1.000000
26 25 1.000000
26 27 1.000000
26 90 1.000000
26 56 1.000000
26 60 1.000000
26 29 1.000000
26 51 1.000000
27 26 1.000000
27 28 1.000000
27 12 1.000000
27 34 1.000000
28 27 1.000000
28 29 1.000000
28 92 1.000000
28 79 1.000000
29 28 1.000000
29 30 1.000000
29 98 1.000000
29 19 1.000000
29 28 1.000000
30 29 1.000000
30 31 1.000000
31 30 1.000000
31 32 1.000000
31 98 1.000000
32 31 1.000000
32 33 1.000000
32 9 1.000000
32 98 1.000000
33 32 1.000000
33 34 1.000000
33 23 1.000000
33 5 1.000000
33 77 1.000000
33 93 1.000000
34 33 1.000000
34 35 1.000000
34 86 1.000000
34 98 1.000000
34 0 1.000000
35 34 1.000000
35 36 1.000000
35 69 1.000000
36 35 1.000000
36 37 1.000000
36 42 1.000000
37 36 1.000000
37 38 1.000000
38 37 1.000000
38 39 1.000000
39 38 1.000000
39 40 1.000000
39 76 1.000000
39 94 1.000000
39 16 1.000000
40 39 1.000000
40 41 1.000000
40 8 1.000000
40 15 1.000000
41 40 1.000000
41 42 1.000000
41 67 1.000000
41 79 1.000000
41 21 1.000000
42 41 1.000000
42 43 1.000000
42 15 1.000000
42 41 1.000000
42 52 1.000000
42 0 1.000000
42 59 1.000000
43 42 1.000000
43 44 1.000000
43 84 1.000000
43 4 1.000000
44 43 1.000000
44 45 1.000000
45 44 1.000000
45 46 1.000000
45 12 1.000000
45 74 1.000000
46 45 1.000000
46 47 1.000000
47 46 1.000000
47 48 1.000000
47 0 1.000000
47 40 1.000000
47 77 1.000000
48 47 1.000000
48 49 1.000000
48 23 1.000000
49 48 1.000000
49 50 1.000000
49 89 1.000000
50 49 1.000000
50 51 1.000000
50 47 1.000000
51 50 1.000000
51 52 1.000000
51 34 1.000000
51 79 1.000000
52 51 1.000000
52 53 1.000000
52 12 1.000000
53 52 1.000000
53 54 1.000000
53 43 1.000000
53 66 1.000000
53 57 1.000000
53 89 1.000000
53 79 1.000000
53 60 1.000000
54 53 1.000000
54 55 1.000000
55 54 1.000000
55 56 1.000000
55 42 1.000000
56 55 1.000000
56 57 1.000000
56 26 1.000000
56 68 1.000000
56 98 1.000000
56 92 1.000000
56 8 1.000000
56 53 1.000000
56 75 1.000000
57 56 1.000000
57 58 1.000000
57 18 1.000000
57 2 1.000000
58 57 1.000000
58 59 1.000000
58 33 1.000000
58 86 1.000000
59 58 1.000000
59 60 1.000000
59 8 1.000000
60 59 1.000000
60 61 1.000000
60 42 1.000000
60 33 1.000000
60 47 1.000000
60 48 1.000000
60 56 1.000000
60 79 1.000000
61 60 1.000000
61 62 1.000000
61 5 1.000000
62 61 1.000000
62 63 1.000000
62 23 1.000000
62 12 1.000000
62 33 1.000000
62 0 1.000000
62 32 1.000000
63 62 1.000000
63 64 1.000000
64 63 1.000000
64 65 1.000000
64 53 1.000000
65 64 1.000000
65 66 1.000000
66 65 1.000000
66 67 1.000000
66 0 1.000000
66 51 1.000000
67 66 1.000000
67 68 1.000000
67 64 1.000000
67 11 1.000000
67 80 1.000000
67 21 1.000000
67 53 1.000000
68 67 1.000000
68 69 1.000000
68 84 1.000000
68 60 1.000000
69 68 1.000000
69 70 1.000000
69 15 1.000000
69 56 1.000000
69 88 1.000000
69 39 1.000000
70 69 1.000000
70 71 1.000000
71 70 1.000000
71 72 1.000000
71 62 1.000000
72 71 1.000000
72 73 1.000000
72 34 1.000000
73 72 1.000000
73 74 1.000000
74 73 1.000000
74 75 1.000000
74 78 1.000000
74 62 1.000000
74 53 1.000000
75 74 1.000000
75 76 1.000000
75 0 1.000000
75 98 1.000000
76 75 1.000000
76 77 1.000000
76 78 1.000000
76 8 1.000000
77 76 1.000000
77 78 1.000000
77 91 1.000000
77 69 1.000000
78 77 1.000000
78 79 1.000000
78 10 1.000000
78 26 1.000000
78 1 1.000000
78 91 1.000000
78 58 1.000000
78 40 1.000000
79 78 1.000000
79 80 1.000000
79 39 1.000000
79 2 1.000000
79 67 1.000000
79 53 1.000000
79 78 1.000000
79 89 1.000000
79 92 1.000000
79 96 1.000000
79 50 1.000000
80 79 1.000000
80 81 1.000000
80 21 1.000000
80 79 1.000000
81 80 1.000000
81 82 1.000000
81 92 1.000000
82 81 1.000000
82 83 1.000000
83 82 1.000000
83 84 1.000000
83 11 1.000000
84 83 1.000000
84 85 1.000000
84 31 1.000000
84 21 1.000000
84 67 1.000000
85 84 1.000000
85 86 1.000000
86 85 1.000000
86 87 1.000000
86 98 1.000000
86 42 1.000000
86 84 1.000000
86 10 1.000000
86 97 1.000000
86 88 1.000000
86 90 1.000000
87 86 1.000000
87 88 1.000000
88 87 1.000000
88 89 1.000000
88 23 1.000000
88 62 1.000000
89 88 1.000000
89 90 1.000000
89 61 1.000000
89 17 1.000000
89 74 1.000000
89 26 1.000000
89 56 1.000000
89 86 1.000000
90 89 1.000000
90 91 1.000000
90 78 1.000000
90 95 1.000000
90 67 1.000000
90 92 1.000000
90 19 1.000000
91 90 1.000000
91 92 1.000000
91 60 1.000000
91 66 1.000000
92 91 1.000000
92 93 1.000000
92 95 1.000000
92 79 1.000000
92 45 1.000000
92 15 1.000000
93 92 1.000000
93 94 1.000000
93 20 1.000000
93 97 1.000000
93 42 1.000000
93 95 1.000000
94 93 1.000000
94 95 1.000000
94 90 1.000000
94 72 1.000000
95 94 1.000000
95 96 1.000000
95 12 1.000000
95 8 1.000000
95 56 1.000000
95 66 1.000000
95 68 1.000000
96 95 1.000000
96 97 1.000000
96 12 1.000000
97 96 1.000000
97 98 1.000000
97 12 1.000000
97 69 1.000000
97 86 1.000000
97 41 1.000000
98 97 1.000000
98 99 1.000000
98 36 1.000000
98 21 1.000000
98 43 1.000000
98 93 1.000000
98 53 1.000000
98 76 1.000000
98 14 1.000000
99 98 1.000000
END
#################################################################
SECTION4 (TrueSubGraph Information)
EndPoint0 EndPoint1 Weight
19 60 1.0
89 66 1.0
79 89 1.0
32 5 1.0
62 56 1.0
60 57 1.0
90 12 1.0
57 95 1.0
78 84 1.0
66 0 1.0
84 53 1.0
53 32 1.0
15 79 1.0
86 67 1.0
47 22 1.0
22 62 1.0
34 8 1.0
95 33 1.0
12 92 1.0
56 78 1.0
92 98 1.0
5 69 1.0
67 47 1.0
69 26 1.0
26 15 1.0
8 42 1.0
42 21 1.0
0 34 1.0
33 90 1.0
21 19 1.0
END
#################################################################
