#################################################################
#APDM Input Graph, this input graph includes 3 sections:
#section1 : general information
#section2 : nodes
#section3 : edges
#section4 : trueSubGraph (Optional)
#
#if nodes haven't information set weight to null
#################################################################
SECTION1 (General Information)
numNodes = 100
numEdges = 400
usedAlgorithm = Test
dataSource = RandomData
END
#################################################################
SECTION2 (Nodes Information)
NodeID Weight 
0 0.507279
1 1.000000
2 0.618934
3 0.495280
4 0.656591
5 0.415159
6 1.000000
7 0.294777
8 0.297845
9 0.000914
10 0.297611
11 0.534925
12 0.895954
13 0.782405
14 0.546021
15 1.000000
16 1.000000
17 1.000000
18 0.663209
19 0.534699
20 0.355385
21 0.765754
22 0.822758
23 0.424130
24 0.102167
25 0.979195
26 0.372253
27 0.706698
28 0.468599
29 0.627934
30 0.446611
31 0.736084
32 0.790653
33 0.602475
34 1.000000
35 0.058299
36 0.933928
37 0.432222
38 0.860577
39 0.565930
40 0.026091
41 1.000000
42 1.000000
43 0.055398
44 0.747537
45 0.551641
46 0.830641
47 1.000000
48 0.367063
49 0.518777
50 0.137975
51 0.561588
52 0.116572
53 0.228519
54 0.162537
55 1.000000
56 0.687320
57 0.867816
58 0.487384
59 1.000000
60 1.000000
61 0.188305
62 0.022080
63 0.066452
64 0.951335
65 0.891653
66 0.618140
67 0.892022
68 0.074231
69 0.561550
70 1.000000
71 0.609177
72 1.000000
73 0.480765
74 0.007329
75 0.325847
76 0.872815
77 0.617966
78 0.966098
79 0.950488
80 0.522939
81 0.546545
82 1.000000
83 0.860366
84 0.695167
85 1.000000
86 0.468849
87 0.882374
88 0.828662
89 1.000000
90 0.705723
91 0.991693
92 0.134664
93 0.925040
94 0.764013
95 0.595515
96 0.904262
97 0.687051
98 0.565132
99 0.762209
END
#################################################################
SECTION3 (Edges Information)
EndPoint0 EndPoint1 Weight
0 8 1.000000
1 87 1.000000
1 33 1.000000
1 70 1.000000
1 16 1.000000
1 82 1.000000
1 39 1.000000
2 47 1.000000
2 76 1.000000
2 86 1.000000
2 42 1.000000
2 41 1.000000
2 94 1.000000
2 9 1.000000
2 31 1.000000
2 12 1.000000
2 64 1.000000
3 85 1.000000
4 94 1.000000
4 79 1.000000
5 79 1.000000
5 36 1.000000
6 13 1.000000
6 42 1.000000
6 56 1.000000
6 60 1.000000
6 15 1.000000
6 26 1.000000
6 38 1.000000
6 73 1.000000
6 62 1.000000
6 17 1.000000
6 55 1.000000
6 76 1.000000
7 19 1.000000
8 22 1.000000
9 75 1.000000
9 35 1.000000
9 99 1.000000
9 44 1.000000
10 12 1.000000
10 14 1.000000
10 66 1.000000
11 48 1.000000
11 12 1.000000
12 4 1.000000
12 73 1.000000
12 9 1.000000
13 33 1.000000
13 6 1.000000
13 56 1.000000
13 14 1.000000
13 87 1.000000
13 41 1.000000
13 77 1.000000
13 60 1.000000
13 63 1.000000
13 2 1.000000
14 38 1.000000
14 85 1.000000
14 33 1.000000
14 13 1.000000
14 38 1.000000
14 2 1.000000
14 46 1.000000
14 79 1.000000
15 33 1.000000
15 1 1.000000
15 16 1.000000
15 61 1.000000
16 76 1.000000
16 38 1.000000
16 6 1.000000
16 13 1.000000
16 79 1.000000
16 77 1.000000
16 59 1.000000
16 15 1.000000
16 14 1.000000
16 76 1.000000
17 36 1.000000
17 21 1.000000
17 87 1.000000
17 6 1.000000
17 76 1.000000
17 10 1.000000
17 89 1.000000
17 48 1.000000
17 47 1.000000
17 82 1.000000
17 71 1.000000
18 55 1.000000
18 36 1.000000
18 43 1.000000
18 87 1.000000
18 6 1.000000
18 77 1.000000
18 40 1.000000
18 33 1.000000
18 59 1.000000
19 60 1.000000
19 34 1.000000
20 59 1.000000
20 14 1.000000
21 17 1.000000
21 89 1.000000
21 49 1.000000
21 34 1.000000
21 46 1.000000
21 87 1.000000
21 41 1.000000
22 23 1.000000
23 25 1.000000
24 93 1.000000
25 27 1.000000
26 36 1.000000
26 16 1.000000
27 30 1.000000
28 18 1.000000
29 99 1.000000
29 18 1.000000
29 79 1.000000
30 32 1.000000
31 44 1.000000
31 55 1.000000
31 28 1.000000
32 45 1.000000
33 1 1.000000
33 13 1.000000
33 72 1.000000
33 2 1.000000
33 87 1.000000
33 70 1.000000
33 66 1.000000
33 10 1.000000
33 20 1.000000
33 65 1.000000
33 82 1.000000
34 42 1.000000
34 60 1.000000
34 49 1.000000
34 71 1.000000
34 87 1.000000
34 69 1.000000
34 13 1.000000
35 7 1.000000
36 18 1.000000
36 17 1.000000
36 99 1.000000
36 82 1.000000
36 66 1.000000
36 79 1.000000
36 14 1.000000
36 70 1.000000
36 55 1.000000
37 64 1.000000
37 89 1.000000
37 38 1.000000
38 16 1.000000
38 14 1.000000
38 33 1.000000
38 2 1.000000
38 16 1.000000
38 93 1.000000
38 21 1.000000
38 58 1.000000
38 6 1.000000
38 77 1.000000
38 1 1.000000
39 60 1.000000
39 85 1.000000
39 76 1.000000
40 66 1.000000
41 85 1.000000
41 70 1.000000
41 89 1.000000
41 13 1.000000
41 60 1.000000
41 48 1.000000
41 98 1.000000
41 68 1.000000
41 85 1.000000
41 79 1.000000
42 6 1.000000
42 34 1.000000
42 36 1.000000
42 85 1.000000
42 21 1.000000
43 85 1.000000
43 72 1.000000
43 89 1.000000
43 13 1.000000
44 37 1.000000
44 92 1.000000
44 43 1.000000
45 50 1.000000
46 2 1.000000
46 77 1.000000
46 6 1.000000
47 72 1.000000
47 2 1.000000
47 34 1.000000
47 38 1.000000
47 33 1.000000
47 5 1.000000
48 17 1.000000
48 60 1.000000
48 18 1.000000
48 54 1.000000
48 0 1.000000
49 59 1.000000
49 31 1.000000
50 51 1.000000
51 52 1.000000
52 57 1.000000
53 38 1.000000
54 77 1.000000
55 79 1.000000
55 18 1.000000
55 24 1.000000
55 87 1.000000
55 34 1.000000
55 89 1.000000
55 48 1.000000
56 89 1.000000
57 74 1.000000
58 17 1.000000
58 88 1.000000
58 2 1.000000
59 82 1.000000
59 79 1.000000
59 17 1.000000
59 72 1.000000
59 99 1.000000
59 77 1.000000
59 61 1.000000
59 38 1.000000
59 55 1.000000
60 34 1.000000
60 66 1.000000
60 29 1.000000
60 17 1.000000
60 18 1.000000
60 99 1.000000
60 16 1.000000
60 81 1.000000
60 42 1.000000
60 79 1.000000
60 61 1.000000
60 11 1.000000
61 44 1.000000
61 19 1.000000
61 60 1.000000
62 70 1.000000
63 17 1.000000
64 1 1.000000
64 59 1.000000
64 3 1.000000
65 92 1.000000
66 60 1.000000
66 82 1.000000
66 90 1.000000
66 79 1.000000
66 36 1.000000
66 33 1.000000
66 96 1.000000
66 20 1.000000
67 18 1.000000
68 53 1.000000
69 77 1.000000
69 67 1.000000
69 36 1.000000
69 47 1.000000
70 41 1.000000
70 99 1.000000
70 29 1.000000
70 60 1.000000
70 6 1.000000
70 58 1.000000
70 38 1.000000
70 41 1.000000
70 42 1.000000
71 82 1.000000
71 48 1.000000
72 89 1.000000
72 47 1.000000
72 41 1.000000
72 18 1.000000
72 69 1.000000
72 26 1.000000
72 17 1.000000
73 6 1.000000
73 82 1.000000
74 80 1.000000
75 17 1.000000
75 13 1.000000
76 2 1.000000
76 16 1.000000
76 79 1.000000
76 38 1.000000
76 64 1.000000
76 11 1.000000
76 59 1.000000
76 58 1.000000
77 87 1.000000
77 37 1.000000
77 89 1.000000
77 78 1.000000
77 38 1.000000
77 2 1.000000
77 72 1.000000
77 69 1.000000
78 13 1.000000
79 59 1.000000
79 55 1.000000
79 10 1.000000
79 5 1.000000
79 70 1.000000
79 66 1.000000
79 16 1.000000
79 34 1.000000
79 6 1.000000
79 37 1.000000
79 99 1.000000
79 15 1.000000
79 36 1.000000
80 83 1.000000
81 99 1.000000
82 66 1.000000
82 59 1.000000
82 89 1.000000
82 72 1.000000
82 15 1.000000
82 70 1.000000
82 9 1.000000
82 13 1.000000
82 1 1.000000
82 96 1.000000
82 95 1.000000
83 84 1.000000
84 97 1.000000
85 14 1.000000
85 41 1.000000
85 89 1.000000
85 16 1.000000
85 60 1.000000
85 99 1.000000
85 6 1.000000
85 59 1.000000
85 17 1.000000
86 69 1.000000
87 77 1.000000
87 1 1.000000
87 47 1.000000
87 91 1.000000
87 33 1.000000
87 39 1.000000
87 4 1.000000
87 21 1.000000
87 82 1.000000
87 29 1.000000
88 89 1.000000
88 85 1.000000
89 21 1.000000
89 72 1.000000
89 92 1.000000
89 85 1.000000
89 31 1.000000
89 43 1.000000
89 47 1.000000
89 18 1.000000
89 96 1.000000
89 82 1.000000
89 38 1.000000
89 76 1.000000
89 39 1.000000
89 33 1.000000
90 33 1.000000
91 33 1.000000
92 59 1.000000
92 41 1.000000
92 88 1.000000
93 79 1.000000
93 75 1.000000
94 33 1.000000
94 95 1.000000
95 46 1.000000
95 60 1.000000
96 36 1.000000
96 21 1.000000
96 41 1.000000
98 18 1.000000
99 70 1.000000
99 13 1.000000
99 55 1.000000
99 82 1.000000
99 21 1.000000
99 9 1.000000
99 76 1.000000
99 89 1.000000
END
#################################################################
SECTION4 (TrueSubGraph Information)
EndPoint0 EndPoint1 Weight
42 34 1.0
87 1 1.0
18 36 1.0
41 70 1.0
6 42 1.0
72 47 1.0
21 89 1.0
36 17 1.0
13 6 1.0
60 66 1.0
1 33 1.0
89 72 1.0
82 59 1.0
66 82 1.0
76 16 1.0
99 15 1.0
33 13 1.0
17 21 1.0
2 76 1.0
59 79 1.0
16 38 1.0
34 60 1.0
79 55 1.0
77 87 1.0
70 99 1.0
47 2 1.0
38 14 1.0
14 85 1.0
55 18 1.0
85 41 1.0
END
#################################################################
