#################################################################
#APDM Input Graph, this input graph includes 3 sections:
#section1 : general information
#section2 : nodes
#section3 : edges
#section4 : trueSubGraph (Optional)
#
#if nodes haven't information set weight to null
#################################################################
SECTION1 (General Information)
numNodes = 50
numEdges = 247
usedAlgorithm = Test
dataSource = RandomData
END
#################################################################
SECTION2 (Nodes Information)
NodeID Weight 
0 1.000000
1 0.925901
2 0.330880
3 0.260986
4 0.508809
5 0.543614
6 0.226119
7 0.654532
8 0.620778
9 1.000000
10 0.662410
11 0.728732
12 1.000000
13 1.000000
14 1.000000
15 0.658254
16 1.000000
17 0.558783
18 0.382332
19 0.518971
20 0.739220
21 0.214740
22 0.601073
23 0.842091
24 0.582726
25 0.333588
26 0.971008
27 0.834429
28 1.000000
29 1.000000
30 1.000000
31 0.806728
32 0.568082
33 1.000000
34 0.791585
35 0.716166
36 0.376477
37 0.516901
38 0.059953
39 0.999751
40 0.331611
41 0.878991
42 0.546279
43 0.051992
44 0.654854
45 1.000000
46 1.000000
47 0.783301
48 1.000000
49 1.000000
END
#################################################################
SECTION3 (Edges Information)
EndPoint0 EndPoint1 Weight
0 48 1.000000
0 37 1.000000
0 5 1.000000
0 14 1.000000
0 39 1.000000
1 45 1.000000
1 0 1.000000
1 30 1.000000
1 27 1.000000
1 19 1.000000
2 49 1.000000
2 48 1.000000
2 11 1.000000
2 14 1.000000
2 19 1.000000
3 32 1.000000
3 7 1.000000
3 11 1.000000
3 15 1.000000
3 29 1.000000
4 46 1.000000
4 0 1.000000
4 45 1.000000
4 22 1.000000
4 9 1.000000
5 44 1.000000
5 32 1.000000
5 12 1.000000
5 43 1.000000
5 33 1.000000
6 48 1.000000
6 32 1.000000
6 9 1.000000
6 46 1.000000
6 23 1.000000
7 24 1.000000
7 15 1.000000
7 6 1.000000
7 11 1.000000
7 0 1.000000
8 27 1.000000
8 3 1.000000
8 33 1.000000
8 0 1.000000
8 15 1.000000
9 39 1.000000
9 16 1.000000
9 11 1.000000
9 2 1.000000
9 5 1.000000
10 28 1.000000
10 5 1.000000
10 39 1.000000
10 35 1.000000
10 29 1.000000
11 13 1.000000
11 47 1.000000
11 4 1.000000
11 28 1.000000
11 17 1.000000
12 15 1.000000
12 13 1.000000
12 22 1.000000
12 14 1.000000
12 33 1.000000
13 38 1.000000
13 5 1.000000
13 47 1.000000
13 7 1.000000
13 2 1.000000
14 32 1.000000
14 28 1.000000
14 41 1.000000
14 16 1.000000
14 2 1.000000
15 16 1.000000
15 39 1.000000
15 33 1.000000
15 13 1.000000
15 45 1.000000
16 34 1.000000
16 10 1.000000
16 42 1.000000
16 13 1.000000
16 22 1.000000
17 34 1.000000
17 41 1.000000
17 28 1.000000
17 31 1.000000
17 12 1.000000
18 13 1.000000
18 41 1.000000
18 11 1.000000
18 39 1.000000
19 49 1.000000
19 36 1.000000
19 2 1.000000
19 10 1.000000
19 25 1.000000
20 41 1.000000
20 33 1.000000
20 17 1.000000
20 6 1.000000
21 31 1.000000
21 7 1.000000
21 35 1.000000
21 29 1.000000
21 48 1.000000
22 11 1.000000
22 31 1.000000
22 5 1.000000
22 0 1.000000
22 45 1.000000
23 7 1.000000
23 6 1.000000
23 0 1.000000
23 4 1.000000
24 29 1.000000
24 18 1.000000
24 12 1.000000
24 35 1.000000
24 0 1.000000
25 14 1.000000
25 15 1.000000
25 20 1.000000
25 43 1.000000
25 7 1.000000
26 15 1.000000
26 43 1.000000
26 31 1.000000
26 23 1.000000
26 36 1.000000
27 5 1.000000
27 19 1.000000
27 11 1.000000
27 44 1.000000
27 6 1.000000
28 45 1.000000
28 39 1.000000
28 35 1.000000
28 30 1.000000
28 16 1.000000
29 32 1.000000
29 15 1.000000
29 38 1.000000
29 39 1.000000
29 16 1.000000
30 10 1.000000
30 39 1.000000
30 42 1.000000
30 2 1.000000
30 40 1.000000
31 30 1.000000
31 16 1.000000
31 24 1.000000
31 28 1.000000
31 35 1.000000
32 33 1.000000
32 16 1.000000
32 25 1.000000
32 30 1.000000
32 17 1.000000
33 19 1.000000
33 14 1.000000
33 29 1.000000
33 37 1.000000
33 8 1.000000
34 10 1.000000
34 19 1.000000
34 5 1.000000
34 47 1.000000
34 22 1.000000
35 0 1.000000
35 41 1.000000
35 15 1.000000
35 21 1.000000
35 46 1.000000
36 15 1.000000
36 34 1.000000
36 24 1.000000
36 16 1.000000
36 9 1.000000
37 25 1.000000
37 33 1.000000
37 15 1.000000
37 4 1.000000
37 41 1.000000
38 16 1.000000
38 23 1.000000
38 32 1.000000
38 44 1.000000
38 14 1.000000
39 4 1.000000
39 31 1.000000
39 43 1.000000
39 2 1.000000
39 30 1.000000
40 23 1.000000
40 5 1.000000
40 30 1.000000
40 33 1.000000
40 10 1.000000
41 38 1.000000
41 11 1.000000
41 18 1.000000
41 4 1.000000
41 15 1.000000
42 19 1.000000
42 9 1.000000
42 28 1.000000
42 21 1.000000
42 7 1.000000
43 19 1.000000
43 1 1.000000
43 26 1.000000
43 4 1.000000
43 5 1.000000
44 33 1.000000
44 21 1.000000
44 45 1.000000
44 0 1.000000
44 39 1.000000
45 47 1.000000
45 35 1.000000
45 41 1.000000
45 10 1.000000
45 15 1.000000
46 11 1.000000
46 14 1.000000
46 15 1.000000
46 26 1.000000
46 2 1.000000
47 19 1.000000
47 2 1.000000
47 33 1.000000
47 10 1.000000
47 7 1.000000
48 0 1.000000
48 35 1.000000
48 21 1.000000
48 19 1.000000
48 2 1.000000
49 1 1.000000
49 33 1.000000
49 20 1.000000
49 47 1.000000
49 11 1.000000
END
#################################################################
SECTION4 (TrueSubGraph Information)
EndPoint0 EndPoint1 Weight
41 37 1.0
0 49 1.0
45 14 1.0
47 29 1.0
28 11 1.0
5 16 1.0
39 30 1.0
26 7 1.0
10 33 1.0
29 15 1.0
33 0 1.0
16 32 1.0
31 46 1.0
13 45 1.0
48 19 1.0
12 47 1.0
17 23 1.0
19 10 1.0
37 34 1.0
9 13 1.0
11 17 1.0
49 31 1.0
15 41 1.0
14 5 1.0
46 39 1.0
35 48 1.0
23 35 1.0
34 26 1.0
7 9 1.0
32 28 1.0
END
#################################################################
