#################################################################
#APDM Input Graph, this input graph includes 3 sections:
#section1 : general information
#section2 : nodes
#section3 : edges
#section4 : trueSubGraph (Optional)
#
#if nodes haven't information set weight to null
#################################################################
SECTION1 (General Information)
numNodes = 50
numEdges = 235
usedAlgorithm = Test
dataSource = RandomData
END
#################################################################
SECTION2 (Nodes Information)
NodeID Weight 
0 0.360914
1 1.000000
2 1.000000
3 0.675210
4 1.000000
5 0.389982
6 0.879293
7 0.474299
8 0.664033
9 0.373211
10 1.000000
11 0.377298
12 1.000000
13 0.100451
14 0.822136
15 0.687129
16 0.308324
17 0.556426
18 0.974693
19 0.462892
20 0.792435
21 0.890811
22 0.120531
23 0.509846
24 0.616630
25 0.431650
26 0.609684
27 0.410759
28 0.279965
29 0.236093
30 0.205029
31 1.000000
32 0.473235
33 0.443778
34 1.000000
35 0.262146
36 0.381886
37 1.000000
38 0.383237
39 0.955254
40 0.222418
41 0.959930
42 0.565371
43 0.659458
44 0.422678
45 0.966397
46 0.369468
47 0.382043
48 0.780825
49 0.759172
END
#################################################################
SECTION3 (Edges Information)
EndPoint0 EndPoint1 Weight
0 37 1.000000
0 13 1.000000
0 15 1.000000
0 32 1.000000
0 1 1.000000
1 4 1.000000
1 14 1.000000
1 16 1.000000
1 42 1.000000
2 45 1.000000
2 36 1.000000
2 40 1.000000
2 18 1.000000
3 29 1.000000
3 10 1.000000
3 2 1.000000
3 5 1.000000
3 16 1.000000
4 27 1.000000
4 7 1.000000
4 14 1.000000
4 32 1.000000
4 15 1.000000
5 35 1.000000
5 36 1.000000
5 33 1.000000
5 43 1.000000
5 0 1.000000
6 1 1.000000
6 32 1.000000
6 37 1.000000
6 41 1.000000
6 26 1.000000
7 33 1.000000
7 10 1.000000
7 30 1.000000
7 1 1.000000
8 36 1.000000
8 33 1.000000
8 41 1.000000
8 11 1.000000
8 9 1.000000
9 18 1.000000
9 17 1.000000
9 37 1.000000
9 1 1.000000
9 20 1.000000
10 33 1.000000
10 26 1.000000
10 48 1.000000
10 13 1.000000
10 32 1.000000
11 21 1.000000
11 45 1.000000
11 22 1.000000
11 42 1.000000
12 36 1.000000
12 13 1.000000
12 19 1.000000
12 3 1.000000
12 11 1.000000
13 36 1.000000
13 27 1.000000
13 20 1.000000
13 44 1.000000
13 14 1.000000
14 19 1.000000
14 42 1.000000
14 33 1.000000
14 27 1.000000
15 19 1.000000
15 0 1.000000
15 44 1.000000
15 26 1.000000
15 20 1.000000
16 6 1.000000
16 15 1.000000
16 17 1.000000
16 11 1.000000
16 36 1.000000
17 0 1.000000
17 47 1.000000
17 19 1.000000
17 36 1.000000
17 2 1.000000
18 47 1.000000
18 44 1.000000
18 42 1.000000
18 14 1.000000
18 31 1.000000
19 36 1.000000
19 21 1.000000
19 1 1.000000
19 35 1.000000
20 33 1.000000
20 45 1.000000
20 30 1.000000
20 23 1.000000
20 32 1.000000
21 15 1.000000
21 12 1.000000
21 36 1.000000
21 16 1.000000
21 48 1.000000
22 40 1.000000
22 14 1.000000
22 28 1.000000
22 44 1.000000
22 12 1.000000
23 17 1.000000
23 24 1.000000
23 2 1.000000
23 1 1.000000
23 35 1.000000
24 48 1.000000
24 29 1.000000
24 26 1.000000
24 42 1.000000
25 42 1.000000
25 48 1.000000
25 34 1.000000
25 1 1.000000
25 36 1.000000
26 13 1.000000
26 42 1.000000
26 21 1.000000
26 23 1.000000
27 45 1.000000
27 26 1.000000
27 11 1.000000
27 41 1.000000
28 17 1.000000
28 0 1.000000
28 37 1.000000
28 39 1.000000
28 18 1.000000
29 7 1.000000
29 3 1.000000
29 18 1.000000
29 11 1.000000
29 16 1.000000
30 48 1.000000
30 6 1.000000
30 14 1.000000
30 12 1.000000
30 19 1.000000
31 47 1.000000
31 5 1.000000
31 21 1.000000
31 7 1.000000
31 14 1.000000
32 3 1.000000
32 27 1.000000
32 21 1.000000
32 10 1.000000
32 47 1.000000
33 4 1.000000
33 23 1.000000
33 34 1.000000
33 31 1.000000
33 12 1.000000
34 41 1.000000
34 42 1.000000
34 38 1.000000
34 21 1.000000
34 29 1.000000
35 18 1.000000
35 28 1.000000
35 42 1.000000
35 21 1.000000
35 37 1.000000
36 33 1.000000
36 24 1.000000
36 11 1.000000
36 4 1.000000
36 15 1.000000
37 4 1.000000
37 22 1.000000
37 12 1.000000
37 26 1.000000
37 31 1.000000
38 18 1.000000
38 12 1.000000
38 17 1.000000
38 0 1.000000
38 13 1.000000
39 21 1.000000
39 10 1.000000
39 11 1.000000
39 33 1.000000
39 26 1.000000
40 27 1.000000
40 25 1.000000
40 31 1.000000
40 36 1.000000
40 7 1.000000
41 15 1.000000
41 42 1.000000
41 27 1.000000
41 0 1.000000
41 37 1.000000
42 15 1.000000
42 1 1.000000
42 10 1.000000
42 48 1.000000
43 25 1.000000
43 15 1.000000
43 11 1.000000
43 24 1.000000
43 33 1.000000
44 5 1.000000
44 12 1.000000
44 2 1.000000
44 0 1.000000
45 28 1.000000
45 0 1.000000
45 8 1.000000
45 14 1.000000
45 49 1.000000
46 37 1.000000
46 31 1.000000
46 32 1.000000
46 20 1.000000
46 36 1.000000
47 43 1.000000
47 2 1.000000
47 36 1.000000
47 11 1.000000
48 33 1.000000
48 34 1.000000
48 41 1.000000
48 18 1.000000
49 32 1.000000
49 10 1.000000
49 2 1.000000
END
#################################################################
SECTION4 (TrueSubGraph Information)
EndPoint0 EndPoint1 Weight
3 25 1.0
4 31 1.0
26 44 1.0
32 12 1.0
10 15 1.0
19 32 1.0
37 36 1.0
15 47 1.0
23 37 1.0
14 33 1.0
11 18 1.0
45 48 1.0
47 19 1.0
33 2 1.0
25 27 1.0
12 14 1.0
0 41 1.0
44 45 1.0
16 17 1.0
21 34 1.0
31 0 1.0
34 11 1.0
1 42 1.0
27 23 1.0
41 21 1.0
42 16 1.0
2 4 1.0
17 3 1.0
36 10 1.0
18 26 1.0
END
#################################################################
