#################################################################
#APDM Input Graph, this input graph includes 3 sections:
#section1 : general information
#section2 : nodes
#section3 : edges
#section4 : trueSubGraph (Optional)
#
#if nodes haven't information set weight to null
#################################################################
SECTION1 (General Information)
numNodes = 50
numEdges = 240
usedAlgorithm = Test
dataSource = RandomData
END
#################################################################
SECTION2 (Nodes Information)
NodeID Weight 
0 1.000000
1 0.814029
2 1.000000
3 0.933057
4 1.000000
5 0.141773
6 1.000000
7 0.308556
8 1.000000
9 0.604193
10 0.911073
11 1.000000
12 0.056104
13 1.000000
14 1.000000
15 1.000000
16 0.054317
17 1.000000
18 1.000000
19 0.223202
20 0.877889
21 0.849330
22 0.160504
23 1.000000
24 0.869553
25 0.314416
26 1.000000
27 1.000000
28 0.360729
29 1.000000
30 1.000000
31 1.000000
32 0.089745
33 1.000000
34 1.000000
35 0.757571
36 0.996257
37 1.000000
38 1.000000
39 1.000000
40 0.902280
41 0.001735
42 0.282776
43 0.674584
44 1.000000
45 1.000000
46 0.075965
47 0.611549
48 1.000000
49 1.000000
END
#################################################################
SECTION3 (Edges Information)
EndPoint0 EndPoint1 Weight
0 39 1.000000
0 17 1.000000
0 29 1.000000
0 12 1.000000
0 35 1.000000
1 27 1.000000
1 45 1.000000
1 44 1.000000
1 28 1.000000
1 31 1.000000
2 39 1.000000
2 27 1.000000
2 22 1.000000
2 18 1.000000
2 1 1.000000
3 48 1.000000
3 26 1.000000
3 0 1.000000
3 31 1.000000
3 23 1.000000
4 1 1.000000
4 17 1.000000
4 11 1.000000
4 34 1.000000
4 14 1.000000
5 11 1.000000
5 39 1.000000
5 34 1.000000
5 33 1.000000
5 23 1.000000
6 37 1.000000
6 35 1.000000
6 46 1.000000
6 30 1.000000
6 48 1.000000
7 24 1.000000
7 36 1.000000
7 15 1.000000
7 37 1.000000
8 44 1.000000
8 30 1.000000
8 9 1.000000
8 18 1.000000
8 14 1.000000
9 35 1.000000
9 23 1.000000
9 42 1.000000
9 34 1.000000
9 29 1.000000
10 26 1.000000
10 18 1.000000
10 13 1.000000
10 34 1.000000
10 30 1.000000
11 8 1.000000
11 49 1.000000
11 36 1.000000
11 29 1.000000
11 42 1.000000
12 36 1.000000
12 11 1.000000
12 20 1.000000
12 28 1.000000
13 31 1.000000
13 18 1.000000
13 36 1.000000
13 23 1.000000
13 48 1.000000
14 8 1.000000
14 25 1.000000
14 48 1.000000
14 34 1.000000
14 36 1.000000
15 44 1.000000
15 35 1.000000
15 26 1.000000
15 14 1.000000
15 32 1.000000
16 27 1.000000
16 26 1.000000
16 21 1.000000
16 9 1.000000
17 47 1.000000
17 7 1.000000
17 30 1.000000
17 3 1.000000
17 6 1.000000
18 14 1.000000
18 11 1.000000
18 10 1.000000
18 9 1.000000
18 17 1.000000
19 24 1.000000
19 1 1.000000
19 37 1.000000
19 13 1.000000
19 9 1.000000
20 39 1.000000
20 48 1.000000
20 3 1.000000
20 8 1.000000
20 0 1.000000
21 2 1.000000
21 47 1.000000
21 41 1.000000
21 13 1.000000
21 5 1.000000
22 30 1.000000
22 31 1.000000
22 48 1.000000
22 37 1.000000
22 8 1.000000
23 1 1.000000
23 18 1.000000
23 36 1.000000
23 43 1.000000
23 46 1.000000
24 1 1.000000
24 44 1.000000
24 17 1.000000
24 36 1.000000
25 3 1.000000
25 17 1.000000
25 1 1.000000
25 12 1.000000
25 49 1.000000
26 15 1.000000
26 20 1.000000
26 29 1.000000
26 45 1.000000
26 41 1.000000
27 5 1.000000
27 45 1.000000
27 15 1.000000
27 26 1.000000
27 17 1.000000
28 0 1.000000
28 41 1.000000
28 14 1.000000
28 2 1.000000
29 6 1.000000
29 11 1.000000
29 13 1.000000
29 2 1.000000
29 24 1.000000
30 29 1.000000
30 28 1.000000
30 12 1.000000
30 24 1.000000
30 31 1.000000
31 5 1.000000
31 3 1.000000
31 6 1.000000
31 22 1.000000
31 27 1.000000
32 49 1.000000
32 13 1.000000
32 36 1.000000
32 17 1.000000
32 3 1.000000
33 11 1.000000
33 15 1.000000
33 34 1.000000
33 14 1.000000
34 41 1.000000
34 30 1.000000
34 39 1.000000
34 35 1.000000
35 27 1.000000
35 24 1.000000
35 9 1.000000
35 44 1.000000
36 20 1.000000
36 29 1.000000
36 37 1.000000
36 4 1.000000
36 43 1.000000
37 34 1.000000
37 31 1.000000
37 48 1.000000
37 7 1.000000
38 32 1.000000
38 35 1.000000
38 2 1.000000
38 4 1.000000
38 42 1.000000
39 11 1.000000
39 2 1.000000
39 40 1.000000
39 44 1.000000
39 0 1.000000
40 23 1.000000
40 0 1.000000
40 37 1.000000
40 17 1.000000
40 22 1.000000
41 31 1.000000
41 14 1.000000
41 16 1.000000
41 44 1.000000
41 4 1.000000
42 21 1.000000
42 0 1.000000
42 5 1.000000
42 20 1.000000
42 7 1.000000
43 37 1.000000
43 32 1.000000
43 13 1.000000
43 36 1.000000
43 15 1.000000
44 9 1.000000
44 8 1.000000
44 39 1.000000
44 15 1.000000
44 34 1.000000
45 42 1.000000
45 31 1.000000
45 38 1.000000
45 2 1.000000
45 13 1.000000
46 34 1.000000
46 37 1.000000
46 30 1.000000
46 2 1.000000
46 18 1.000000
47 33 1.000000
47 26 1.000000
47 30 1.000000
47 7 1.000000
48 8 1.000000
48 39 1.000000
48 32 1.000000
48 45 1.000000
48 44 1.000000
49 33 1.000000
49 1 1.000000
49 48 1.000000
49 6 1.000000
49 10 1.000000
END
#################################################################
SECTION4 (TrueSubGraph Information)
EndPoint0 EndPoint1 Weight
6 39 1.0
48 45 1.0
8 0 1.0
2 31 1.0
4 21 1.0
18 27 1.0
24 1 1.0
49 2 1.0
26 17 1.0
21 13 1.0
33 29 1.0
30 44 1.0
34 11 1.0
45 14 1.0
0 30 1.0
44 36 1.0
15 26 1.0
27 33 1.0
31 48 1.0
11 15 1.0
38 23 1.0
20 8 1.0
1 4 1.0
13 18 1.0
36 34 1.0
39 49 1.0
14 24 1.0
29 37 1.0
37 20 1.0
17 38 1.0
END
#################################################################
