#################################################################
#APDM Input Graph, this input graph includes 3 sections:
#section1 : general information
#section2 : nodes
#section3 : edges
#section4 : trueSubGraph (Optional)
#
#if nodes haven't information set weight to null
#################################################################
SECTION1 (General Information)
numNodes = 50
numEdges = 243
usedAlgorithm = Test
dataSource = RandomData
END
#################################################################
SECTION2 (Nodes Information)
NodeID Weight 
0 0.704480
1 1.000000
2 1.000000
3 1.000000
4 1.000000
5 0.557956
6 1.000000
7 1.000000
8 0.444852
9 0.631441
10 0.808688
11 0.321043
12 1.000000
13 0.521442
14 0.606638
15 0.502976
16 1.000000
17 0.950487
18 0.006214
19 0.792665
20 1.000000
21 1.000000
22 0.912674
23 0.947389
24 0.948213
25 0.056040
26 1.000000
27 0.770966
28 0.946443
29 0.760397
30 0.163280
31 0.709298
32 0.055628
33 0.892282
34 0.106364
35 0.761362
36 0.774851
37 1.000000
38 1.000000
39 0.927730
40 1.000000
41 1.000000
42 1.000000
43 0.923571
44 0.332944
45 0.646576
46 1.000000
47 0.294234
48 1.000000
49 0.693672
END
#################################################################
SECTION3 (Edges Information)
EndPoint0 EndPoint1 Weight
0 2 1.000000
0 10 1.000000
0 1 1.000000
0 18 1.000000
0 13 1.000000
1 9 1.000000
1 18 1.000000
1 19 1.000000
1 0 1.000000
1 47 1.000000
2 42 1.000000
2 20 1.000000
2 26 1.000000
2 27 1.000000
2 34 1.000000
3 23 1.000000
3 41 1.000000
3 4 1.000000
3 15 1.000000
3 32 1.000000
4 8 1.000000
4 30 1.000000
4 2 1.000000
4 39 1.000000
5 22 1.000000
5 19 1.000000
5 2 1.000000
5 43 1.000000
5 8 1.000000
6 44 1.000000
6 34 1.000000
6 38 1.000000
6 19 1.000000
6 18 1.000000
7 11 1.000000
7 23 1.000000
7 40 1.000000
7 25 1.000000
7 33 1.000000
8 12 1.000000
8 48 1.000000
8 36 1.000000
8 44 1.000000
8 21 1.000000
9 0 1.000000
9 27 1.000000
9 35 1.000000
9 43 1.000000
9 37 1.000000
10 34 1.000000
10 45 1.000000
10 18 1.000000
10 9 1.000000
10 32 1.000000
11 47 1.000000
11 38 1.000000
11 13 1.000000
11 23 1.000000
11 43 1.000000
12 1 1.000000
12 35 1.000000
12 11 1.000000
12 14 1.000000
13 49 1.000000
13 1 1.000000
13 6 1.000000
13 31 1.000000
13 8 1.000000
14 44 1.000000
14 16 1.000000
14 12 1.000000
14 38 1.000000
15 21 1.000000
15 16 1.000000
15 33 1.000000
15 23 1.000000
16 29 1.000000
16 0 1.000000
16 47 1.000000
16 31 1.000000
16 49 1.000000
17 11 1.000000
17 14 1.000000
17 37 1.000000
17 18 1.000000
17 23 1.000000
18 13 1.000000
18 14 1.000000
18 21 1.000000
18 15 1.000000
18 42 1.000000
19 38 1.000000
19 25 1.000000
19 16 1.000000
19 33 1.000000
19 15 1.000000
20 23 1.000000
20 32 1.000000
20 6 1.000000
20 2 1.000000
20 30 1.000000
21 1 1.000000
21 16 1.000000
21 7 1.000000
21 8 1.000000
21 39 1.000000
22 49 1.000000
22 14 1.000000
22 38 1.000000
22 30 1.000000
22 39 1.000000
23 42 1.000000
23 29 1.000000
23 30 1.000000
23 4 1.000000
24 40 1.000000
24 6 1.000000
24 25 1.000000
24 19 1.000000
24 33 1.000000
25 18 1.000000
25 0 1.000000
25 33 1.000000
25 8 1.000000
25 39 1.000000
26 15 1.000000
26 42 1.000000
26 46 1.000000
26 18 1.000000
26 0 1.000000
27 6 1.000000
27 8 1.000000
27 11 1.000000
27 28 1.000000
27 26 1.000000
28 19 1.000000
28 34 1.000000
28 41 1.000000
28 21 1.000000
28 27 1.000000
29 5 1.000000
29 47 1.000000
29 22 1.000000
29 18 1.000000
29 17 1.000000
30 4 1.000000
30 41 1.000000
30 37 1.000000
30 32 1.000000
30 28 1.000000
31 29 1.000000
31 9 1.000000
31 27 1.000000
31 0 1.000000
31 36 1.000000
32 31 1.000000
32 29 1.000000
32 35 1.000000
32 18 1.000000
32 45 1.000000
33 25 1.000000
33 10 1.000000
33 2 1.000000
33 17 1.000000
33 24 1.000000
34 43 1.000000
34 9 1.000000
34 39 1.000000
34 1 1.000000
34 4 1.000000
35 36 1.000000
35 5 1.000000
35 39 1.000000
35 15 1.000000
35 0 1.000000
36 44 1.000000
36 25 1.000000
36 11 1.000000
36 37 1.000000
36 13 1.000000
37 20 1.000000
37 43 1.000000
37 17 1.000000
37 38 1.000000
37 22 1.000000
38 41 1.000000
38 19 1.000000
38 3 1.000000
38 1 1.000000
38 34 1.000000
39 3 1.000000
39 41 1.000000
39 8 1.000000
39 32 1.000000
39 6 1.000000
40 33 1.000000
40 3 1.000000
40 30 1.000000
40 25 1.000000
41 44 1.000000
41 17 1.000000
41 0 1.000000
41 15 1.000000
41 38 1.000000
42 4 1.000000
42 40 1.000000
42 30 1.000000
42 33 1.000000
42 7 1.000000
43 41 1.000000
43 20 1.000000
43 28 1.000000
43 48 1.000000
43 15 1.000000
44 9 1.000000
44 35 1.000000
44 22 1.000000
44 39 1.000000
44 19 1.000000
45 16 1.000000
45 24 1.000000
45 21 1.000000
45 8 1.000000
46 11 1.000000
46 32 1.000000
46 47 1.000000
46 48 1.000000
46 26 1.000000
47 20 1.000000
47 34 1.000000
47 44 1.000000
47 46 1.000000
47 10 1.000000
48 5 1.000000
48 44 1.000000
48 47 1.000000
48 49 1.000000
48 30 1.000000
49 47 1.000000
49 30 1.000000
49 37 1.000000
49 17 1.000000
49 41 1.000000
END
#################################################################
SECTION4 (TrueSubGraph Information)
EndPoint0 EndPoint1 Weight
20 1 1.0
16 42 1.0
21 38 1.0
31 12 1.0
1 46 1.0
23 24 1.0
6 29 1.0
38 6 1.0
41 14 1.0
2 31 1.0
26 48 1.0
37 33 1.0
42 36 1.0
22 21 1.0
4 5 1.0
40 22 1.0
46 41 1.0
9 40 1.0
7 9 1.0
5 23 1.0
28 26 1.0
3 4 1.0
14 45 1.0
27 20 1.0
33 16 1.0
24 7 1.0
48 3 1.0
12 28 1.0
45 37 1.0
29 27 1.0
END
#################################################################
