#################################################################
#APDM Input Graph, this input graph includes 3 sections:
#section1 : general information
#section2 : nodes
#section3 : edges
#section4 : trueSubGraph (Optional)
#
#if nodes haven't information set weight to null
#################################################################
SECTION1 (General Information)
numNodes = 110
numEdges = 398
usedAlgorithm = Test
dataSource = PixelData
END
#################################################################
SECTION2 (Nodes Information)
NodeID GVal1 GVal2 GVal3 GVal4 GVal5 GVal6 GVal7 GVal8 GVal9 GVal10 GVal11 GVal12 
0 110.00 9.00 8.00 9.00 9.00 11.00 9.00 10.00 8.00 11.00 10.00 11.00
1 109.00 9.00 8.00 10.00 10.00 11.00 10.00 9.00 10.00 10.00 10.00 10.00
2 110.00 8.00 10.00 12.00 10.00 9.00 9.00 9.00 9.00 9.00 10.00 9.00
3 110.00 9.00 9.00 10.00 9.00 8.00 10.00 12.00 9.00 8.00 9.00 11.00
4 110.00 9.00 10.00 9.00 8.00 10.00 9.00 9.00 9.00 8.00 10.00 9.00
5 110.00 11.00 8.00 8.00 10.00 11.00 8.00 9.00 10.00 10.00 9.00 11.00
6 109.00 9.00 10.00 10.00 9.00 11.00 9.00 11.00 11.00 12.00 8.00 8.00
7 9.00 9.00 8.00 10.00 9.00 10.00 8.00 9.00 10.00 10.00 8.00 9.00
8 9.00 8.00 8.00 10.00 10.00 9.00 9.00 9.00 8.00 10.00 10.00 10.00
9 11.00 8.00 9.00 9.00 12.00 12.00 10.00 11.00 10.00 10.00 9.00 9.00
10 9.00 10.00 10.00 9.00 11.00 9.00 9.00 11.00 11.00 9.00 8.00 9.00
11 109.00 10.00 8.00 10.00 11.00 11.00 10.00 10.00 10.00 10.00 10.00 9.00
12 110.00 9.00 11.00 10.00 8.00 9.00 9.00 11.00 8.00 9.00 9.00 11.00
13 109.00 9.00 12.00 10.00 8.00 9.00 7.00 8.00 10.00 10.00 9.00 11.00
14 109.00 12.00 9.00 8.00 9.00 8.00 11.00 8.00 9.00 10.00 9.00 9.00
15 9.00 10.00 8.00 10.00 10.00 10.00 9.00 9.00 9.00 8.00 10.00 10.00
16 10.00 9.00 8.00 9.00 10.00 10.00 11.00 9.00 10.00 9.00 10.00 9.00
17 110.00 8.00 12.00 9.00 8.00 10.00 10.00 9.00 10.00 10.00 10.00 9.00
18 110.00 10.00 9.00 10.00 9.00 11.00 10.00 9.00 9.00 10.00 10.00 9.00
19 9.00 11.00 9.00 10.00 11.00 10.00 11.00 10.00 9.00 9.00 12.00 8.00
20 12.00 9.00 10.00 11.00 10.00 9.00 8.00 9.00 8.00 10.00 10.00 11.00
21 9.00 9.00 11.00 9.00 11.00 9.00 10.00 9.00 9.00 9.00 10.00 9.00
22 112.00 9.00 10.00 9.00 7.00 10.00 9.00 8.00 9.00 9.00 12.00 8.00
23 109.00 11.00 9.00 9.00 10.00 9.00 10.00 9.00 9.00 10.00 8.00 9.00
24 109.00 11.00 10.00 9.00 9.00 10.00 10.00 9.00 7.00 8.00 9.00 9.00
25 109.00 9.00 10.00 9.00 8.00 9.00 9.00 10.00 9.00 10.00 9.00 8.00
26 8.00 9.00 10.00 10.00 11.00 10.00 10.00 9.00 10.00 8.00 10.00 10.00
27 8.00 10.00 8.00 10.00 10.00 10.00 11.00 8.00 10.00 9.00 10.00 10.00
28 9.00 10.00 10.00 9.00 9.00 9.00 10.00 12.00 10.00 9.00 9.00 8.00
29 109.00 9.00 9.00 11.00 9.00 10.00 10.00 9.00 10.00 10.00 9.00 9.00
30 10.00 10.00 9.00 10.00 9.00 9.00 10.00 8.00 10.00 11.00 10.00 8.00
31 11.00 9.00 9.00 8.00 10.00 11.00 10.00 10.00 10.00 8.00 9.00 11.00
32 10.00 10.00 9.00 10.00 9.00 10.00 9.00 11.00 8.00 8.00 10.00 10.00
33 9.00 11.00 11.00 10.00 7.00 11.00 10.00 10.00 9.00 10.00 9.00 10.00
34 111.00 9.00 9.00 10.00 10.00 9.00 10.00 10.00 10.00 10.00 10.00 11.00
35 110.00 8.00 10.00 12.00 8.00 9.00 9.00 11.00 12.00 10.00 10.00 11.00
36 11.00 10.00 10.00 9.00 11.00 10.00 7.00 9.00 11.00 8.00 11.00 9.00
37 9.00 11.00 10.00 8.00 11.00 10.00 9.00 10.00 8.00 10.00 10.00 9.00
38 9.00 11.00 9.00 10.00 10.00 10.00 9.00 11.00 9.00 7.00 11.00 10.00
39 110.00 10.00 9.00 10.00 10.00 8.00 9.00 9.00 9.00 8.00 7.00 10.00
40 109.00 10.00 12.00 10.00 8.00 7.00 10.00 10.00 10.00 9.00 10.00 10.00
41 10.00 10.00 10.00 10.00 10.00 10.00 11.00 10.00 12.00 8.00 10.00 9.00
42 8.00 9.00 10.00 9.00 9.00 9.00 9.00 8.00 11.00 10.00 11.00 9.00
43 8.00 9.00 11.00 10.00 10.00 12.00 10.00 9.00 10.00 9.00 8.00 10.00
44 9.00 10.00 10.00 11.00 10.00 10.00 8.00 9.00 9.00 9.00 8.00 9.00
45 111.00 8.00 10.00 9.00 10.00 10.00 9.00 9.00 9.00 10.00 9.00 10.00
46 111.00 9.00 10.00 9.00 8.00 12.00 9.00 9.00 10.00 8.00 10.00 8.00
47 9.00 10.00 10.00 10.00 10.00 10.00 10.00 10.00 11.00 9.00 9.00 10.00
48 11.00 8.00 9.00 10.00 11.00 11.00 11.00 12.00 9.00 10.00 10.00 9.00
49 10.00 11.00 10.00 11.00 9.00 9.00 10.00 10.00 12.00 11.00 11.00 12.00
50 10.00 10.00 10.00 9.00 9.00 9.00 9.00 10.00 10.00 9.00 9.00 9.00
51 9.00 9.00 9.00 9.00 11.00 9.00 11.00 9.00 10.00 9.00 9.00 9.00
52 11.00 9.00 10.00 10.00 9.00 9.00 11.00 9.00 9.00 10.00 9.00 11.00
53 11.00 9.00 11.00 11.00 10.00 10.00 10.00 9.00 10.00 9.00 8.00 9.00
54 10.00 11.00 10.00 11.00 11.00 10.00 10.00 9.00 11.00 10.00 8.00 9.00
55 110.00 9.00 9.00 9.00 7.00 9.00 10.00 10.00 8.00 9.00 8.00 10.00
56 108.00 10.00 10.00 11.00 10.00 11.00 10.00 8.00 10.00 10.00 9.00 9.00
57 110.00 9.00 11.00 9.00 11.00 9.00 10.00 10.00 9.00 9.00 11.00 11.00
58 8.00 12.00 12.00 8.00 11.00 8.00 11.00 11.00 10.00 10.00 8.00 11.00
59 10.00 10.00 9.00 8.00 9.00 9.00 10.00 10.00 10.00 10.00 9.00 10.00
60 10.00 8.00 7.00 9.00 11.00 10.00 11.00 10.00 9.00 11.00 10.00 10.00
61 9.00 9.00 9.00 9.00 9.00 9.00 9.00 9.00 9.00 9.00 10.00 9.00
62 9.00 11.00 9.00 8.00 9.00 11.00 10.00 9.00 9.00 8.00 9.00 7.00
63 10.00 9.00 8.00 11.00 8.00 10.00 10.00 9.00 9.00 11.00 9.00 10.00
64 10.00 12.00 12.00 9.00 11.00 9.00 8.00 9.00 11.00 10.00 9.00 10.00
65 11.00 10.00 10.00 10.00 10.00 10.00 10.00 12.00 10.00 8.00 9.00 8.00
66 109.00 10.00 9.00 8.00 9.00 10.00 10.00 8.00 9.00 9.00 8.00 9.00
67 108.00 9.00 9.00 9.00 10.00 9.00 9.00 9.00 9.00 9.00 9.00 10.00
68 111.00 9.00 8.00 8.00 9.00 11.00 8.00 8.00 9.00 11.00 9.00 8.00
69 11.00 9.00 9.00 8.00 9.00 10.00 10.00 8.00 7.00 11.00 9.00 10.00
70 9.00 11.00 9.00 8.00 8.00 9.00 10.00 9.00 11.00 9.00 8.00 10.00
71 10.00 8.00 11.00 10.00 9.00 8.00 8.00 11.00 9.00 9.00 10.00 12.00
72 9.00 10.00 9.00 10.00 9.00 9.00 11.00 8.00 9.00 10.00 10.00 8.00
73 10.00 9.00 9.00 10.00 10.00 9.00 10.00 10.00 9.00 10.00 10.00 9.00
74 8.00 10.00 9.00 10.00 10.00 9.00 8.00 11.00 8.00 11.00 10.00 10.00
75 9.00 9.00 10.00 9.00 11.00 11.00 7.00 11.00 11.00 11.00 9.00 10.00
76 10.00 9.00 11.00 9.00 10.00 10.00 8.00 11.00 11.00 10.00 9.00 7.00
77 11.00 10.00 10.00 8.00 9.00 9.00 12.00 9.00 8.00 11.00 7.00 10.00
78 9.00 8.00 10.00 10.00 8.00 9.00 11.00 11.00 7.00 12.00 9.00 11.00
79 9.00 10.00 9.00 7.00 10.00 7.00 10.00 11.00 8.00 9.00 9.00 12.00
80 8.00 9.00 10.00 8.00 10.00 10.00 8.00 10.00 11.00 10.00 9.00 9.00
81 9.00 10.00 9.00 10.00 10.00 9.00 9.00 10.00 9.00 9.00 9.00 9.00
82 8.00 10.00 10.00 9.00 8.00 8.00 9.00 10.00 10.00 9.00 9.00 9.00
83 9.00 10.00 11.00 9.00 10.00 10.00 11.00 9.00 11.00 10.00 8.00 8.00
84 10.00 9.00 8.00 10.00 10.00 9.00 10.00 10.00 10.00 8.00 10.00 9.00
85 10.00 9.00 9.00 10.00 9.00 11.00 8.00 9.00 10.00 10.00 8.00 9.00
86 9.00 9.00 11.00 11.00 11.00 9.00 9.00 8.00 9.00 9.00 11.00 9.00
87 8.00 8.00 8.00 10.00 10.00 9.00 9.00 10.00 9.00 11.00 12.00 8.00
88 9.00 9.00 9.00 10.00 10.00 6.00 9.00 10.00 9.00 10.00 11.00 11.00
89 9.00 9.00 8.00 10.00 10.00 10.00 11.00 10.00 9.00 8.00 8.00 10.00
90 12.00 8.00 10.00 10.00 9.00 9.00 10.00 9.00 11.00 9.00 10.00 9.00
91 7.00 8.00 10.00 11.00 9.00 9.00 10.00 11.00 10.00 9.00 10.00 9.00
92 11.00 10.00 9.00 10.00 12.00 10.00 7.00 9.00 10.00 10.00 9.00 10.00
93 8.00 7.00 10.00 9.00 8.00 10.00 9.00 11.00 9.00 10.00 11.00 10.00
94 8.00 11.00 11.00 8.00 10.00 9.00 9.00 10.00 9.00 11.00 9.00 10.00
95 10.00 9.00 9.00 12.00 10.00 11.00 9.00 10.00 8.00 10.00 9.00 8.00
96 9.00 10.00 9.00 8.00 11.00 9.00 8.00 9.00 9.00 9.00 10.00 10.00
97 11.00 9.00 9.00 11.00 9.00 10.00 10.00 10.00 11.00 9.00 9.00 10.00
98 11.00 10.00 8.00 10.00 8.00 8.00 10.00 7.00 9.00 11.00 8.00 9.00
99 9.00 10.00 9.00 8.00 9.00 9.00 9.00 9.00 10.00 8.00 10.00 8.00
100 10.00 10.00 8.00 9.00 9.00 11.00 8.00 10.00 8.00 10.00 9.00 10.00
101 11.00 8.00 10.00 9.00 9.00 11.00 9.00 11.00 10.00 9.00 8.00 10.00
102 10.00 9.00 11.00 10.00 9.00 11.00 11.00 9.00 10.00 9.00 7.00 9.00
103 9.00 11.00 10.00 8.00 10.00 8.00 9.00 8.00 9.00 10.00 9.00 10.00
104 9.00 10.00 11.00 7.00 9.00 11.00 8.00 9.00 11.00 8.00 9.00 9.00
105 10.00 11.00 9.00 9.00 8.00 9.00 8.00 9.00 9.00 10.00 11.00 10.00
106 10.00 9.00 10.00 12.00 10.00 9.00 10.00 9.00 9.00 9.00 10.00 9.00
107 9.00 8.00 7.00 10.00 10.00 10.00 10.00 7.00 11.00 10.00 11.00 8.00
108 11.00 10.00 11.00 8.00 9.00 10.00 11.00 8.00 9.00 11.00 9.00 11.00
109 12.00 10.00 8.00 10.00 10.00 8.00 8.00 10.00 10.00 9.00 11.00 8.00
END
#################################################################
SECTION3 (Edges Information)
EndPoint0 EndPoint1 Weight
0 1 1.00
0 11 1.00
1 0 1.00
1 2 1.00
1 12 1.00
2 1 1.00
2 3 1.00
2 13 1.00
3 2 1.00
3 4 1.00
3 14 1.00
4 3 1.00
4 5 1.00
4 15 1.00
5 4 1.00
5 6 1.00
5 16 1.00
6 5 1.00
6 7 1.00
6 17 1.00
7 6 1.00
7 8 1.00
7 18 1.00
8 7 1.00
8 9 1.00
8 19 1.00
9 8 1.00
9 10 1.00
9 20 1.00
10 9 1.00
10 21 1.00
11 0 1.00
11 12 1.00
11 22 1.00
12 1 1.00
12 11 1.00
12 13 1.00
12 23 1.00
13 2 1.00
13 12 1.00
13 14 1.00
13 24 1.00
14 3 1.00
14 13 1.00
14 15 1.00
14 25 1.00
15 4 1.00
15 14 1.00
15 16 1.00
15 26 1.00
16 5 1.00
16 15 1.00
16 17 1.00
16 27 1.00
17 6 1.00
17 16 1.00
17 18 1.00
17 28 1.00
18 7 1.00
18 17 1.00
18 19 1.00
18 29 1.00
19 8 1.00
19 18 1.00
19 20 1.00
19 30 1.00
20 9 1.00
20 19 1.00
20 21 1.00
20 31 1.00
21 10 1.00
21 20 1.00
21 32 1.00
22 11 1.00
22 23 1.00
22 33 1.00
23 12 1.00
23 22 1.00
23 24 1.00
23 34 1.00
24 13 1.00
24 23 1.00
24 25 1.00
24 35 1.00
25 14 1.00
25 24 1.00
25 26 1.00
25 36 1.00
26 15 1.00
26 25 1.00
26 27 1.00
26 37 1.00
27 16 1.00
27 26 1.00
27 28 1.00
27 38 1.00
28 17 1.00
28 27 1.00
28 29 1.00
28 39 1.00
29 18 1.00
29 28 1.00
29 30 1.00
29 40 1.00
30 19 1.00
30 29 1.00
30 31 1.00
30 41 1.00
31 20 1.00
31 30 1.00
31 32 1.00
31 42 1.00
32 21 1.00
32 31 1.00
32 43 1.00
33 22 1.00
33 34 1.00
33 44 1.00
34 23 1.00
34 33 1.00
34 35 1.00
34 45 1.00
35 24 1.00
35 34 1.00
35 36 1.00
35 46 1.00
36 25 1.00
36 35 1.00
36 37 1.00
36 47 1.00
37 26 1.00
37 36 1.00
37 38 1.00
37 48 1.00
38 27 1.00
38 37 1.00
38 39 1.00
38 49 1.00
39 28 1.00
39 38 1.00
39 40 1.00
39 50 1.00
40 29 1.00
40 39 1.00
40 41 1.00
40 51 1.00
41 30 1.00
41 40 1.00
41 42 1.00
41 52 1.00
42 31 1.00
42 41 1.00
42 43 1.00
42 53 1.00
43 32 1.00
43 42 1.00
43 54 1.00
44 33 1.00
44 45 1.00
44 55 1.00
45 34 1.00
45 44 1.00
45 46 1.00
45 56 1.00
46 35 1.00
46 45 1.00
46 47 1.00
46 57 1.00
47 36 1.00
47 46 1.00
47 48 1.00
47 58 1.00
48 37 1.00
48 47 1.00
48 49 1.00
48 59 1.00
49 38 1.00
49 48 1.00
49 50 1.00
49 60 1.00
50 39 1.00
50 49 1.00
50 51 1.00
50 61 1.00
51 40 1.00
51 50 1.00
51 52 1.00
51 62 1.00
52 41 1.00
52 51 1.00
52 53 1.00
52 63 1.00
53 42 1.00
53 52 1.00
53 54 1.00
53 64 1.00
54 43 1.00
54 53 1.00
54 65 1.00
55 44 1.00
55 56 1.00
55 66 1.00
56 45 1.00
56 55 1.00
56 57 1.00
56 67 1.00
57 46 1.00
57 56 1.00
57 58 1.00
57 68 1.00
58 47 1.00
58 57 1.00
58 59 1.00
58 69 1.00
59 48 1.00
59 58 1.00
59 60 1.00
59 70 1.00
60 49 1.00
60 59 1.00
60 61 1.00
60 71 1.00
61 50 1.00
61 60 1.00
61 62 1.00
61 72 1.00
62 51 1.00
62 61 1.00
62 63 1.00
62 73 1.00
63 52 1.00
63 62 1.00
63 64 1.00
63 74 1.00
64 53 1.00
64 63 1.00
64 65 1.00
64 75 1.00
65 54 1.00
65 64 1.00
65 76 1.00
66 55 1.00
66 67 1.00
66 77 1.00
67 56 1.00
67 66 1.00
67 68 1.00
67 78 1.00
68 57 1.00
68 67 1.00
68 69 1.00
68 79 1.00
69 58 1.00
69 68 1.00
69 70 1.00
69 80 1.00
70 59 1.00
70 69 1.00
70 71 1.00
70 81 1.00
71 60 1.00
71 70 1.00
71 72 1.00
71 82 1.00
72 61 1.00
72 71 1.00
72 73 1.00
72 83 1.00
73 62 1.00
73 72 1.00
73 74 1.00
73 84 1.00
74 63 1.00
74 73 1.00
74 75 1.00
74 85 1.00
75 64 1.00
75 74 1.00
75 76 1.00
75 86 1.00
76 65 1.00
76 75 1.00
76 87 1.00
77 66 1.00
77 78 1.00
77 88 1.00
78 67 1.00
78 77 1.00
78 79 1.00
78 89 1.00
79 68 1.00
79 78 1.00
79 80 1.00
79 90 1.00
80 69 1.00
80 79 1.00
80 81 1.00
80 91 1.00
81 70 1.00
81 80 1.00
81 82 1.00
81 92 1.00
82 71 1.00
82 81 1.00
82 83 1.00
82 93 1.00
83 72 1.00
83 82 1.00
83 84 1.00
83 94 1.00
84 73 1.00
84 83 1.00
84 85 1.00
84 95 1.00
85 74 1.00
85 84 1.00
85 86 1.00
85 96 1.00
86 75 1.00
86 85 1.00
86 87 1.00
86 97 1.00
87 76 1.00
87 86 1.00
87 98 1.00
88 77 1.00
88 89 1.00
88 99 1.00
89 78 1.00
89 88 1.00
89 90 1.00
89 100 1.00
90 79 1.00
90 89 1.00
90 91 1.00
90 101 1.00
91 80 1.00
91 90 1.00
91 92 1.00
91 102 1.00
92 81 1.00
92 91 1.00
92 93 1.00
92 103 1.00
93 82 1.00
93 92 1.00
93 94 1.00
93 104 1.00
94 83 1.00
94 93 1.00
94 95 1.00
94 105 1.00
95 84 1.00
95 94 1.00
95 96 1.00
95 106 1.00
96 85 1.00
96 95 1.00
96 97 1.00
96 107 1.00
97 86 1.00
97 96 1.00
97 98 1.00
97 108 1.00
98 87 1.00
98 97 1.00
98 109 1.00
99 88 1.00
99 100 1.00
100 89 1.00
100 99 1.00
100 101 1.00
101 90 1.00
101 100 1.00
101 102 1.00
102 91 1.00
102 101 1.00
102 103 1.00
103 92 1.00
103 102 1.00
103 104 1.00
104 93 1.00
104 103 1.00
104 105 1.00
105 94 1.00
105 104 1.00
105 106 1.00
106 95 1.00
106 105 1.00
106 107 1.00
107 96 1.00
107 106 1.00
107 108 1.00
108 97 1.00
108 107 1.00
108 109 1.00
109 98 1.00
109 108 1.00
END
#################################################################
SECTION4 (TrueSubGraph Information)
EndPoint0 EndPoint1 Weight
0 11 1.0
39 40 1.0
18 17 1.0
45 34 1.0
11 12 1.0
66 55 1.0
56 45 1.0
35 46 1.0
14 25 1.0
25 24 1.0
24 35 1.0
17 6 1.0
29 18 1.0
6 5 1.0
67 66 1.0
4 3 1.0
55 56 1.0
2 1 1.0
1 0 1.0
40 29 1.0
34 23 1.0
13 14 1.0
5 4 1.0
68 67 1.0
46 57 1.0
23 22 1.0
57 68 1.0
3 2 1.0
12 13 1.0
END
#################################################################
