#################################################################
#APDM Input Graph, this input graph includes 3 sections:
#section1 : general information
#section2 : nodes
#section3 : edges
#section4 : trueSubGraph (Optional)
#
#if nodes haven't information set weight to null
#################################################################
SECTION1 (General Information)
numNodes = 110
numEdges = 398
usedAlgorithm = Test
dataSource = PixelData
END
#################################################################
SECTION2 (Nodes Information)
NodeID GVal1 GVal2 GVal3 GVal4 GVal5 GVal6 GVal7 GVal8 GVal9 GVal10 GVal11 GVal12 
0 10010.58 10010.94 10010.99 10010.16 10011.33 10009.09 10010.33 10009.45 10011.13 10008.53 10009.80 10010.41
1 10011.63 10009.12 10008.49 10010.34 10009.50 10010.98 10008.09 10009.07 10010.65 10010.45 10009.50 10009.25
2 10008.15 10011.30 10011.79 10009.99 10009.24 10009.45 10010.31 10009.83 10009.90 10010.11 10010.52 10011.30
3 10010.96 10008.08 10010.26 10010.80 10008.87 10008.74 10009.70 10010.56 10009.63 10010.76 10008.89 10008.05
4 10010.00 10010.59 10009.48 10008.79 10009.50 10010.57 10010.57 10011.12 10010.09 10011.18 10009.68 10009.18
5 10010.96 10007.14 10010.14 10010.99 10010.41 10010.06 10009.54 10009.69 10008.72 10009.56 10010.31 10008.24
6 10011.54 10010.33 10009.67 10011.27 10010.53 10010.28 10010.16 10008.80 10009.62 10009.03 10010.47 10009.99
7 10008.76 10009.61 10009.96 10011.56 10010.97 10009.64 10010.36 10011.01 10009.68 10009.90 10010.07 10011.31
8 10009.12 10009.14 10010.92 10009.88 10009.30 10011.37 10009.54 10009.89 10010.98 10009.33 10009.51 10009.25
9 10011.09 10009.11 10009.45 10010.06 10010.04 10012.00 10008.69 10010.78 10009.42 10010.56 10010.45 10010.01
10 10010.57 10009.30 10007.56 10011.06 10011.87 10009.47 10010.11 10010.81 10010.75 10009.28 10009.57 10009.67
11 10010.65 10009.23 10010.11 10010.36 10010.07 10009.79 10010.58 10010.51 10010.42 10011.33 10009.85 10008.98
12 10011.57 10010.39 10011.03 10011.61 10010.93 10009.20 10010.31 10009.20 10010.77 10010.92 10008.18 10007.59
13 10010.00 10009.25 10010.74 10010.44 10008.27 10011.09 10010.73 10009.95 10009.66 10009.83 10011.12 10011.02
14 10008.97 10010.28 10009.32 10011.17 10009.76 10009.91 10009.83 10009.07 10011.12 10011.16 10009.08 10011.70
15 10008.94 10010.81 10010.88 10008.59 10009.89 10010.31 10009.44 10010.20 10009.05 10011.34 10009.86 10009.99
16 10010.48 10009.22 10009.50 10008.14 10007.66 10009.46 10009.74 10007.63 10009.43 10009.04 10011.06 10008.37
17 10009.97 10010.45 10009.51 10009.89 10011.14 10008.89 10007.84 10010.15 10008.04 10007.88 10010.05 10010.20
18 10009.27 10010.16 10010.72 10012.05 10009.26 10008.83 10009.12 10010.01 10010.87 10009.23 10009.10 10010.55
19 10009.26 10011.48 10010.47 10008.53 10011.53 10009.90 10009.55 10011.72 10008.65 10009.44 10009.38 10010.37
20 10009.85 10010.83 10009.51 10010.11 10010.95 10011.22 10009.68 10010.23 10008.68 10010.52 10008.84 10010.02
21 10009.66 10008.03 10008.50 10009.81 10010.38 10009.73 10010.05 10010.89 10010.32 10009.48 10008.81 10010.40
22 10009.58 10009.42 10011.02 10009.70 10012.29 10009.58 10011.12 10008.24 10007.68 10009.68 10011.30 10010.04
23 10009.27 10012.56 10010.12 10010.83 10010.86 10010.49 10007.79 10008.41 10010.98 10010.03 10010.20 10010.13
24 10009.07 10010.57 10009.22 10009.64 10009.44 10009.86 10009.53 10008.51 10009.03 10009.63 10009.74 10010.48
25 10010.94 10009.68 10009.87 10009.93 10010.59 10009.07 10009.17 10008.70 10010.28 10009.31 10009.60 10011.42
26 10010.28 10009.40 10010.26 10008.39 10009.60 10011.07 10011.08 10010.34 10010.25 10011.05 10008.17 10010.45
27 10011.18 10009.32 10010.57 10010.89 10009.75 10007.64 10009.22 10009.05 10010.02 10010.10 10010.71 10009.22
28 10009.65 10009.18 10011.13 10007.42 10009.39 10011.34 10010.90 10010.48 10010.40 10009.45 10010.76 10009.07
29 10010.52 10009.25 10009.17 10010.07 10010.74 10010.07 10011.17 10009.74 10010.44 10010.47 10009.04 10010.27
30 10009.74 10009.20 10008.87 10009.68 10010.78 10009.35 10009.74 10010.85 10011.05 10009.95 10011.47 10009.67
31 10011.22 10010.29 10008.76 10010.39 10011.22 10009.70 10007.79 10010.07 10010.35 10008.23 10010.16 10010.07
32 10008.21 10010.28 10009.03 10008.95 10010.83 10010.89 10010.46 10009.87 10011.03 10011.16 10008.31 10008.83
33 10011.81 10010.15 10010.38 10010.68 10010.76 10010.16 10008.58 10009.80 10008.66 10010.69 10009.28 10010.77
34 10008.29 10010.26 10008.69 10008.31 10008.88 10008.72 10008.95 10008.98 10010.35 10010.10 10009.73 10009.48
35 10009.33 10011.34 10009.69 10009.02 10010.83 10010.49 10013.23 10011.87 10012.01 10011.43 10009.95 10011.78
36 10012.53 10011.62 10009.45 10010.07 10007.99 10011.08 10011.22 10008.16 10010.17 10010.48 10010.36 10009.07
37 10010.91 10009.44 10009.54 10009.61 10009.35 10010.50 10009.19 10008.41 10009.67 10010.18 10011.27 10010.45
38 10011.44 10010.03 10010.02 10009.58 10010.30 10010.07 10010.55 10008.29 10009.17 10009.73 10007.66 10009.11
39 10009.41 10008.61 10009.70 10009.81 10010.34 10008.17 10010.18 10010.59 10009.29 10009.14 10008.73 10009.72
40 10010.46 10009.65 10011.40 10010.76 10010.94 10010.33 10010.62 10010.05 10011.04 10010.40 10009.40 10012.88
41 10010.21 10011.05 10010.17 10010.72 10011.32 10009.57 10009.09 10009.11 10010.19 10009.34 10011.81 10009.17
42 10011.38 10009.58 10009.44 10009.67 10011.23 10008.85 10009.16 10011.51 10009.23 10008.78 10010.51 10009.89
43 10.88 10010.13 10011.03 10009.45 10009.16 10009.87 10010.24 10009.48 10010.45 10011.39 10009.48 10011.51
44 10009.19 10011.35 10012.02 10011.64 10009.40 10010.52 10010.36 10009.11 10010.85 10009.90 10008.17 10010.34
45 10010.10 10010.35 10010.34 10010.75 10010.47 10009.48 10011.93 10012.03 10011.29 10010.53 10009.81 10008.87
46 10010.63 10008.84 10009.33 10012.00 10011.26 10009.27 10012.07 10010.43 10009.84 10010.11 10010.45 10010.37
47 10009.63 10010.14 10010.09 10009.81 10009.17 10011.57 10009.84 10010.56 10009.26 10010.28 10008.40 10008.91
48 10008.99 10009.29 10010.37 10010.55 10010.83 10011.85 10009.16 10010.62 10010.28 10008.73 10011.16 10008.66
49 10010.81 10010.51 10010.17 10009.59 10010.22 10009.31 10008.38 10010.92 10010.99 10009.48 10010.56 10010.70
50 10011.34 10009.51 10009.65 10009.09 10011.25 10009.67 10010.16 10008.92 10011.06 10010.34 10008.48 10008.42
51 10009.10 10008.89 10009.64 10009.59 10012.00 10009.99 10009.79 10010.87 10010.28 10009.84 10011.11 10008.94
52 10011.46 10008.98 10008.95 10010.65 10008.59 10011.23 10010.84 10011.80 10011.94 10010.13 10010.45 10010.70
53 10009.60 10009.78 10009.66 10010.30 10009.87 10009.58 10010.58 10009.54 10008.75 10009.31 10007.66 10010.03
54 10.31 10011.68 10010.86 10009.44 10009.51 10009.28 10010.12 10008.51 10011.32 10007.61 10008.84 10010.25
55 10010.26 10011.20 10008.70 10008.24 10011.06 10010.27 10008.64 10010.65 10010.17 10010.91 10011.68 10009.24
56 10008.53 10008.82 10010.11 10009.56 10008.38 10009.61 10010.60 10009.72 10009.36 10009.09 10008.58 10008.96
57 10010.29 10008.86 10010.06 10010.38 10010.12 10010.87 10010.48 10011.27 10010.55 10010.94 10009.63 10010.09
58 10009.65 10010.13 10008.90 10009.01 10009.95 10010.73 10010.88 10009.17 10009.18 10009.74 10011.57 10010.22
59 10009.27 10010.72 10009.52 10009.07 10009.92 10010.19 10009.80 10010.51 10008.21 10010.67 10009.71 10010.10
60 9.86 10011.57 10010.34 10008.96 10011.55 10010.57 10009.20 10009.05 10008.75 10010.41 10010.98 10008.94
61 10009.45 10009.74 10010.36 10009.30 10008.69 10010.93 10010.11 10009.14 10011.05 10008.98 10010.47 10010.81
62 10010.56 10007.57 10010.59 10009.73 10009.63 10008.81 10010.36 10009.20 10010.30 10012.17 10010.60 10009.40
63 9.34 10008.92 10008.57 10010.76 10010.30 10009.70 10009.51 10010.58 10009.87 10010.28 10009.33 10010.42
64 9.98 10010.55 10009.38 10009.00 10009.57 10007.57 10010.06 10010.42 10009.15 10007.36 10011.10 10009.71
65 7.32 10008.80 10009.15 10011.54 10010.09 10008.49 10010.74 10009.28 10009.22 10009.49 10010.06 10010.69
66 10011.54 10010.54 10011.54 10010.35 10009.59 10009.17 10009.52 10011.35 10011.62 10010.93 10010.59 10010.82
67 10010.98 10009.85 10008.24 10009.49 10011.06 10010.14 10009.04 10010.63 10010.93 10010.84 10010.39 10009.09
68 10009.17 10011.35 10009.26 10008.69 10009.43 10008.28 10009.65 10009.64 10008.78 10009.60 10009.17 10009.83
69 10009.32 10008.36 10010.72 10011.04 10011.52 10008.45 10008.81 10011.24 10012.07 10008.18 10011.49 10009.32
70 10010.59 10010.31 10009.64 10010.58 10009.19 10009.37 10011.43 10011.44 10009.18 10009.45 10010.17 10011.09
71 10.26 10009.64 10009.13 10009.10 10010.00 10010.87 10010.81 10009.34 10010.26 10009.78 10009.57 10011.94
72 10.12 10008.85 10011.30 10010.12 10010.48 10009.76 10008.88 10009.78 10011.37 10008.71 10009.63 10012.24
73 9.06 10009.88 10009.40 10008.87 10010.34 10010.77 10009.22 10010.48 10009.41 10010.45 10008.86 10010.78
74 8.83 10009.56 10010.78 10010.49 10007.83 10009.25 10009.71 10009.89 10010.57 10010.20 10010.59 10008.80
75 9.49 10010.01 10008.55 10009.60 10009.36 10010.35 10011.64 10010.78 10008.95 10008.64 10008.41 10011.16
76 10010.31 10011.39 10007.82 10008.40 10009.89 10011.37 10010.13 10008.42 10008.14 10009.57 10008.60 10010.24
77 10009.37 10009.92 10011.00 10007.97 10009.22 10009.96 10009.63 10010.20 10009.51 10010.99 10011.06 10011.09
78 10010.96 10008.16 10009.48 10010.79 10011.39 10008.75 10008.78 10009.70 10008.30 10011.48 10009.46 10010.06
79 10011.49 10009.00 10008.23 10007.12 10010.16 10009.77 10010.82 10009.29 10010.40 10009.91 10010.74 10009.14
80 10008.42 10009.51 10010.77 10009.24 10012.19 10009.92 10010.04 10009.87 10009.57 10009.11 10012.72 10008.52
81 10009.98 10010.05 10009.65 10010.19 10009.50 10009.96 10010.36 10010.65 10009.55 10011.43 10010.70 10009.40
82 10.01 10009.49 10010.92 10009.39 10009.83 10010.13 10010.21 10011.19 10009.30 10011.57 10012.55 10010.95
83 9.44 10007.89 10009.48 10009.20 10009.11 10009.11 10009.95 10009.10 10010.52 10011.13 10009.00 10010.62
84 8.71 10010.84 10009.02 10010.55 10009.31 10010.35 10009.27 10010.08 10010.04 10009.63 10010.07 10008.52
85 10.71 10009.34 10009.74 10010.12 10010.73 10011.49 10009.94 10009.66 10009.73 10009.70 10009.38 10009.50
86 8.92 10010.71 10010.47 10010.90 10009.34 10011.08 10010.19 10010.90 10007.76 10009.22 10010.13 10008.84
87 10.91 10009.10 10010.23 10010.81 10009.08 10010.25 10011.05 10010.85 10007.86 10009.25 10009.16 10009.56
88 10008.92 10009.05 10009.64 10010.92 10011.14 10010.25 10010.37 10011.23 10009.23 10011.05 10011.14 10009.16
89 10011.21 10008.86 10011.06 10011.06 10010.25 10008.39 10009.53 10009.84 10012.06 10011.03 10008.53 10009.01
90 10009.78 10008.14 10010.04 10009.53 10011.62 10008.57 10009.09 10011.13 10009.93 10010.96 10009.93 10011.56
91 10010.87 10011.43 10011.65 10009.73 10010.60 10010.74 10010.22 10010.67 10010.89 10010.87 10010.74 10011.71
92 10.28 10009.99 10010.95 10010.08 10010.02 10009.32 10010.71 10010.11 10010.26 10010.41 10011.26 10009.54
93 9.91 10010.60 10009.80 10011.60 10011.78 10009.47 10011.23 10011.83 10008.29 10010.12 10011.19 10010.17
94 11.84 10009.73 10010.49 10010.60 10009.07 10009.43 10009.43 10007.99 10010.74 10011.06 10011.11 10009.98
95 9.07 10010.22 10009.54 10012.28 10010.93 10011.81 10009.59 10008.47 10011.20 10007.99 10007.91 10008.14
96 10.14 10011.96 10011.03 10007.91 10010.23 10010.08 10012.30 10008.31 10009.73 10009.41 10008.54 10007.53
97 10010.08 10011.06 10009.41 10009.72 10009.92 10007.78 10007.78 10009.05 10009.02 10009.80 10009.94 10009.07
98 10.76 10012.03 10009.63 10011.08 10009.68 10009.11 10010.94 10011.04 10009.93 10010.14 10010.37 10010.34
99 10008.57 10009.63 10009.42 10009.10 10010.00 10009.75 10008.40 10010.09 10010.44 10009.04 10009.93 10009.18
100 10010.02 10009.87 10008.44 10009.98 10010.27 10009.32 10010.48 10008.33 10009.50 10008.96 10009.56 10008.85
101 10010.02 10008.75 10010.29 10010.29 10009.25 10011.15 10010.78 10010.73 10009.65 10010.56 10009.69 10010.01
102 10010.40 10011.00 10011.02 10011.04 10008.66 10009.77 10012.17 10010.31 10010.37 10009.70 10011.27 10010.44
103 10.46 10010.91 10009.89 10009.18 10010.10 10012.15 10011.33 10009.13 10010.18 10010.52 10010.86 10009.46
104 12.63 10009.38 10009.58 10010.10 10009.07 10009.23 10010.16 10008.77 10009.25 10010.89 10010.12 10008.09
105 8.18 10009.89 10010.25 10008.53 10007.83 10009.90 10011.30 10009.71 10009.79 10009.79 10010.05 10008.66
106 10.16 10010.66 10009.66 10011.08 10009.58 10010.16 10009.16 10010.59 10010.12 10009.31 10010.88 10009.01
107 10.56 10010.07 10008.38 10010.85 10010.68 10009.87 10008.54 10010.02 10009.23 10010.37 10010.19 10010.87
108 10.09 10010.27 10009.48 10010.45 10008.57 10008.60 10011.21 10010.35 10010.68 10010.27 10010.18 10009.91
109 10.21 10009.72 10008.17 10009.14 10009.68 10009.72 10009.66 10010.32 10010.74 10009.17 10009.82 10010.51
END
#################################################################
SECTION3 (Edges Information)
EndPoint0 EndPoint1 Weight
0 1 1.00
0 11 1.00
1 0 1.00
1 2 1.00
1 12 1.00
2 1 1.00
2 3 1.00
2 13 1.00
3 2 1.00
3 4 1.00
3 14 1.00
4 3 1.00
4 5 1.00
4 15 1.00
5 4 1.00
5 6 1.00
5 16 1.00
6 5 1.00
6 7 1.00
6 17 1.00
7 6 1.00
7 8 1.00
7 18 1.00
8 7 1.00
8 9 1.00
8 19 1.00
9 8 1.00
9 10 1.00
9 20 1.00
10 9 1.00
10 21 1.00
11 0 1.00
11 12 1.00
11 22 1.00
12 1 1.00
12 11 1.00
12 13 1.00
12 23 1.00
13 2 1.00
13 12 1.00
13 14 1.00
13 24 1.00
14 3 1.00
14 13 1.00
14 15 1.00
14 25 1.00
15 4 1.00
15 14 1.00
15 16 1.00
15 26 1.00
16 5 1.00
16 15 1.00
16 17 1.00
16 27 1.00
17 6 1.00
17 16 1.00
17 18 1.00
17 28 1.00
18 7 1.00
18 17 1.00
18 19 1.00
18 29 1.00
19 8 1.00
19 18 1.00
19 20 1.00
19 30 1.00
20 9 1.00
20 19 1.00
20 21 1.00
20 31 1.00
21 10 1.00
21 20 1.00
21 32 1.00
22 11 1.00
22 23 1.00
22 33 1.00
23 12 1.00
23 22 1.00
23 24 1.00
23 34 1.00
24 13 1.00
24 23 1.00
24 25 1.00
24 35 1.00
25 14 1.00
25 24 1.00
25 26 1.00
25 36 1.00
26 15 1.00
26 25 1.00
26 27 1.00
26 37 1.00
27 16 1.00
27 26 1.00
27 28 1.00
27 38 1.00
28 17 1.00
28 27 1.00
28 29 1.00
28 39 1.00
29 18 1.00
29 28 1.00
29 30 1.00
29 40 1.00
30 19 1.00
30 29 1.00
30 31 1.00
30 41 1.00
31 20 1.00
31 30 1.00
31 32 1.00
31 42 1.00
32 21 1.00
32 31 1.00
32 43 1.00
33 22 1.00
33 34 1.00
33 44 1.00
34 23 1.00
34 33 1.00
34 35 1.00
34 45 1.00
35 24 1.00
35 34 1.00
35 36 1.00
35 46 1.00
36 25 1.00
36 35 1.00
36 37 1.00
36 47 1.00
37 26 1.00
37 36 1.00
37 38 1.00
37 48 1.00
38 27 1.00
38 37 1.00
38 39 1.00
38 49 1.00
39 28 1.00
39 38 1.00
39 40 1.00
39 50 1.00
40 29 1.00
40 39 1.00
40 41 1.00
40 51 1.00
41 30 1.00
41 40 1.00
41 42 1.00
41 52 1.00
42 31 1.00
42 41 1.00
42 43 1.00
42 53 1.00
43 32 1.00
43 42 1.00
43 54 1.00
44 33 1.00
44 45 1.00
44 55 1.00
45 34 1.00
45 44 1.00
45 46 1.00
45 56 1.00
46 35 1.00
46 45 1.00
46 47 1.00
46 57 1.00
47 36 1.00
47 46 1.00
47 48 1.00
47 58 1.00
48 37 1.00
48 47 1.00
48 49 1.00
48 59 1.00
49 38 1.00
49 48 1.00
49 50 1.00
49 60 1.00
50 39 1.00
50 49 1.00
50 51 1.00
50 61 1.00
51 40 1.00
51 50 1.00
51 52 1.00
51 62 1.00
52 41 1.00
52 51 1.00
52 53 1.00
52 63 1.00
53 42 1.00
53 52 1.00
53 54 1.00
53 64 1.00
54 43 1.00
54 53 1.00
54 65 1.00
55 44 1.00
55 56 1.00
55 66 1.00
56 45 1.00
56 55 1.00
56 57 1.00
56 67 1.00
57 46 1.00
57 56 1.00
57 58 1.00
57 68 1.00
58 47 1.00
58 57 1.00
58 59 1.00
58 69 1.00
59 48 1.00
59 58 1.00
59 60 1.00
59 70 1.00
60 49 1.00
60 59 1.00
60 61 1.00
60 71 1.00
61 50 1.00
61 60 1.00
61 62 1.00
61 72 1.00
62 51 1.00
62 61 1.00
62 63 1.00
62 73 1.00
63 52 1.00
63 62 1.00
63 64 1.00
63 74 1.00
64 53 1.00
64 63 1.00
64 65 1.00
64 75 1.00
65 54 1.00
65 64 1.00
65 76 1.00
66 55 1.00
66 67 1.00
66 77 1.00
67 56 1.00
67 66 1.00
67 68 1.00
67 78 1.00
68 57 1.00
68 67 1.00
68 69 1.00
68 79 1.00
69 58 1.00
69 68 1.00
69 70 1.00
69 80 1.00
70 59 1.00
70 69 1.00
70 71 1.00
70 81 1.00
71 60 1.00
71 70 1.00
71 72 1.00
71 82 1.00
72 61 1.00
72 71 1.00
72 73 1.00
72 83 1.00
73 62 1.00
73 72 1.00
73 74 1.00
73 84 1.00
74 63 1.00
74 73 1.00
74 75 1.00
74 85 1.00
75 64 1.00
75 74 1.00
75 76 1.00
75 86 1.00
76 65 1.00
76 75 1.00
76 87 1.00
77 66 1.00
77 78 1.00
77 88 1.00
78 67 1.00
78 77 1.00
78 79 1.00
78 89 1.00
79 68 1.00
79 78 1.00
79 80 1.00
79 90 1.00
80 69 1.00
80 79 1.00
80 81 1.00
80 91 1.00
81 70 1.00
81 80 1.00
81 82 1.00
81 92 1.00
82 71 1.00
82 81 1.00
82 83 1.00
82 93 1.00
83 72 1.00
83 82 1.00
83 84 1.00
83 94 1.00
84 73 1.00
84 83 1.00
84 85 1.00
84 95 1.00
85 74 1.00
85 84 1.00
85 86 1.00
85 96 1.00
86 75 1.00
86 85 1.00
86 87 1.00
86 97 1.00
87 76 1.00
87 86 1.00
87 98 1.00
88 77 1.00
88 89 1.00
88 99 1.00
89 78 1.00
89 88 1.00
89 90 1.00
89 100 1.00
90 79 1.00
90 89 1.00
90 91 1.00
90 101 1.00
91 80 1.00
91 90 1.00
91 92 1.00
91 102 1.00
92 81 1.00
92 91 1.00
92 93 1.00
92 103 1.00
93 82 1.00
93 92 1.00
93 94 1.00
93 104 1.00
94 83 1.00
94 93 1.00
94 95 1.00
94 105 1.00
95 84 1.00
95 94 1.00
95 96 1.00
95 106 1.00
96 85 1.00
96 95 1.00
96 97 1.00
96 107 1.00
97 86 1.00
97 96 1.00
97 98 1.00
97 108 1.00
98 87 1.00
98 97 1.00
98 109 1.00
99 88 1.00
99 100 1.00
100 89 1.00
100 99 1.00
100 101 1.00
101 90 1.00
101 100 1.00
101 102 1.00
102 91 1.00
102 101 1.00
102 103 1.00
103 92 1.00
103 102 1.00
103 104 1.00
104 93 1.00
104 103 1.00
104 105 1.00
105 94 1.00
105 104 1.00
105 106 1.00
106 95 1.00
106 105 1.00
106 107 1.00
107 96 1.00
107 106 1.00
107 108 1.00
108 97 1.00
108 107 1.00
108 109 1.00
109 98 1.00
109 108 1.00
END
#################################################################
SECTION4 (TrueSubGraph Information)
EndPoint0 EndPoint1 Weight
109 98 1.0
103 104 1.0
95 94 1.0
72 73 1.0
64 65 1.0
106 107 1.0
85 96 1.0
71 72 1.0
54 43 1.0
86 75 1.0
60 71 1.0
107 108 1.0
82 93 1.0
104 105 1.0
63 64 1.0
93 92 1.0
105 106 1.0
83 82 1.0
84 85 1.0
98 87 1.0
74 63 1.0
94 83 1.0
92 103 1.0
108 109 1.0
96 95 1.0
65 54 1.0
73 84 1.0
87 86 1.0
75 74 1.0
END
#################################################################
