
------------------------------ test starts ------------------------------ 
s**********************************************: 2
Current result: {763,795}
Current function value: 1.1782629E7
s**********************************************: 3
Current result: {249}
Current function value: 9923550.0
s**********************************************: 4
Current result: {482,514,546,547,548,580,581,582,583,584,585,586,587,588,589,590,591,623,655,656,657,658,659,691,723,724,725,757,758,759,760,761,762,763,795,796}
Current function value: 1.3637684E7
s**********************************************: 5
Current result: {450,481,482,513,545,546,578,579,580,581,582,614,646,678,710,711,743,744,745,746,747,748,749,750,751,752,753,754,755,756,757,758,759,760,761,762,765,794,795,797,827,828,829}
Current function value: 1.2477381106295105E7
s**********************************************: 6
Current result: {482,514,545,546,547,579,580,581,582,583,615,616,617,649,681,682,683,684,685,686,687,688,720,752,764,765,784,785,786,787,788,789,790,791,792,793,794,795,796,828,829,830,861,862,893}
Current function value: 1.3575437E7
s**********************************************: 7
Current result: {448,449,450,480,482,513,514,544,545,577,578,579,580,581,582,583,615,616,617,649,650,651,652,653,685,686,718,719,720,721,722,754,755,756,757,758,759,760,761,762,765,794,795,796,797,829,830,861,862,893,894}
Current function value: 1.7777229E7
s**********************************************: 8
Current result: {448,449,450,480,481,482,512,514,544,545,577,578,579,580,581,582,583,584,616,617,618,619,651,683,684,685,686,687,688,689,690,691,692,693,694,695,727,759,760,761,762,763,764,765,795,796,797,798,827,829,830,861,893,894,926}
Current function value: 2.2083115E7
s**********************************************: 9
Current result: {448,449,480,481,482,514,544,545,546,576,577,578,579,580,581,582,583,584,616,617,649,681,682,714,715,747,748,749,750,751,752,753,754,755,756,757,758,759,760,761,762,763,764,765,795,796,797,827,828,829,830,860,861,862,894,926}
Current function value: 2.2454947E7
s**********************************************: 10
Current result: {278}
Current function value: 9557886.0
s**********************************************: 11
Current result: {695,727,728,729,733,761,762,764,765,794,795,796,798,827,828,829,830,859,861,862,894,925,926,957,958}
Current function value: 1.5058565E7
s**********************************************: 12
Current result: {729,730,731,761,762,763,764,792,793,795,796,797,824,828,829,847,856,879,880,881,882,883,884,885,886,887,888,911,912,913,945}
Current function value: 2.1958389E7
s**********************************************: 13
Current result: {605,637,669,695,696,700,701,727,728,729,730,731,732,759,761,763,764,765,794,795,796,797,798,828,829,830,860,861,862,893,894,926,958}
Current function value: 2.1988023E7
s**********************************************: 14
Current result: {503,504,535,567,599,631,661,662,663,664,691,692,693,696,697,698,699,718,719,720,721,722,723,731,750,763,765,782,795,797,814,826,827,828,829,846,860,861,862,878,879,880,893,894,911,926,943,958}
Current function value: 2.0754692E7
s**********************************************: 15
Current result: {472,503,504,535,567,598,599,630,631,637,662,669,692,693,694,695,700,701,727,728,729,730,731,732,759,761,764,765,794,795,796,798,827,828,829,830,860,861,862,892,894,925,926,957,958}
Current function value: 3.6846376E7
sRESULT**********************************************: 
result subgraph is: [278]
------------------------------ test ends --------------------------------
