
------------------------------ test starts ------------------------------ 
s**********************************************: 2
Current result: {449,450,451,452,453,454,486,518,550,582,614,615,616,648,680,712,744,745,746,747,748,749,750,751,752,753,754,755,756,757,758,759,760,761,762,763,795}
Current function value: 1.3070468E7
s**********************************************: 3
Current result: {449,450,482,514,515,516,517,518,519,520,521,522,523,524,525,526,527,528,529,530,531,532,533,534,535,546,567,599,631,663,664,665,666,698,730,762,763,795,796,828}
Current function value: 1.508354E7
s**********************************************: 4
Current result: {795,796,828}
Current function value: 1.1876184E7
s**********************************************: 5
Current result: {449,450,482,514,515,516,517,518,550,551,552,584,585,617,618,619,651,652,684,685,717,718,719,720,721,753,754,755,756,757,758,759,760,761,762,763,765,795,796,797,828}
Current function value: 1.4038869E7
s**********************************************: 6
Current result: {450,480,482,512,514,544,545,546,547,548,549,550,551,552,553,554,555,556,557,558,559,560,592,624,625,657,658,659,660,692,724,725,726,758,759,760,761,762,764,794,795,796,828,829,830,861,862}
Current function value: 1.6511264E7
s**********************************************: 7
Current result: {448,449,450,480,512,514,544,545,546,547,548,549,550,551,552,553,554,555,556,557,558,559,560,576,592,593,625,657,658,690,691,723,724,725,757,758,759,760,761,762,763,765,795,796,797,798,830,862}
Current function value: 1.7007189E7
s**********************************************: 8
Current result: {449,450,480,481,482,512,544,545,546,576,577,578,579,580,581,582,583,584,585,617,618,650,682,683,684,685,686,687,688,689,690,691,692,693,694,695,727,728,729,730,762,763,765,795,796,797,827,828,860,861,862}
Current function value: 1.7710972E7
s**********************************************: 9
Current result: {503,535,567,599,631,663,695,727,730,731,759,760,761,762,763,764,794,795,796,797,827,828,829,830,860,861,862,893,894,926}
Current function value: 2.5063382E7
s**********************************************: 10
Current result: {631,663,695,727,728,731,732,733,760,761,762,763,764,765,766,796,797,798,828,829,830,861,862,892,893,894,925}
Current function value: 1.6018016E7
s**********************************************: 11
Current result: {448,449,450,480,481,482,512,514,545,546,576,577,578,579,580,581,582,583,615,647,679,680,712,713,714,715,747,748,749,750,751,752,753,754,755,756,757,758,759,760,761,762,763,765,795,796,797,798,829,861,862,893,894,926}
Current function value: 2.1220734E7
s**********************************************: 12
Current result: {503,534,535,566,598,630,637,662,663,669,695,696,697,700,701,727,728,729,731,732,760,761,763,764,765,793,794,795,797,826,828,829}
Current function value: 1.995109E7
s**********************************************: 13
Current result: {762,763,765,795,796,797,798,829,861,862,893,894}
Current function value: 1.3834653E7
s**********************************************: 14
Current result: {629,661,662,693,694,695,726,727,728,729,732,761,762,763,764,795,796,798,827,828,830,859,860,862,892,893,894,925,926}
Current function value: 1.6950602E7
s**********************************************: 15
Current result: {471,472,503,535,536,567,599,631,663,695,701,727,733,759,760,761,762,763,764,765,794,795,796,798,828,829,830,860,861,862,893,894,926}
Current function value: 2.2365653E7
sRESULT**********************************************: 
result subgraph is: [795, 796, 828]
------------------------------ test ends --------------------------------
