
------------------------------ test starts ------------------------------ 
s**********************************************: 2
Current result: {762,763,795,796,828}
Current function value: 1.2225625E7
s**********************************************: 3
Current result: {762,763,764,765,796,797,828}
Current function value: 1.3266248E7
s**********************************************: 4
Current result: {448,449,450,480,482,512,544,545,576}
Current function value: 1.2414681E7
s**********************************************: 5
Current result: {449,481,482,513,514,515,516,517,518,519,520,521,522,523,545,555,556,557,558,559,560,561,593,625,626,627,659,691,723,724,756,757,758,759,760,761,762,794,795,796,797,828,829}
Current function value: 1.4773509E7
s**********************************************: 6
Current result: {449,450,482,513,514,515,516,517,518,519,520,521,522,523,524,525,526,527,528,529,530,545,562,563,564,596,597,629,630,662,663,695,696,728,760,761,762,763,764,765,797,828,829,830,860,861,862,894,926}
Current function value: 1.4566606E7
s**********************************************: 7
Current result: {123}
Current function value: 9729237.0
s**********************************************: 8
Current result: {448,449,450,480,481,482,512,514,544,545,576,577,578,579,580,581,582,583,584,608,616,648,680,681,682,683,684,685,717,718,719,720,752,753,754,755,756,757,758,759,760,761,762,763,795,796,797,827,829,830,860,861,862,893,894,926}
Current function value: 1.9905045E7
s**********************************************: 9
Current result: {959}
Current function value: 1.10592E7
s**********************************************: 10
Current result: {763,764,765,796,797,798,828,829,830,861,862,893,894,926}
Current function value: 1.4376678E7
s**********************************************: 11
Current result: {701,731,732,733,761,762,763,764,765,794,796,797,798,828,829,830,861,862,894,925,926}
Current function value: 1.7330819E7
s**********************************************: 12
Current result: {631,663,695,697,700,701,727,728,729,730,731,732,759,760,761,763,764,765,793,794,796,797,827,828,829,860,861,892,893,894,926,958}
Current function value: 2.2982774267466776E7
s**********************************************: 13
Current result: {631,637,663,669,695,700,701,727,728,730,731,732,760,761,762,764,765,796,797,798,827,828,829,830,861,862,893,894,925,926}
Current function value: 1.9421391E7
s**********************************************: 14
Current result: {763,764,765,795,797,828,829,830,861,862,893,894,926}
Current function value: 1.4354589E7
s**********************************************: 15
Current result: {631,663,695,727,728,730,731,759,760,761,762,763,765,794,795,796,797,827,829,861,862,893,925,957,958}
Current function value: 1.826336E7
sRESULT**********************************************: 
result subgraph is: [123]
------------------------------ test ends --------------------------------
