
------------------------------ test starts ------------------------------ 
s**********************************************: 2
Current result: {449,450,451,452,453,454,486,487,488,489,490,491,492,493,494,495,527,559,560,592,624,625,626,658,659,691,723,724,725,757,758,759,760,761,762,763}
Current function value: 1.2599361E7
s**********************************************: 3
Current result: {449,481,512,513,514,544,545,546}
Current function value: 1.2165376E7
s**********************************************: 4
Current result: {449,450,482,514,545,546,578,579,611,612,613,614,615,616,617,649,650,682,714,746,747,748,749,750,751,752,753,754,755,756,757,758,759,760,761,762,763,764,796,828}
Current function value: 1.4824825E7
s**********************************************: 5
Current result: {449,481,482,514,546,578,610,611,643,644,645,646,647,648,649,681,713,714,715,716,717,718,719,720,721,722,754,755,756,757,758,759,760,761,762,763,764,765,796,797,828,829}
Current function value: 1.5243081E7
s**********************************************: 6
Current result: {449,450,482,514,546,547,548,549,550,551,552,553,554,555,556,557,589,590,622,654,655,656,657,689,721,722,723,724,725,726,727,728,729,730,762,763,764,765,796,797,828}
Current function value: 1.3545316E7
s**********************************************: 7
Current result: {448,449,450,480,482,512,514,544,545,577,578,579,580,581,582,583,584,585,586,587,588,589,590,591,592,593,594,626,627,628,660,692,724,756,757,758,759,760,761,762,763,764,765,795,796,797,829,830,862,894}
Current function value: 1.9080136E7
s**********************************************: 8
Current result: {760,761,762,763,765,794,796,797,798,826,827,828,829,830,860,861,862,892,893,925,926}
Current function value: 1.8611787E7
s**********************************************: 9
Current result: {448,449,450,480,481,482,512,514,544,545,576,577,578,610,611,612,613,614,615,616,617,618,619,620,621,653,685,717,718,719,720,721,753,754,755,756,757,758,759,760,761,762,763,765,795,796,797,798,827,828,829,830,859,861,862,893,894,926}
Current function value: 2.1765111E7
s**********************************************: 10
Current result: {732,733,763,764,765,795,796,797,798,827,828,829,830,860,861,862,892,893,894,926}
Current function value: 1.5723128E7
s**********************************************: 11
Current result: {440,472,503,504,535,567,599,631,663,695,727,728,760,765,792,793,794,795,796,797,798,828,829,830,859,860,861,893,894,926}
Current function value: 1.894509E7
s**********************************************: 12
Current result: {449,450,480,481,482,512,514,544,546,576,578,579,580,581,582,583,584,585,586,618,650,651,683,684,716,717,718,719,720,721,722,723,724,725,726,727,728,729,730,731,763,764,765,794,795,796,797,798,827,829,860,861,862,893,894}
Current function value: 2.1882123E7
s**********************************************: 13
Current result: {959}
Current function value: 1.10592E7
s**********************************************: 14
Current result: {503,520,521,535,552,567,584,586,599,616,617,618,619,620,621,622,623,624,625,626,627,628,629,630,631,632,649,650,664,681,696,701,728,729,730,731,732,733,760,764,795,796,797,798,830,860,861,862,892,894,926}
Current function value: 2.4257045E7
s**********************************************: 15
Current result: {520,521,552,553,554,555,556,586,588,589,590,591,592,593,594,595,596,597,598,599,605,631,637,663,669,695,701,727,728,730,732,733,760,761,762,763,764,765,766,793,794,795,796,798,827,829,830,861,862,893,894,925}
Current function value: 2.8511427E7
sRESULT**********************************************: 
result subgraph is: [449, 481, 512, 513, 514, 544, 545, 546]
------------------------------ test ends --------------------------------
