
------------------------------ test starts ------------------------------ 
s**********************************************: 2
Current result: {448,449,450,480}
Current function value: 1.2078049E7
s**********************************************: 3
Current result: {449,481,482,514,515,516,517,518,519,520,521,522,523,555,556,557,589,621,622,623,624,625,626,658,690,722,754,755,756,788,789,790,791,792,793,794,795,796,828}
Current function value: 1.2975081E7
s**********************************************: 4
Current result: {449,450,482,514,546,578,610,642,674,675,707,708,709,710,711,712,713,745,746,762,763,778,779,780,781,782,783,784,785,786,787,788,789,790,791,792,793,794,795,796,828}
Current function value: 1.3879993E7
s**********************************************: 5
Current result: {448,480,481,482,513,514,515,516,517,518,519,520,521,522,523,524,525,526,527,544,545,559,591,592,624,625,626,627,628,660,692,724,756,757,758,759,760,761,762,763,765,795,796,797,828,829}
Current function value: 1.5967224E7
s**********************************************: 6
Current result: {762,763,765,795,796,797,828,829,830,861,862}
Current function value: 1.4777844E7
s**********************************************: 7
Current result: {762,763,764,765,796,797,828,829,830,861,862,894,926}
Current function value: 1.4174636E7
s**********************************************: 8
Current result: {833}
Current function value: 9704079.0
s**********************************************: 9
Current result: {503,504,535,567,599,631,663,695,701,727,732,733,759,760,761,764,765,793,794,795,796,798,827,828,829,830,860,861,862}
Current function value: 1.6340768E7
s**********************************************: 10
Current result: {448,449,450,471,472,480,481,482,503,512,514,535,544,545,546,547,548,549,550,551,552,553,554,555,556,557,558,559,560,561,562,563,564,565,566,567,576,577,578,599,610,631,663,695,727,728,729,761,762,763,764,765,796,797,798,828,830,861,862,893,894,926}
Current function value: 2.0269279E7
s**********************************************: 11
Current result: {503,535,567,599,631,663,664,665,666,698,730,762,763,764,765,795,796,797,798,827,828,829,830,861,862,893,894,926}
Current function value: 1.7233093E7
s**********************************************: 12
Current result: {503,504,535,567,599,631,663,695,727,731,759,760,761,762,763,764,765,793,795,796,827,828,859,860,861,862,892,893,894,925,926}
Current function value: 2.2497524E7
s**********************************************: 13
Current result: {562,594,595,596,628,629,630,661,693,725,726,727,728,729,730,731,763,764,765,794,795,797,828,829,830,862}
Current function value: 1.4303805E7
s**********************************************: 14
Current result: {498,504,530,534,535,536,562,566,593,594,598,625,628,629,630,657,659,660,689,690,691,693,694,695,696,697,722,723,724,725,729,730,731,761,763,795,796,797,827,829,861,862,894,926}
Current function value: 3.2611239E7
s**********************************************: 15
Current result: {496,497,498,499,528,529,531,561,593,625,626,627,657,659,660,689,692,700,701,720,721,724,725,726,728,729,730,731,732,751,752,758,759,760,762,763,764,783,796,798,815,816,828,829,830,847,848,861,880,893,912,943,944}
Current function value: 6.2323651E7
sRESULT**********************************************: 
result subgraph is: [833]
------------------------------ test ends --------------------------------

------------------------------ test starts ------------------------------ 
s**********************************************: 2
Current result: {762,763,795}
Current function value: 1.2344157E7
s**********************************************: 3
Current result: {538}
Current function value: 9782266.0
s**********************************************: 4
Current result: {795,796,828}
Current function value: 1.1884317E7
s**********************************************: 5
Current result: {450,482,514,545,546,547,548,549,550,551,552,584,616,617,618,619,651,683,684,685,686,687,688,689,690,691,723,755,756,765,788,789,790,791,792,793,794,795,796,797,828}
Current function value: 1.4390121E7
s**********************************************: 6
Current result: {1}
Current function value: 9620856.0
s**********************************************: 7
Current result: {760,761,762,763,764,765,796,797,827,828,829,861,862,894,926}
Current function value: 1.5333674E7
s**********************************************: 8
Current result: {448,449,450,480,481,482,512,513,514,545,577,578,579,580,581,582,583,584,585,586,587,588,620,652,684,685,686,687,719,720,721,722,723,755,756,757,758,759,760,761,762,763,764,765,795,796,797,828,829,830,860}
Current function value: 1.8983339E7
s**********************************************: 9
Current result: {314}
Current function value: 9658693.0
s**********************************************: 10
Current result: {503,535,567,599,631,663,695,727,728,760,761,762,763,764,765,795,797,827,829,830,861,893,894,926}
Current function value: 1.8007359E7
s**********************************************: 11
Current result: {448,449,481,482,512,514,544,545,546,576,577,578,579,580,581,608,613,614,615,616,617,618,619,651,652,653,685,717,718,719,729,730,731,751,752,753,754,755,756,757,758,759,760,761,762,763,764,765,797,798,827,828,829,830,860,861,893,894,926}
Current function value: 2.2206815E7
s**********************************************: 12
Current result: {661,693,694,695,696,697,701,729,730,731,732,733,763,764,765,795,796,797,798,828,829,861,862,894,926}
Current function value: 1.5083653E7
s**********************************************: 13
Current result: {562,594,604,605,626,627,637,659,660,661,662,663,668,669,695,697,700,727,728,729,730,731,732,760,761,762,763,764,765,793,795,797}
Current function value: 1.4782345E7
s**********************************************: 14
Current result: {503,504,535,536,567,599,631,663,695,727,728,729,761,762,763,764,765,797,798,827,828,829,830,860,861,862,894,926}
Current function value: 1.5054683858443439E7
s**********************************************: 15
Current result: {503,533,534,535,562,563,564,565,567,594,599,626,631,663,695,727,728,760,761,762,763,764,765,795,796,797,828}
Current function value: 1.710574E7
sRESULT**********************************************: 
result subgraph is: [1]
------------------------------ test ends --------------------------------
