
------------------------------ test starts ------------------------------ 
s**********************************************: 2
Current result: {448,449,450,451,452,453,485,486,487,488,520,552,553,585,617,649,650,682,714,715,747,748,749,750,751,752,753,754,755,756,757,758,759,760,761,762,763}
Current function value: 1.2272121E7
s**********************************************: 3
Current result: {161}
Current function value: 9873846.0
s**********************************************: 4
Current result: {762,794,795,796,828}
Current function value: 1.2093278E7
s**********************************************: 5
Current result: {762,763,764,765,795,797,829,860,861,893}
Current function value: 1.3573226E7
s**********************************************: 6
Current result: {760,761,762,763,764,765,795,796,797,828,829,861}
Current function value: 1.3692161E7
s**********************************************: 7
Current result: {764,765,794,795,796,797,829,830,862}
Current function value: 1.2869078E7
s**********************************************: 8
Current result: {760,761,762,763,764,796,797,827,828,829,830,861,862,893,894,925,926}
Current function value: 1.618571E7
s**********************************************: 9
Current result: {761,762,763,764,765,794,795,796,797,798,827,828,829,830,860,861,893,894,926}
Current function value: 1.7844691E7
s**********************************************: 10
Current result: {695,727,728,729,730,731,759,761,763,764,765,793,795,827,828,829,830,860,861,862,894,925,926}
Current function value: 1.6491797E7
s**********************************************: 11
Current result: {762,765,794,795,796,797,828,829,830,861,862,893,894,926}
Current function value: 1.4404941E7
s**********************************************: 12
Current result: {504,535,536,567,599,631,662,663,695,696,697,727,728,731,760,761,762,763,764,793,795,797,827,828,829,830,860,861,862,893}
Current function value: 1.6983635E7
s**********************************************: 13
Current result: {375,407,439,471,503,535,536,537,538,567,570,599,631,663,695,723,724,726,727,728,731,756,757,758,760,761,762,763,793,794,826,827,828,829,859,861,893}
Current function value: 1.1646579E7
s**********************************************: 14
Current result: {655,656,688,720,752,756,757,758,759,760,761,762,763,764,765,784,785,786,787,788,796,797,817,829,849,861,879,880,881,893,894,911,926,943}
Current function value: 8463975.0
s**********************************************: 15
Current result: {662,668,669,693,694,695,696,697,700,723,724,725,727,728,729,730,731,732,761,762,764,765,793,794,795,796,797,828,829,830,859,860,861,893,925,926,957,958}
Current function value: 2.2239678E7
sRESULT**********************************************: 
result subgraph is: [655, 656, 688, 720, 752, 756, 757, 758, 759, 760, 761, 762, 763, 764, 765, 784, 785, 786, 787, 788, 796, 797, 817, 829, 849, 861, 879, 880, 881, 893, 894, 911, 926, 943]
------------------------------ test ends --------------------------------
