
------------------------------ test starts ------------------------------ 
s**********************************************: 2
Current result: {448,449,450,451,452,453,454,455,456,457,458,459,460,492,493,494,495,527,559,560,592,624,625,626,658,659,691,723,724,725,757,758,759,760,761,762,763}
Current function value: 1.25712E7
s**********************************************: 3
Current result: {449,481,482,514,515,547,548,549,550,551,552,584,616,648,680,712,744,745,746,747,748,749,750,751,752,753,754,755,756,757,758,759,760,761,762,763,795,796}
Current function value: 1.2222736E7
s**********************************************: 4
Current result: {762,763,764,796,797,828,829,861}
Current function value: 1.2846297E7
s**********************************************: 5
Current result: {450,480,482,512,514,544,545,546,576,577,578,579,580,581,582,614,615,647,679,711,712,713,745,746,747,748,749,750,751,752,753,754,755,756,757,758,759,760,761,762,763,765,794,795,796,797,828,829}
Current function value: 1.7284425E7
s**********************************************: 6
Current result: {482,514,545,546,547,548,549,550,551,552,584,585,586,618,650,651,683,684,685,717,718,719,720,721,722,723,724,725,726,727,728,729,761,762,763,764,765,793,794,795,796,828}
Current function value: 1.2957086E7
s**********************************************: 7
Current result: {762,763,765,794,795,796,797,827,828,829,830,859,860,861,862,893,894}
Current function value: 1.5989132E7
s**********************************************: 8
Current result: {759,760,761,764,765,793,794,795,796,827,828,829,860,861,862,894,926}
Current function value: 1.3983918E7
s**********************************************: 9
Current result: {448,449,480,481,512,544,545,546,576,577,578,608,610,611,612,613,614,615,616,617,618,619,620,621,622,623,624,625,626,627,659,691,692,693,694,695,727,728,760,761,762,763,765,795,797,798,827,828,829,830,861}
Current function value: 2.0717509E7
s**********************************************: 10
Current result: {695,696,697,701,729,730,731,733,763,765,794,795,796,797,829,830,860,861,862,893,894,926}
Current function value: 1.457562848237903E7
s**********************************************: 11
Current result: {695,701,727,732,733,759,760,764,765,792,793,794,795,796,798,828,829,830,860,862,892,893,894,926}
Current function value: 1.5625611E7
s**********************************************: 12
Current result: {440,472,503,504,535,567,599,631,663,695,727,728,760,765,792,793,794,795,796,797,798,829,860,861,893,894,925}
Current function value: 1.6608934E7
s**********************************************: 13
Current result: {504,536,568,600,631,632,663,669,695,701,727,728,729,733,760,761,762,763,764,765,797,798,827,828,829,830,861,862,894,925,926}
Current function value: 1.5594333766991572E7
s**********************************************: 14
Current result: {471,472,503,504,535,567,599,605,631,637,662,663,669,695,701,727,728,729,730,731,733,759,762,763,765,766,795,796,798,827,828,829,830,861,862,893,894,926}
Current function value: 2.0165376E7
s**********************************************: 15
Current result: {605,637,662,663,669,694,695,696,697,700,701,726,729,730,731,732,760,761,762,763,764,794,795,796,797,827,828,860,861,862,893}
Current function value: 2.2752926E7
sRESULT**********************************************: 
result subgraph is: [449, 481, 482, 514, 515, 547, 548, 549, 550, 551, 552, 584, 616, 648, 680, 712, 744, 745, 746, 747, 748, 749, 750, 751, 752, 753, 754, 755, 756, 757, 758, 759, 760, 761, 762, 763, 795, 796]
------------------------------ test ends --------------------------------
