
------------------------------ test starts ------------------------------ 
s**********************************************: 2
Current result: {796}
Current function value: 1.1286784E7
s**********************************************: 3
Current result: {762,763,795,796,797,828}
Current function value: 1.3049124597241871E7
s**********************************************: 4
Current result: {762,763,795,796,828}
Current function value: 1.3073949E7
s**********************************************: 5
Current result: {449,450,482,514,545,546,578,579,611,612,613,614,615,616,617,649,650,651,652,653,654,686,687,719,751,752,753,754,755,756,757,758,759,760,761,762,763,764,765,796,797,828,829}
Current function value: 1.5892801E7
s**********************************************: 6
Current result: {763,765,794,795,796,797,828,829,861,862}
Current function value: 1.4105925E7
s**********************************************: 7
Current result: {762,764,765,794,795,796,797,798,829,830,860,861,862,893,894}
Current function value: 1.4662798E7
s**********************************************: 8
Current result: {448,449,450,482,514,545,546,577,578,579,580,581,582,583,584,585,586,587,588,589,621,622,654,655,687,719,720,721,722,723,724,725,726,727,759,760,761,762,763,764,765,796,797,828,829,861,862,894}
Current function value: 1.6072756E7
s**********************************************: 9
Current result: {450,481,482,514,546,576,577,578,579,580,581,582,583,584,585,586,587,588,620,652,684,685,686,687,688,689,690,691,692,693,694,695,727,759,760,761,762,764,765,794,795,797,827,828,829,830,862,894}
Current function value: 1.9854922E7
s**********************************************: 10
Current result: {448,450,480,482,512,514,544,545,546,578,610,611,612,613,614,646,678,679,711,712,713,745,746,747,748,749,750,751,752,753,754,755,756,757,758,759,760,761,762,763,795,796,797,828,829,830,860,861,893,894,926}
Current function value: 1.8150408E7
s**********************************************: 11
Current result: {448,449,480,481,482,512,514,544,546,576,578,579,580,581,582,583,584,585,586,587,588,620,652,684,685,686,687,688,689,690,691,692,693,694,695,700,701,727,729,730,731,732,759,760,761,762,764,765,794,797,798,829,860,861,862,894}
Current function value: 1.900504893974929E7
s**********************************************: 12
Current result: {439,440,471,503,535,567,599,605,631,637,663,669,695,696,701,727,728,731,732,733,759,760,761,762,763,764,765,794,795,797,827,829,860,861,893,894,926}
Current function value: 2.0975468E7
s**********************************************: 13
Current result: {449,450,451,452,453,454,455,456,480,481,488,489,512,521,522,544,554,576,577,578,586,587,619,620,621,622,623,624,625,657,689,690,691,692,693,694,695,727,728,760,761,762,794,795,796,797,798,827,828,830,862,894,926}
Current function value: 1.5128509E7
s**********************************************: 14
Current result: {503,504,535,567,598,599,630,631,662,663,664,692,693,694,695,698,724,727,728,729,730,731,732,759,764,765,796,797,798,829,830,859,860,861,862,893,894,925}
Current function value: 1.2480088837934893E7
s**********************************************: 15
Current result: {605,637,669,695,697,699,700,701,727,728,729,730,731,732,760,762,764,765,794,795,796,797,798,827,828,829,830,859,861,862,892,893,894}
Current function value: 1.8722095E7
sRESULT**********************************************: 
result subgraph is: [796]
------------------------------ test ends --------------------------------
