
------------------------------ test starts ------------------------------ 

------------------------------ test starts ------------------------------ 
s**********************************************: 2
Current result: {471,503,535,567,599,631,663,695,696,728,760,761,762,794,795}
Current function value: 1.2461713E7
s**********************************************: 3
Current result: {762,763,795,796}
Current function value: 1.2686744E7
s**********************************************: 4
Current result: {471,503,535,567,599,600,601,633,634,666,698,730,762,765,794,795,796,797,828}
Current function value: 1.512081E7
s**********************************************: 5
Current result: {471,503,535,567,599,631,632,664,665,697,729,730,762,763,764,765,795,797,828,829}
Current function value: 1.3701777E7
s**********************************************: 6
Current result: {448,449,450,480,512,544,545,546,547,548,549,550,551,552,553,554,555,556,588,589,590,622,623,655,687,688,689,690,691,723,724,725,726,727,728,760,761,762,765,794,795,796,797,828,829,861}
Current function value: 1.4651381413608262E7
s**********************************************: 7
Current result: {762,763,764,765,795,796,797,828,829,830,861,862}
Current function value: 1.5061196E7
s**********************************************: 8
Current result: {448,449,471,480,481,482,503,512,514,515,516,517,518,519,520,521,522,523,524,525,526,527,528,529,530,531,532,533,534,535,544,546,567,577,578,599,631,632,664,665,697,698,730,731,763,795,796,828,829,830,862}
Current function value: 1.6251576E7
s**********************************************: 9
Current result: {629,630,631,661,662,663,695,697,727,728,729,730,759,760,762,763,764,765,794,796,797,828,829,830,862}
Current function value: 1.748185E7
s**********************************************: 10
Current result: {448,449,450,471,481,482,483,484,485,486,487,488,489,490,491,492,493,494,495,496,497,498,499,500,501,502,503,512,514,535,536,544,545,546,567,577,599,631,663,695,727,759,760,761,762,763,795,796,828,860,861}
Current function value: 1.8571444003660016E7
s**********************************************: 11
Current result: {504,535,536,537,567,569,599,631,663,695,696,697,728,729,730,731,760,761,762,763,764,765,796,797,827,828,860}
Current function value: 1.8005444E7
s**********************************************: 12
Current result: {471,503,534,535,536,537,566,569,598,601,630,633,634,661,662,663,665,695,697,727,729,730,731,732,761,762,764,765,796,797,828,829,830,861,862}
Current function value: 1.8461743E7
s**********************************************: 13
Current result: {448,480,482,512,514,544,546,576,577,578,579,580,581,582,583,584}
Current function value: 8912701.0
s**********************************************: 14
Current result: {959}
Current function value: 1.10592E7
s**********************************************: 15
Current result: {435,467,499,531,562,563,564,565,566,594,598,626,630,631,658,659,662,663,691,695,698,699,700,727,728,729,730,731,732,760,761,764,765,797,828,829,861,893}
Current function value: 3.0637969E7
sRESULT**********************************************: 
result subgraph is: [448, 480, 482, 512, 514, 544, 546, 576, 577, 578, 579, 580, 581, 582, 583, 584]
------------------------------ test ends --------------------------------
