
------------------------------ test starts ------------------------------ 
s**********************************************: 2
Current result: {449,450,451,452,453,454,486,487,488,489,490,491,492,493,494,495,496,497,498,530,562,594,595,596,597,598,599,600,601,633,665,697,729,761,762}
Current function value: 1.2022729E7
s**********************************************: 3
Current result: {762,763,764,796,828}
Current function value: 1.2499969E7
s**********************************************: 4
Current result: {449,450,482,514,546,578,610,642,674,675,707,708,709,710,711,712,713,745,746,747,748,749,750,751,752,753,754,755,756,757,758,759,760,761,762,794,795,796}
Current function value: 1.4013129E7
s**********************************************: 5
Current result: {762,763,764,765,794,796,828,829}
Current function value: 1.3183301E7
s**********************************************: 6
Current result: {448,449,450,480,482,512,514,544,545,546,547,548,549,550,551,552,584,616,617,649,650,651,652,653,654,686,718,719,720,721,722,723,755,756,757,758,759,760,761,762,763,795,796,797,827,828}
Current function value: 1.5864049E7
s**********************************************: 7
Current result: {57}
Current function value: 9724893.0
s**********************************************: 8
Current result: {448,449,480,481,482,512,544,545,546,576,577,578,579,580,581,582,583,584,585,586,587,588,589,590,591,592,624,625,657,689,690,691,692,724,725,757,758,759,760,761,764,765,793,794,796,797,826,827,828,829,830,861,893}
Current function value: 1.7536437E7
s**********************************************: 9
Current result: {448,449,450,480,481,482,512,544,545,546,576,577,578,579,580,581,582,583,584,585,586,587,588,589,590,591,592,593,625,626,627,628,629,661,693,694,726,727,728,729,761,762,763,765,795,796,797,798,828,830,861,862,893,925,926}
Current function value: 1.8140574E7
s**********************************************: 10
Current result: {663,695,696,697,727,729,730,731,759,761,763,793,794,795,797,827,828,829,860,861}
Current function value: 1.6278992E7
s**********************************************: 11
Current result: {695,696,697,701,727,729,730,733,759,760,762,763,765,794,795,796,797,828,829,860,861,892,893,925,926,958}
Current function value: 1.7798973E7
s**********************************************: 12
Current result: {762,763,764,765,795,797,798,829,830,861,862,893,894,926}
Current function value: 1.4765469E7
s**********************************************: 13
Current result: {624,625,626,627,628,629,656,661,662,663,688,689,695,721,727,728,729,730,731,732,753,759,764,765,785,796,817,828,849,860,881,882,892,913}
Current function value: 1.0396312E7
s**********************************************: 14
Current result: {637,669,695,696,699,700,701,728,729,730,731,763,764,765,794,795,796,797,828,860,892,924,925,926}
Current function value: 1.4961126E7
s**********************************************: 15
Current result: {359,360,361,362,363,364,365,389,390,391,397,398,420,421,430,431,432,448,449,450,451,452,464,480,496,497,512,529,544,545,561,577,593,624,625,656,657,688,689,690,691,692,693,694,695,696,697,720,729,730,731,752,763,784,795,796,797,798,816,830,848,861,862,880,881,893,894,913,926,944,945}
Current function value: 1.4911922E7
sRESULT**********************************************: 
result subgraph is: [57]
------------------------------ test ends --------------------------------
