
------------------------------ test starts ------------------------------ 
s**********************************************: 2
Current result: {450}
Current function value: 1.1297529E7
s**********************************************: 3
Current result: {959}
Current function value: 1.10592E7
s**********************************************: 4
Current result: {482,514,545,546,547,579,580,581,582,583,615,616,617,649,681,682,683,684,685,686,687,688,689,690,722,723,724,756,757,758,759,760,761,762,763,764,765,795,796,797,828}
Current function value: 1.4588224E7
s**********************************************: 5
Current result: {763,795,796,797,827,828,829,860}
Current function value: 1.333799E7
s**********************************************: 6
Current result: {762,763,764,765,794,795,796,828,829,830,861,862}
Current function value: 1.5177998E7
s**********************************************: 7
Current result: {762,763,765,795,796,797,798,827,828,830,862,894,926}
Current function value: 1.3641145E7
s**********************************************: 8
Current result: {695,727,728,760,761,762,763,764,765,795,796,797,798,827,829,830,862,894,926}
Current function value: 1.624056E7
s**********************************************: 9
Current result: {695,727,728,760,761,763,764,765,793,794,795,797,798,828,829,830,860,861,893,894,926}
Current function value: 1.464751358283575E7
s**********************************************: 10
Current result: {449,450,480,482,512,514,544,545,546,578,610,611,612,613,614,615,616,617,618,619,620,652,653,654,655,687,688,720,721,722,723,724,756,757,758,759,760,761,762,763,764,765,796,797,827,828,829,830,860,861,862,892,893,894,925,926}
Current function value: 2.0406007E7
s**********************************************: 11
Current result: {448,450,471,480,481,482,503,504,512,514,535,544,545,567,576,577,578,599,608,610,611,612,613,614,615,616,617,618,619,620,621,622,623,624,625,626,627,628,629,630,631,663,695,727,728,760,761,762,763,764,796,797,829,861,862}
Current function value: 2.1786793E7
s**********************************************: 12
Current result: {503,535,567,568,600,631,632,663,695,727,730,731,759,760,761,762,763,764,765,793,796,797,798,827,828,829,830,859,861,862,893,894,925}
Current function value: 1.8583319E7
s**********************************************: 13
Current result: {149}
Current function value: 9701086.0
s**********************************************: 14
Current result: {451,452,453,454,455,456,457,458,480,481,482,483,490,491,492,512,524,544,556,557,576,577,578,589,590,622,654,686,694,696,697,718,726,727,728,729,730,731,750,757,758,760,761,763,764,765,782,789,795,796,797,814,815,816,817,820,821,829,846,849,850,851,852,859,861,878,881,891,892,893,910,913,942}
Current function value: 1.8985999E7
s**********************************************: 15
Current result: {599,631,663,669,695,698,699,700,701,727,728,729,730,731,732,761,763,791,792,793,795,796,797,798,814,815,823,827,830,847,849,850,851,852,853,854,855,860,861,862,879,880,881,892,911,943,944,945,946}
Current function value: 3.1003189E7
sRESULT**********************************************: 
result subgraph is: [149]
------------------------------ test ends --------------------------------
