
------------------------------ test starts ------------------------------ 
s**********************************************: 2
Current result: {449,450,451,452,453,454,486,518,550,582,614,615,616,648,649,650,651,652,653,654,686,718,719,720,721,722,754,755,756,757,758,759,760,761,762,794,795}
Current function value: 1.2507768E7
s**********************************************: 3
Current result: {449,450,482,514,546,547,548,549,550,551,552,553,554,555,556,557,589,590,622,623,655,656,657,689,690,691,692,724,756,757,758,759,760,761,762}
Current function value: 1.29265E7
s**********************************************: 4
Current result: {449,450,482,514,546,547,548,549,550,551,552,553,554,555,556,557,589,590,622,623,624,656,688,720,752,753,754,755,756,757,758,759,760,761,762,794,826,827,828}
Current function value: 1.3166225E7
s**********************************************: 5
Current result: {762,763,764,765,794,796,797,827,828,829,861,893}
Current function value: 1.4685944E7
s**********************************************: 6
Current result: {448,449,450,480,482,512,544,545,546,547,548,549,550,551,552,553,554,555,556,557,558,559,560,561,562,594,595,596,597,629,630,662,663,695,696,697,698,699,731,763,765,794,795,796,797,829}
Current function value: 1.7130089E7
s**********************************************: 7
Current result: {762,763,764,765,794,795,796,797,827,829,830,861,862,893,894}
Current function value: 1.5901492E7
s**********************************************: 8
Current result: {695,727,759,760,761,762,763,764,793,795,796,797,798,829,830,860,861,862,893}
Current function value: 1.5763448E7
s**********************************************: 9
Current result: {727,730,731,732,759,760,761,762,763,764,765,795,796,797,798,799,827,828,829}
Current function value: 1.5962745E7
s**********************************************: 10
Current result: {695,727,759,760,761,762,763,764,765,796,797,798,827,828,829,830,860,861,862,893}
Current function value: 1.4020672349649815E7
s**********************************************: 11
Current result: {471,503,504,535,567,599,631,663,695,727,728,729,761,762,763,764,765,795,796,798,828,829,830,860,861}
Current function value: 1.5762197E7
s**********************************************: 12
Current result: {448,450,480,482,512,514,544,545,546,576,578,579,580,581,582,614,615,616,648,680,681,682,714,746,765,778,779,780,781,782,783,784,785,786,787,788,789,790,791,792,793,794,795,796,797,798,828,830,861,862,893,894}
Current function value: 1.8604094E7
s**********************************************: 13
Current result: {471,472,503,504,535,567,599,631,663,664,696,700,701,728,731,732,760,763,764,765,792,793,794,795,797,798,830,860,862,892,893,894,925}
Current function value: 1.7426337E7
s**********************************************: 14
Current result: {765,796,797,798,828,829,830,861,893,894}
Current function value: 1.3186278E7
s**********************************************: 15
Current result: {440,472,504,535,536,567,599,631,662,663,694,695,696,697,727,729,730,731,732,733,759,761,762,794,795,796,828,860,861,893,894,925,926}
Current function value: 1.692898E7
sRESULT**********************************************: 
result subgraph is: [449, 450, 451, 452, 453, 454, 486, 518, 550, 582, 614, 615, 616, 648, 649, 650, 651, 652, 653, 654, 686, 718, 719, 720, 721, 722, 754, 755, 756, 757, 758, 759, 760, 761, 762, 794, 795]
------------------------------ test ends --------------------------------
