
------------------------------ test starts ------------------------------ 
s**********************************************: 2
Current result: {795}
Current function value: 1.1342468E7
s**********************************************: 3
Current result: {449,450,482,514,546,547,548,549,550,551,552,553,554,555,556,557,558,559,560,592,624,656,688,720,752,753,754,755,756,757,758,759,760,761,762,794,795,796,828}
Current function value: 1.4303081E7
s**********************************************: 4
Current result: {762,763,795,796,828}
Current function value: 1.3066989E7
s**********************************************: 5
Current result: {482,514,515,516,517,518,519,520,521,522,523,524,525,557,558,590,591,592,624,625,626,627,659,660,661,662,694,695,727,728,760,762,763,765,792,793,794,795,796,797,828,829}
Current function value: 1.3515902E7
s**********************************************: 6
Current result: {192}
Current function value: 9731503.0
s**********************************************: 7
Current result: {448,449,450,480,481,512,514,544,545,546,547,576,577,579,580,612,613,645,646,647,648,649,681,682,683,684,716,717,749,750,751,752,753,754,755,756,757,758,759,760,761,762,763,764,795,796,797,827,829,860,861,893}
Current function value: 2.1381873E7
s**********************************************: 8
Current result: {71}
Current function value: 9902076.0
s**********************************************: 9
Current result: {448,449,450,480,481,482,512,514,544,545,546,576,577,578,608,610,611,612,644,676,677,678,679,711,712,713,714,746,747,748,749,750,751,752,753,754,755,756,757,758,759,760,761,762,763,765,795,796,797,828,829,860,861,892,893,894,926,958}
Current function value: 2.2028021E7
s**********************************************: 10
Current result: {471,503,504,535,567,599,631,663,695,697,700,701,727,729,730,731,732,759,760,761,763,764,765,794,795,797,828,829,861,862,893}
Current function value: 1.9822425E7
s**********************************************: 11
Current result: {449,450,482,514,544,545,546,547,548,549,550,551,552,553,554,555,556,557,558,559,560,561,562,576,577,594,626,658,659,691,723,724,756,757,758,759,760,761,762,763,764,765,794,797,798,827,828,830,860,861,862,894,926}
Current function value: 1.830337243478106E7
s**********************************************: 12
Current result: {695,727,728,760,761,762,763,765,795,796,797,798,827,828,829,830,859,860,861,862,892,893,894,926,958}
Current function value: 1.9615313E7
s**********************************************: 13
Current result: {448,449,480,481,482,512,544,545,546,576,577,578,579,580,581,582,583,584,585,586,587,588,589,590,591,623,624,656,688,689,690,691,692,693,694,695,727,759,760,761,762,763,764,765,794,797,798,828,829,860,861,862,892,893,894,926}
Current function value: 2.4956593E7
s**********************************************: 14
Current result: {448,480,481,482,512,514,544,545,546,576,578,579,580,581,582,583,615,616,648,680,712,744,745,746,747,748,749,750,751,752,753,754,755,756,757,758,759,760,761,762,763,764,794,795,796,797,798,827,828,829,860,861,892,893,894,925,926,958}
Current function value: 2.627123E7
s**********************************************: 15
Current result: {488,520,521,522,552,553,554,585,617,618,649,650,651,652,653,654,655,656,657,658,659,660,661,662,663,681,683,695,714,715,727,728,729,730,759,760,762,763,765,795,796,797,798,827,829,830,859,860,862,892,894,925,926}
Current function value: 2.710786581686725E7
sRESULT**********************************************: 
result subgraph is: [192]
------------------------------ test ends --------------------------------
