
------------------------------ test starts ------------------------------ 
s**********************************************: 2
Current result: {450,451,452,453,454,455,456,457,458,459,460,461,462,463,464,465,466,467,499,531,532,564,565,566,567,568,569,570,571,603,635,667,699,731,763,795}
Current function value: 1.2087768E7
s**********************************************: 3
Current result: {762,763,794,795,796,828}
Current function value: 1.2686777E7
s**********************************************: 4
Current result: {514,515,547,548,549,550,551,552,584,585,586,618,619,651,652,684,685,686,718,750,751,752,753,754,755,756,757,758,759,760,761,762,763,764,795}
Current function value: 1.2727744E7
s**********************************************: 5
Current result: {448,449,480,481,482,512,544,545,546,547,548,549,550,551,552,553,554,555,556,557,558,590,622,654,686,718,750,751,752,753,754,755,756,757,758,759,760,761,762,794,795,796,797,828}
Current function value: 1.5673997E7
s**********************************************: 6
Current result: {762,763,764,765,795,796,797,798,827,829,861}
Current function value: 1.346524E7
s**********************************************: 7
Current result: {448,450,480,481,482,512,514,545,546,547,548,549,550,551,552,553,554,555,556,576,577,588,589,590,591,592,624,625,657,689,690,722,754,755,756,757,758,759,760,761,762,765,794,795,796,797,827,828}
Current function value: 1.6218093E7
s**********************************************: 8
Current result: {762,763,764,765,794,796,797,798,827,828,829,830,861,862,894,926}
Current function value: 1.5725138E7
s**********************************************: 9
Current result: {760,763,764,765,792,793,794,795,796,797,798,828,829,830,861,862,894,926}
Current function value: 1.5407018E7
s**********************************************: 10
Current result: {503,535,567,599,631,663,695,727,759,760,761,762,763,795,796,797,829,830,861,862}
Current function value: 1.304215E7
s**********************************************: 11
Current result: {448,450,480,481,482,512,514,544,545,546,576,578,579,580,581,582,583,584,616,617,618,650,651,683,715,747,748,749,750,751,752,753,754,755,756,757,758,759,760,761,762,763,795,796,797,828,829,830,861,862,894,926}
Current function value: 1.9418712E7
s**********************************************: 12
Current result: {696,728,729,731,759,760,761,762,763,764,793,794,796,797,798,827,828,829,830,860,861,893,894,925,957,958}
Current function value: 1.8142967E7
s**********************************************: 13
Current result: {496,528,560,592,624,656,688,689,690,691,692,693,725,726,727,728,729,759,760,761,762,763,764,765,766,793,794,798,829,830,861,862,894,926}
Current function value: 9341981.0
s**********************************************: 14
Current result: {464,496,503,528,529,530,531,532,533,534,535,567,599,631,637,663,664,669,696,701,728,729,731,733,760,761,762,763,764,765,792,796,797,828,829,830,860,862,892,894,924,925}
Current function value: 1.7304898E7
s**********************************************: 15
Current result: {503,504,535,567,599,605,631,637,663,669,695,696,700,701,727,728,729,730,733,760,761,765,766,793,794,795,797,798,827,829,859,860,861,862,892,893,894,925,926}
Current function value: 2.1991E7
sRESULT**********************************************: 
result subgraph is: [496, 528, 560, 592, 624, 656, 688, 689, 690, 691, 692, 693, 725, 726, 727, 728, 729, 759, 760, 761, 762, 763, 764, 765, 766, 793, 794, 798, 829, 830, 861, 862, 894, 926]
------------------------------ test ends --------------------------------
