
------------------------------ test starts ------------------------------ 
s**********************************************: 2
Current result: {189}
Current function value: 9773846.0
s**********************************************: 3
Current result: {449,450,482,514,515,516,517,518,519,520,521,553,554,555,556,557,558,590,591,623,655,687,688,689,721,753,754,755,756,757,758,759,760,761,762,763,795,796,828}
Current function value: 1.3257717E7
s**********************************************: 4
Current result: {449,450,482,514,545,546,547,548,549,550,551,583,584,585,586,587,619,620,621,622,623,655,656,688,720,752,784,785,786,787,788,789,790,791,792,793,794,795,796,828}
Current function value: 1.3322589E7
s**********************************************: 5
Current result: {448,449,450,480,482,512,514,544,545,546,576,577,578}
Current function value: 1.4295121E7
s**********************************************: 6
Current result: {761,762,763,765,795,796,797,829,861,862,894,926}
Current function value: 1.36364E7
s**********************************************: 7
Current result: {760,765,792,793,794,795,796,797,798,829,830,859,860,861,862,893,894,925}
Current function value: 1.2482364E7
s**********************************************: 8
Current result: {449,450,480,481,482,512,514,544,576,577,578,579,580,612,613,614,646,647,679,680,681,713,745,746,747,748,749,750,751,752,753,754,755,756,757,758,759,760,761,762,763,764,765,796,827,828,830,860,861,862,893,894,926}
Current function value: 1.9000059E7
s**********************************************: 9
Current result: {959}
Current function value: 1.10592E7
s**********************************************: 10
Current result: {448,449,450,480,481,512,514,544,545,546,547,548,549,550,551,552,553,554,555,556,588,589,621,622,654,655,687,688,720,721,722,754,755,762,763,765,787,788,789,790,791,792,793,794,795,796,797,827,828,829,830,860,861,862,893,894,926}
Current function value: 1.8980733077258244E7
s**********************************************: 11
Current result: {503,504,535,567,599,631,663,695,696,728,729,730,731,760,763,765,794,795,796,797,827,828,860,861,892,893,894,925}
Current function value: 1.8333329E7
s**********************************************: 12
Current result: {567,599,631,663,695,727,728,731,760,761,762,763,795,796,827,828,829,830,861,892,893,894,925,926}
Current function value: 1.6286156804182135E7
s**********************************************: 13
Current result: {695,696,728,760,761,763,764,765,793,794,796,797,826,828,829,858,859,860,861,893,925}
Current function value: 1.2895976E7
s**********************************************: 14
Current result: {480,481,503,504,512,535,544,567,576,577,578,579,580,581,582,583,584,585,586,587,588,589,590,591,592,593,594,595,596,597,598,599,631,663,695,727,759,760,761,762,763,764,765,794,795,796,797,829,860,861,862,894,926}
Current function value: 1.932400876056502E7
s**********************************************: 15
Current result: {448,449,450,480,481,482,512,514,544,576,577,578,579,580,581,582,583,584,585,586,587,588,589,590,622,623,624,625,626,627,628,629,630,631,663,695,727,728,729,730,762,763,765,795,796,797,829,830,862,894,926}
Current function value: 1.6975557E7
sRESULT**********************************************: 
result subgraph is: [189]
------------------------------ test ends --------------------------------
