
------------------------------ test starts ------------------------------ 
s**********************************************: 2
Current result: {481,482,514,515,516,517,549,550,582,583,584,616,648,649,650,651,683,715,716,717,749,750,751,752,753,754,755,756,757,758,759,760,761,762,763}
Current function value: 1.2568081E7
s**********************************************: 3
Current result: {481,482,514,515,516,517,518,519,520,521,522,523,524,525,526,527,559,560,561,593,625,626,658,690,722,754,755,756,757,758,759,760,761,762,763,764,796,828}
Current function value: 1.3222616E7
s**********************************************: 4
Current result: {100}
Current function value: 9844117.0
s**********************************************: 5
Current result: {482,514,546,578,579,611,643,644,676,677,709,710,711,712,713,745,746,747,748,749,750,751,752,753,754,755,756,757,758,759,760,761,762,763,764,765,796,797,828}
Current function value: 1.3359625E7
s**********************************************: 6
Current result: {762,764,794,795,796,827,828,829,860,861,862,893}
Current function value: 1.4094841E7
s**********************************************: 7
Current result: {448,450,480,481,482,513,514,528,529,530,531,532,533,534,535,545,546,547,548,549,550,551,552,553,554,555,556,557,558,559,560,567,576,577,599,631,663,664,665,666,698,730,762,763,764,765,796,797,828,829,830,861,862,894,926}
Current function value: 1.7031809E7
s**********************************************: 8
Current result: {448,450,480,481,482,512,513,514,544,546,576,577,578,610,611,612,644,645,646,678,679,680,681,682,683,715,747,748,749,750,751,752,753,754,755,756,757,758,759,760,761,762,763,764,765,796,828,829,830,861,862,894,926}
Current function value: 1.9071756E7
s**********************************************: 9
Current result: {448,450,471,480,482,503,512,513,514,535,546,547,548,549,550,551,552,553,554,555,556,557,558,559,560,561,562,563,564,565,566,567,576,577,578,599,608,631,663,695,727,759,760,761,762,763,764,793,794,796,797,827,828}
Current function value: 1.9580424E7
s**********************************************: 10
Current result: {599,631,663,695,727,728,729,760,761,762,763,764,765,793,794,795,796,797,828,829,830,860,861,862,893}
Current function value: 1.930765E7
s**********************************************: 11
Current result: {598,599,630,662,663,664,695,727,728,729,731,732,760,761,762,763,765,795,796,797,828,829,861,862}
Current function value: 1.4419987E7
s**********************************************: 12
Current result: {502,503,504,534,535,567,568,599,600,630,631,632,661,662,664,696,727,728,729,760,761,762,763,764,765,795,796,828,829,860,892}
Current function value: 2.0866295E7
s**********************************************: 13
Current result: {471,503,535,536,567,599,631,663,695,727,728,760,761,762,763,764,765,796,797,798,827,828,830,860,861,893,925,926}
Current function value: 1.8833712E7
s**********************************************: 14
Current result: {503,535,567,599,631,663,695,727,728,760,761,762,764,794,795,796,797,828,830,860,861,862,893,894,926}
Current function value: 1.7744943E7
s**********************************************: 15
Current result: {532,533,534,564,596,628,659,660,661,691,693,694,695,723,726,727,728,729,750,751,752,753,754,755,760,761,762,763,782,795,796,797,814,829,830,846,861,862,878,893,894,909,910,941}
Current function value: 1.3752122E7
sRESULT**********************************************: 
result subgraph is: [100]
------------------------------ test ends --------------------------------

------------------------------ test starts ------------------------------ 

------------------------------ test starts ------------------------------ 

------------------------------ test starts ------------------------------ 

------------------------------ test starts ------------------------------ 

------------------------------ test starts ------------------------------ 
s**********************************************: 2
Current result: {279}
Current function value: 9497701.0
s**********************************************: 3
Current result: {535,567,599,631,663,695,696,728,760,761,762,763,764,796,828}
Current function value: 1.2532769E7
s**********************************************: 4
Current result: {481,482,483,484,485,486,487,488,489,490,491,492,493,494,495,496,497,498,499,500,501,502,503,514,535,567,599,600,601,633,665,666,698,730,762,763,795,796,797,829}
Current function value: 1.3600921E7
s**********************************************: 5
Current result: {481,482,483,484,485,486,487,488,489,490,491,492,493,494,495,496,497,498,499,500,501,502,503,514,535,546,567,578,599,600,601,602,634,666,698,730,762,763,764,765,797,828,829}
Current function value: 1.5030544E7
s**********************************************: 6
Current result: {480,481,482,483,484,485,486,487,488,489,490,491,492,493,494,495,496,497,498,499,500,501,502,503,512,514,535,544,567,576,577,599,600,601,633,634,666,698,730,762,763,764,765,796,828}
Current function value: 1.6050056E7
s**********************************************: 7
Current result: {762,763,764,765,794,796,797,828,829,861,862,893,894,926}
Current function value: 1.4871253E7
s**********************************************: 8
Current result: {448,450,480,481,482,503,512,513,514,515,516,517,518,519,520,521,522,523,524,525,526,527,528,529,530,531,532,533,534,535,545,567,576,577,599,631,663,695,727,728,760,761,762,763,764,796,797,829,861,893,894,926}
Current function value: 1.5266265E7
s**********************************************: 9
Current result: {761,762,763,765,795,796,797,827,828,829,830,859,860,861,862,893,894,926}
Current function value: 1.5459312E7
s**********************************************: 10
Current result: {448,480,481,482,512,513,514,544,546,577,578,579,580,581,582,583,584,585,617,618,619,620,621,622,623,655,656,688,720,721,753,754,755,765,787,788,789,790,791,792,793,794,795,797,827,828,829,860,861,862,893,894}
Current function value: 1.6480625E7
s**********************************************: 11
Current result: {503,533,534,535,565,566,567,598,599,631,663,693,694,695,727,728,729,760,761,762,763,764,767,796,797,798,799,828}
Current function value: 1.7953265E7
s**********************************************: 12
Current result: {450,480,481,482,483,484,485,486,487,488,489,490,491,492,493,494,495,496,497,498,499,500,501,502,503,512,513,514,535,536,544,567,576,577,578,599,609,610,631,663,695,696,728,729,761,762,763,764,765,796,797,828,860,861,862,894,926}
Current function value: 2.0602718E7
s**********************************************: 13
Current result: {534,535,566,567,598,630,631,661,662,663,693,694,695,727,728,729,761,793,796,825,826,827,828,829,830,862,893,894,926}
Current function value: 1.9199045E7
s**********************************************: 14
Current result: {597,598,629,630,631,660,661,662,689,690,691,692,694,695,719,720,721,727,728,729,730,731,732,751,760,761,764,765,782,783,795,796,797,814,827,828,829,846,860,878,910,911,913,914,943,944,945}
Current function value: 2.8730206E7
s**********************************************: 15
Current result: {535,567,599,631,663,695,701,727,728,729,733,760,761,762,763,765,795,796,797,827,828,829,830,860,861,893,894,926}
Current function value: 1.8123021E7
sRESULT**********************************************: 
result subgraph is: [279]
------------------------------ test ends --------------------------------
