
------------------------------ test starts ------------------------------ 
s**********************************************: 2
Current result: {345}
Current function value: 1.1012027940685634E7
s**********************************************: 3
Current result: {829,830,831,861,862,863,895}
Current function value: 1.1871522142449254E7
s**********************************************: 4
Current result: {546,576,577,578,579,580,581,582,583,584,585,586,587,588,589,590,591,592,593,594,595,596,628,629,630,662,663,664,696,728,760,761,793,825,830,857,858,859,860,861,862,863,894,895,926}
Current function value: 1.3635788091438029E7
s**********************************************: 5
Current result: {546,577,578,579,580,581,582,583,584,616,617,618,619,651,652,684,716,717,718,719,751,752,753,754,755,756,757,758,759,760,761,762,763,764,765,797,798,830,831,863,895,926,927}
Current function value: 1.352392652932673E7
s**********************************************: 6
Current result: {448,449,450,480,512,544,546,576,577,578,579,580,581,613,614,615,647,648,680,712,744,745,746,747,765,779,780,781,782,783,784,785,786,787,788,789,790,791,792,793,794,795,796,797,798,829,830,831,861,862,863,893,895}
Current function value: 1.6083288140810996E7
s**********************************************: 7
Current result: {448,449,450,480,512,514,544,545,546,578,579,580,581,582,614,615,647,648,649,650,682,714,715,747,748,749,750,751,752,753,754,755,756,757,758,759,760,761,762,763,764,765,797,798,799,829,831,861,863,893,895,926,927}
Current function value: 1.5521220874286424E7
s**********************************************: 8
Current result: {797,798,799,829,830,831,861,862,863,893,894,895,926,927,958,959}
Current function value: 1.5700335733539792E7
s**********************************************: 9
Current result: {448,449,450,480,481,482,512,513,514,515,516,517,518,519,520,521,544,553,554,555,576,577,578,587,619,651,652,684,716,748,765,780,781,782,783,784,785,786,787,788,789,790,791,792,793,794,795,796,797,829,830,831,862,894}
Current function value: 1.5504106482530668E7
s**********************************************: 10
Current result: {448,449,450,480,512,544,576,577,578,579,580,581,582,583,584,585,617,618,619,620,621,622,654,655,687,688,689,721,722,754,755,756,757,758,759,760,761,762,763,764,765,796,797,798,799,829,861,862,894,895,927,958,959}
Current function value: 1.5896027812373415E7
s**********************************************: 11
Current result: {390,422,448,449,454,480,486,512,513,514,515,516,517,518,519,520,521,522,523,524,525,544,546,557,578,589,621,622,654,686,718,719,720,752,784,785,786,787,788,789,790,791,792,793,794,795,796,797,799,829,830,831,861,862,894,895,927,959}
Current function value: 1.593763E7
s**********************************************: 12
Current result: {450,480,481,482,483,486,487,488,512,514,515,516,517,518,520,544,546,552,553,554,578,586,618,619,651,652,684,716,748,749,750,751,752,753,754,755,756,757,758,759,760,761,762,763,764,765,797,799,829,830,831,861,862,893,894,926,927,958}
Current function value: 1.653207E7
s**********************************************: 13
Current result: {390,391,422,450,451,452,453,454,480,481,482,486,512,513,518,545,546,576,577,578,608,609,610,611,643,675,707,708,740,741,742,743,744,745,746,747,748,749,750,751,752,753,754,755,756,757,758,759,760,761,762,763,764,765,797,798,830,831,862,863,893,894,926,958,959}
Current function value: 1.4243911491801117E7
s**********************************************: 14
Current result: {796,797,798,799,829,830,831,861,862,863,894,926,927}
Current function value: 1.3995586529327856E7
s**********************************************: 15
Current result: {416,448,449,450,480,512,544,576,577}
Current function value: 1.086416481157503E7
sRESULT**********************************************: 
result subgraph is: [416, 448, 449, 450, 480, 512, 544, 576, 577]
------------------------------ test ends --------------------------------
