
------------------------------ test starts ------------------------------ 
s**********************************************: 2
Current result: {829,830,861}
Current function value: 1.1737277547735855E7
s**********************************************: 3
Current result: {193}
Current function value: 9793594.0
s**********************************************: 4
Current result: {829,830,831,861,862,894,926,927}
Current function value: 1.2899844E7
s**********************************************: 5
Current result: {829,830,831,861,863,894,895,926,927,959}
Current function value: 1.2841839708814163E7
s**********************************************: 6
Current result: {448,449,450,451,452,453,454,455,456,457,458,459,460,461,462,463,464,465,466,467,468,469,470,471,472,480,504,512,536,537,544,569,576,601,633,634,635,636,637,669,701,733,765,797,829,830,831,861,862,894,895,927,959}
Current function value: 1.6512664E7
s**********************************************: 7
Current result: {763,764,796,798,828,829,830,861,893,894,926,927,958,959}
Current function value: 1.3976963756950464E7
s**********************************************: 8
Current result: {448,449,480,482,512,514,544,545,546,547,548,577,578,580,581,582,583}
Current function value: 9507218.374467928
s**********************************************: 9
Current result: {448,449,450,482,514,544,546,576,577,578,579,580,581,613,614,615,616,617,618,619,620,621,653,685,686,718,750,751,752,753,754,755,756,757,758,759,760,761,762,763,764,765,766,767,797,799,830,831,862,863,893,894,895,926,927,959}
Current function value: 1.7018394247891538E7
s**********************************************: 10
Current result: {448,449,450,480,481,482,512,513,514,545,546,577,608,609,610,611,612,613,614,615,616,617,618,650,651,652,684,685,686,718,750,782,783,784,785,786,787,788,789,790,791,792,793,794,795,796,797,799,829,830,831,861,862,893,894,895,926,927}
Current function value: 1.6345323164885368E7
s**********************************************: 11
Current result: {450,472,481,482,483,484,485,486,487,488,489,490,491,492,493,494,495,496,497,498,499,500,501,502,503,504,513,514,536,544,545,568,576,577,600,608,632,664,696,697,729,730,762,794,795,796,797,829,831,861,862,863,893,894,895,926}
Current function value: 1.6208613632065583E7
s**********************************************: 12
Current result: {448,450,480,482,512,514,544,546,576,577,578,609,610,611,612,613,614,615,647,648,649,650,682,714,715,716,717,718,719,720,721,722,723,755,756,757,758,759,760,761,762,763,765,795,796,797,798,830,831,862,863,893,894,926,927,959}
Current function value: 1.7974001E7
s**********************************************: 13
Current result: {448,450,480,481,482,514,544,546,576,577,578,579,580,581,582,583,584,608,616,617,649,650,651,652,653,654,686,718,750,751,752,753,754,755,756,757,758,759,760,761,762,763,764,765,795,796,797,829,830,831,863,894,895,926,927,958}
Current function value: 1.6100614268964948E7
s**********************************************: 14
Current result: {448,449,450,480,512,514,544,545,546,578,579,580,581,582,583,584,585,586,587,619,651,683,684,716,748,749,750,751,752,753,754,755,756,757,758,759,760,761,762,763,764,765,795,797,829,830,861,862,863,893,894,895,926,958}
Current function value: 1.617574060320703E7
s**********************************************: 15
Current result: {448,449,450,482,514,546,577,578,579,580,581,582,583,584,585,586,587,588,589,590,591,592,593,625,626,627,628,660,692,693,694,695,727,728,729,730,731,763,795,796,797,798,799,829,830,862,894,926,927,958,959}
Current function value: 1.592882935026414E7
sRESULT**********************************************: 
result subgraph is: [448, 449, 480, 482, 512, 514, 544, 545, 546, 547, 548, 577, 578, 580, 581, 582, 583]
------------------------------ test ends --------------------------------
