
------------------------------ test starts ------------------------------ 
s**********************************************: 2
Current result: {829,830,831,862}
Current function value: 1.1861934668998957E7
s**********************************************: 3
Current result: {959}
Current function value: 1.10592E7
s**********************************************: 4
Current result: {829,830,861}
Current function value: 1.1612233934192054E7
s**********************************************: 5
Current result: {830,831,863,894,895,926,927,959}
Current function value: 1.2063274547390016E7
s**********************************************: 6
Current result: {765,796,797,798,830,831,862,863,893,894,895,927,959}
Current function value: 1.4406195449894436E7
s**********************************************: 7
Current result: {448,449,450,480,482,512,544,545,546,577,578,579,580,581,582,583,584,585,586,587,588,620,652,653,685,686,687,688,720,752,784,785,786,787,788,789,790,791,792,793,794,795,796,797,798,830,861,862,863,893,894,895}
Current function value: 1.470503967197701E7
s**********************************************: 8
Current result: {448,449,480,481,482,514,546,578,579,580,581,582,583,584,585,586,587,588,589,621,622,623,624,625,626,627,628,660,661,693,694,726,758,759,760,761,762,763,764,766,796,797,798,799,830,861,862,863,895,927,959}
Current function value: 1.4130193697254807E7
s**********************************************: 9
Current result: {765,796,797,799,829,830,831,862,863,895,926,927,959}
Current function value: 1.3653290983133486E7
s**********************************************: 10
Current result: {448,449,450,482,512,514,544,545,546,576,578,579,580,581,582,583,584,585,617,649,681,682,683,684,685,686,718,719,720,752,753,754,755,756,757,758,759,760,761,762,763,795,796,797,829,830,831,863,893,894,895,926,958}
Current function value: 1.6600000254261011E7
s**********************************************: 11
Current result: {448,449,480,482,512,514,544,546,576,577,578,579,611,612,613}
Current function value: 1.066761577486991E7
s**********************************************: 12
Current result: {323,324,325,355,387,419,448,449,450,451,481,482,513,514,546,576,577,578,579,580,581,582,583,615,616,617,649,650,651,652,653,654,655,656,688,689,721,722,723,724,725,757,758,759,760,761,762,763,764,796,828,829,830,831,863,895,926,927,958}
Current function value: 8639682.124311706
s**********************************************: 13
Current result: {392,424,448,449,450,451,452,453,454,455,456,480,481,513,544,545,546,578}
Current function value: 1.0225912484510561E7
s**********************************************: 14
Current result: {448,449,450,480,482,512,544,546,576,577,578,579,580,581,582,583,584,585,617,618,619,620,652,684,685,686,718,750,751,752,753,754,755,756,757,758,759,760,761,762,763,765,795,796,797,798,829,830,831,861,893,894,926}
Current function value: 1.7297676480782263E7
s**********************************************: 15
Current result: {795,796,797,798,799,829,831,861,862,863,895,926,927,958,959}
Current function value: 1.3293833922861114E7
sRESULT**********************************************: 
result subgraph is: [323, 324, 325, 355, 387, 419, 448, 449, 450, 451, 481, 482, 513, 514, 546, 576, 577, 578, 579, 580, 581, 582, 583, 615, 616, 617, 649, 650, 651, 652, 653, 654, 655, 656, 688, 689, 721, 722, 723, 724, 725, 757, 758, 759, 760, 761, 762, 763, 764, 796, 828, 829, 830, 831, 863, 895, 926, 927, 958]
------------------------------ test ends --------------------------------
