
------------------------------ test starts ------------------------------ 
s**********************************************: 2
Current result: {829,830}
Current function value: 1.1276403993741326E7
s**********************************************: 3
Current result: {830,831,862,863,894,895,926}
Current function value: 1.2032297314708078E7
s**********************************************: 4
Current result: {259}
Current function value: 1.0288246E7
s**********************************************: 5
Current result: {799,829,831,861,862,863,894,926,927,959}
Current function value: 1.3656976E7
s**********************************************: 6
Current result: {448,449,450,480,512,544,576,577,578,579,580,581,582,583,584,616,617,618,650,682,683,684,716,717,749,750,782,783,784,816,817,818,819,820,821,822,823,824,825,826,827,828,829,830,831,861,863,895,926,927}
Current function value: 1.4768044995125733E7
s**********************************************: 7
Current result: {765,797,798,799,830,831,861,862,863,893,895,926,927,958,959}
Current function value: 1.3620178118737068E7
s**********************************************: 8
Current result: {73}
Current function value: 9723976.0
s**********************************************: 9
Current result: {448,449,480,512,514,516,517,518,519,544,545,546,547,548,551,552,553,554,555,556,557,558,559,576,577,591,623,624,656,657,689,721,722,723,755,756,757,758,759,760,761,762,763,764,765,797,829,830,831,862,894,895,927}
Current function value: 1.146818122459979E7
s**********************************************: 10
Current result: {448,449,450,481,482,512,513,514,545,546,547,548,549,550,551,552,553,554,555,556,557,558,559,560,592,624,625,626,658,659,691,723,724,756,757,758,759,760,761,762,763,764,765,797,799,829,830,831,861,862,863,893,894,895,926,958,959}
Current function value: 1.6983861355467282E7
s**********************************************: 11
Current result: {448,449,450,480,482,512,514,515,516,517,544,546,549,576,577,578,581,613,645,677,678,679,711,712,744,745,746,747,765,779,780,781,782,783,784,785,786,787,788,789,790,791,792,793,794,795,796,797,798,799,831,861,862,863,893,895,927,959}
Current function value: 1.5622558890696188E7
s**********************************************: 12
Current result: {448,449,450,480,482,512,514,515,516,517,518,519,520,521,522,523,524,544,546,556,557,576,589,608,609,610,621,622,623,655,687,688,689,721,722,723,724,725,726,727,728,760,761,762,763,795,796,797,798,799,829,830,831,862,894,895,926,927,958,959}
Current function value: 1.4664483243849108E7
s**********************************************: 13
Current result: {765,796,797,798,829,830,831,863,893,894,895,926,927,958,959}
Current function value: 1.4498705E7
s**********************************************: 14
Current result: {482,512,514,515,516,517,518,519,520,521,522,523,524,525,526,527,528,529,544,545,546,561,562,576,594,626,627,659,660,661,662,694,695,727,759,791,792,793,794,795,796,797,829,830,831,861,863,895,926,927,958,959}
Current function value: 1.4272328175086897E7
s**********************************************: 15
Current result: {448,449,450,480,481,482,512,513,514,515,516,517,518,519,520,521,522,523,524,525,526,527,528,529,530,544,545,546,562,576,577,578,594,595,627,659,660,661,693,725,757,758,759,764,765,791,792,793,794,795,796,797,829,861,862,893,894,926}
Current function value: 1.5205592348668462E7
sRESULT**********************************************: 
result subgraph is: [73]
------------------------------ test ends --------------------------------
