
------------------------------ test starts ------------------------------ 
s**********************************************: 2
Current result: {830,831,861,862}
Current function value: 1.1511620974266792E7
s**********************************************: 3
Current result: {830,861,862}
Current function value: 1.1398640346578512E7
s**********************************************: 4
Current result: {471,503,535,567,599,600,632,664,665,666,698,699,731,732,764,796,797,829,830,831,862}
Current function value: 1.1855327981808992E7
s**********************************************: 5
Current result: {471,503,535,567,568,569,570,571,572,573,605,637,669,701,733,765,797,829,830,831,862,894,895}
Current function value: 1.2670752705225164E7
s**********************************************: 6
Current result: {448,450,451,452,453,454,455,456,457,458,459,460,461,462,463,464,465,466,467,468,469,470,471,472,480,482,504,505,506,507,512,513,514,539,540,541,544,573,605,637,669,701,733,765,797,829,830,831,861,862,863,893,895,927,959}
Current function value: 1.5001648148678187E7
s**********************************************: 7
Current result: {471,472,504,505,506,507,539,540,572,604,636,668,700,732,764,796,797,798,829,830,862,863,894,895,926,927,959}
Current function value: 1.320488932002095E7
s**********************************************: 8
Current result: {471,503,535,567,568,569,601,602,603,635,667,699,731,732,733,765,797,798,799,829,830,831,861,863,895,927}
Current function value: 1.4094632E7
s**********************************************: 9
Current result: {536,568,600,632,664,696,697,729,761,762,794,795,796,799,828,829,830,831,861,862,863,895,926,927,958}
Current function value: 1.3795853853539193E7
s**********************************************: 10
Current result: {448,450,480,482,512,514,544,545,546,576,577,578,610,642,674,706,738}
Current function value: 1.1701186120981514E7
s**********************************************: 11
Current result: {535,536,568,569,570,571,603,604,636,668,700,732,764,796,797,798,799,831,861,862,863,893}
Current function value: 1.225209311847697E7
s**********************************************: 12
Current result: {448,480,481,482,483,484,485,486,487,488,489,490,491,492,493,525,526,527,528,560,561,593,625,657,689,721,753,754,755,787,788,789,790,791,792,793,794,795,796,797,798,799,829,830,831,861,862,863,894,895,926,927,959}
Current function value: 1.4929741932447255E7
s**********************************************: 13
Current result: {765,796,797,798,799,829,861,893,894,895,926,927}
Current function value: 1.2541274323289527E7
s**********************************************: 14
Current result: {387,388,389,419,448,449,450,451,480,482,512,514,544,545,546,577,578}
Current function value: 1.0457238765089674E7
s**********************************************: 15
Current result: {472,503,504,535,567,599,631,663,695,696,728,760,761,762,763,764,765,796,797,798,828,830,831,863,894,895,926,927,959}
Current function value: 1.3628799621283278E7
sRESULT**********************************************: 
result subgraph is: [387, 388, 389, 419, 448, 449, 450, 451, 480, 482, 512, 514, 544, 545, 546, 577, 578]
------------------------------ test ends --------------------------------
