
------------------------------ test starts ------------------------------ 
s**********************************************: 2
Current result: {829,861}
Current function value: 1.1304916350694498E7
s**********************************************: 3
Current result: {861}
Current function value: 1.1269696E7
s**********************************************: 4
Current result: {830,831,863,894,895,926,927}
Current function value: 1.2723190154625976E7
s**********************************************: 5
Current result: {544,545,546,547,548,549,550,551,552,553,554,555,556,557,558,576,590,591,592,624,625,657,658,659,660,692,693,694,695,727,728,729,761,793,794,795,796,797,798,829,830,861,893,894,895,927}
Current function value: 1.3250206255500142E7
s**********************************************: 6
Current result: {765,796,797,798,799,829,830,861,862,894,895,927}
Current function value: 1.245634754499646E7
s**********************************************: 7
Current result: {450,480,482,512,514,544,545,546,576,578,579,580,581,582,583,584,585,586,587,588,589,621,622,654,655,687,719,751,752,753,754,755,756,757,758,759,760,761,762,763,764,765,797,798,830,831,863,893,894,895,925,926}
Current function value: 1.5597730012504444E7
s**********************************************: 8
Current result: {762,763,764,765,796,797,798,799,828,829,830,831,861,863,893,894,926}
Current function value: 1.4830039327263277E7
s**********************************************: 9
Current result: {448,449,480,481,482,514,546,577,578,609,610,611,612,613,614,615,616,648,649,650,651,652,684,685,686,687,719,751,752,753,754,755,756,757,758,759,760,761,762,763,765,795,796,797,798,799,831,863,893,894,895,926}
Current function value: 1.4378811551535893E7
s**********************************************: 10
Current result: {293,325,357,387,388,389,419,448,449,450,451,480,512,544,546,576,577,578,609,610}
Current function value: 7994151.492487509
s**********************************************: 11
Current result: {422,423,424,448,450,451,452,453,454,480,481,482,514,544,546,576,577,578,608,610}
Current function value: 7717770.956795709
s**********************************************: 12
Current result: {482,483,484,485,486,487,488,489,490,491,492,493,514,525,526,544,545,546,558,590,622,654,686,718,750,751,752,753,754,755,756,757,758,759,760,761,762,763,795,796,797,798,799,830,831,861,862,893,894,895,927}
Current function value: 1.363387289227407E7
s**********************************************: 13
Current result: {448,480,481,512,513,544,545,576,577,578,608,609,641,673,705,737}
Current function value: 9524733.46955921
s**********************************************: 14
Current result: {765,796,797,798,799,829,830,861,862,863,894,895,926}
Current function value: 1.3032403582024872E7
s**********************************************: 15
Current result: {450,481,482,512,513,544,576,577,578,579,611,643,644,645,646,647,679,711,743,744,745,746,747,748,749,750,751,752,753,754,755,756,757,758,759,760,761,762,763,764,765,797,799,829,831,861,862,863,893,894,926,927,958}
Current function value: 1.3811856946734583E7
sRESULT**********************************************: 
result subgraph is: [422, 423, 424, 448, 450, 451, 452, 453, 454, 480, 481, 482, 514, 544, 546, 576, 577, 578, 608, 610]
------------------------------ test ends --------------------------------
