
------------------------------ test starts ------------------------------ 
s**********************************************: 2
Current result: {959}
Current function value: 1.10592E7
s**********************************************: 3
Current result: {829,830,861,862}
Current function value: 1.1860753148100019E7
s**********************************************: 4
Current result: {829,830,861,862,863,894,895,926}
Current function value: 1.2781476E7
s**********************************************: 5
Current result: {576,577,578,579,580,581,582,583,584,585,617,649,681,682,714,715,716,717,718,719,751,752,784,816,817,818,819,820,821,822,823,824,825,826,827,828,829,830,831,861,862,893}
Current function value: 1.2335633909561837E7
s**********************************************: 6
Current result: {765,797,798,799,829,830,831,861,862,863,894,895,926,927,959}
Current function value: 1.4197825E7
s**********************************************: 7
Current result: {383}
Current function value: 9705584.0
s**********************************************: 8
Current result: {959}
Current function value: 1.10592E7
s**********************************************: 9
Current result: {448,449,450,480,481,482,512,514,515,516,517,518,544,576,577,578,610}
Current function value: 1.1284749623375297E7
s**********************************************: 10
Current result: {386,418,448,450,480,481,482,512,513,514,515,516,517,518,519,544,545,546,551,552,578,584,616,617,649,650,651,652,684,716,748,749,750,751,752,753,754,755,756,757,758,759,760,761,762,763,764,765,796,797,829,830,861,893,894,895,926,958,959}
Current function value: 1.2814833225149516E7
s**********************************************: 11
Current result: {765,796,797,798,799,829,830,831,861,862,863,893,894,895,927}
Current function value: 1.4066333993437001E7
s**********************************************: 12
Current result: {448,449,480,481,482,512,513,514,516,517,518,519,520,521,544,545,546,547,548,553,554,576,586,618,619,651,683,684,685,686,687,719,720,721,722,723,724,725,726,727,759,760,761,762,763,764,765,796,797,798,799,829,831,861,862,863,893,894,926,927,958,959}
Current function value: 1.8552680617882203E7
s**********************************************: 13
Current result: {449,450,480,481,482,512,544,576,577,578,579,580,581,582,583,584,585,586,587,588,589,621,622,654,655,687,688,720,721,722,723,724,725,726,727,728,729,730,731,763,795,796,797,798,799,830,862,863,894,895,927,959}
Current function value: 1.5529628E7
s**********************************************: 14
Current result: {296,297,298,327,328,358,359,390,422,448,449,454,480,484,485,486,512,514,516,544,545,546,547,548,549,550,551,552,553,554,555,556,557,558,559,560,561,576,577,578,593,594,595,596,597,608,610,629,630,631,663,695,727,728,729,730,731,732,733,765,766,798,799,829,830,831,861,862,863,893,894,895,925,926,927,959}
Current function value: 1.7225402432662204E7
s**********************************************: 15
Current result: {448,449,450,480,482,512,514,544,546,547,548,549,550,551,552,553,554,555,556,557,558,576,577,578,590,608,609,622,654,686,687,688,720,752,753,754,755,756,757,758,759,760,761,762,763,764,765,766,798,829,830,861,862,863,894,895,926}
Current function value: 1.7686186E7
sRESULT**********************************************: 
result subgraph is: [383]
------------------------------ test ends --------------------------------
