
------------------------------ test starts ------------------------------ 
s**********************************************: 2
Current result: {830,862,894}
Current function value: 1.1695104E7
s**********************************************: 3
Current result: {830,861,862,894}
Current function value: 1.1780013661694804E7
s**********************************************: 4
Current result: {830,831,862,894,895,926,927}
Current function value: 1.2471655244257657E7
s**********************************************: 5
Current result: {829,830,861,862,894}
Current function value: 1.1962526288854115E7
s**********************************************: 6
Current result: {829,830,831,861,862,863,894,926,927,959}
Current function value: 1.243895292250814E7
s**********************************************: 7
Current result: {765,797,798,799,829,830,831,862,863,893,894,926,927,959}
Current function value: 1.3785926303814951E7
s**********************************************: 8
Current result: {480,482,512,514,544,546,576,577,578,579,580,581,582,583,584,585,586,587,588,620,652,653,654,686,687,719,720,721,753,754,755,756,757,758,759,760,761,762,763,764,765,796,797,798,799,829,831,862,863,894,895,926}
Current function value: 1.4803288805379257E7
s**********************************************: 9
Current result: {448,480,481,482,513,514,544,545,546,576,578,579,580,581,582,583,584,585,586,587,588,589,590,591,592,593,594,626,658,659,691,723,724,756,788,789,790,791,792,793,794,795,796,798,799,828,829,830,862,894,926,927,959}
Current function value: 1.4598754809171006E7
s**********************************************: 10
Current result: {448,449,450,480,482,512,544,576,577,578,579,580,581,582,583,584,585,586,587,588,620,621,622,623,655,687,719,720,752,753,754,755,756,757,758,759,760,761,762,763,764,765,797,798,799,829,830,831,862,863,893,894,895,926,927,958,959}
Current function value: 1.725142494137982E7
s**********************************************: 11
Current result: {448,449,480,481,482,514,544,546,576,577,578,610,611,643,644,645}
Current function value: 9856078.671885077
s**********************************************: 12
Current result: {448,449,450,482,512,514,544,545,546,547,548,549,550,551,576,583,615,616,648,680,681,713,714,746,747,748,749,750,751,752,753,754,755,756,757,758,759,760,761,762,763,764,765,766,767,795,796,799,829,830,831,863,894,895,926,927,959}
Current function value: 1.5372434507071292E7
s**********************************************: 13
Current result: {448,449,480,481,482,512,514,546,576,577,578,579,580,581,613,614,615,647,648,649,650,682,714,715,716,717,718,719,720,721,722,754,755,756,757,758,759,760,761,762,763,765,795,796,797,798,799,828,829,831,862,863,893,894,895,925,926,927,958,959}
Current function value: 1.9430589224850524E7
s**********************************************: 14
Current result: {472,504,535,536,567,599,631,663,695,727,728,760,761,762,763,764,765,796,797,798,799,829,830,831,861,862,894,895,926,927}
Current function value: 1.5768914790665831E7
s**********************************************: 15
Current result: {762,763,764,765,794,795,796,797,798,799,828,860,861,862,893,894,926,927,959}
Current function value: 1.28768339839774E7
sRESULT**********************************************: 
result subgraph is: [448, 449, 480, 481, 482, 514, 544, 546, 576, 577, 578, 610, 611, 643, 644, 645]
------------------------------ test ends --------------------------------
