
------------------------------ test starts ------------------------------ 
s**********************************************: 2
Current result: {458}
Current function value: 9011530.0
s**********************************************: 3
Current result: {830,862,863,895}
Current function value: 1.1548453900341684E7
s**********************************************: 4
Current result: {830,831,862}
Current function value: 1.1710116E7
s**********************************************: 5
Current result: {829,830,862}
Current function value: 1.1717649E7
s**********************************************: 6
Current result: {797,798,799,831,861,862,863,893,895,926,927,959}
Current function value: 1.375391780244919E7
s**********************************************: 7
Current result: {448,449,450,482,514,546,576,577,578,610,642,674,706}
Current function value: 9818667.338879997
s**********************************************: 8
Current result: {480,481,482,512,514,544,546,578,579,580,581,582,583,584,585,586,587,588,589,590,591,592,593,594,595,596,597,629,630,631,632,664,696,728,729,730,731,763,765,795,796,797,798,799,829,830,831,861,863,893,894,926}
Current function value: 1.3677622981060639E7
s**********************************************: 9
Current result: {448,449,450,451,452,453,454,480,512,544,545,546,576,577,578}
Current function value: 9931073.81355698
s**********************************************: 10
Current result: {449,450,480,481,482,483,484,485,512,513,514,544,545,546,576,578}
Current function value: 9637144.40912456
s**********************************************: 11
Current result: {482,514,546,576,577,578,579,580,581,582,583,584,585,586,587,588,589,590,591,592,593,625,657,658,659,691,723,755,756,757,758,759,760,761,762,763,764,765,797,798,829,830,831,861,863,895,926,927,959}
Current function value: 1.4277879700037062E7
s**********************************************: 12
Current result: {449,450,480,481,482,512,513,514,545,576,577,578,579,580,581,582,583,584,585,586,587,588,589,590,591,592,593,594,626,658,659,691,692,693,725,726,727,759,760,761,762,763,764,765,795,796,797,799,829,830,831,862,863,893,894,926,927,959}
Current function value: 1.8666710555445626E7
s**********************************************: 13
Current result: {449,481,482,514,546,577,578,579,580,581,582,614,615,616,648,649,681,682,683,684,716,717,749,750,751,752,753,754,755,756,757,758,759,760,761,762,763,766,795,796,797,798,799,831,861,862,863,893,895,925}
Current function value: 1.5469785418616448E7
s**********************************************: 14
Current result: {639,671,703,735,762,765,766,767,794,795,796,797,798,799,830,831,861,862,863,894,895,926,958}
Current function value: 9474865.700913759
s**********************************************: 15
Current result: {449,450,480,481,512,513,514,544,546,576,578,579,580,581,582,583,584,585,586,587,588,620,621,622,623,624,625,657,658,659,660,692,724,725,726,758,759,760,761,762,763,764,765,795,797,799,829,830,831,861,862,863,893,895,927,959}
Current function value: 1.7782477917492617E7
sRESULT**********************************************: 
result subgraph is: [458]
------------------------------ test ends --------------------------------
