
------------------------------ test starts ------------------------------ 
s**********************************************: 2
Current result: {87}
Current function value: 9711291.0
s**********************************************: 3
Current result: {829,831,861,862,863,894,895}
Current function value: 1.2081554720769575E7
s**********************************************: 4
Current result: {16}
Current function value: 9741134.0
s**********************************************: 5
Current result: {765,797,798,799,829,830,831,861,862,863,894,926}
Current function value: 1.4282896E7
s**********************************************: 6
Current result: {19}
Current function value: 9880131.0
s**********************************************: 7
Current result: {763,764,765,766,795,796,798,830,831,861,862,863,893,894,926,927,958,959}
Current function value: 1.4774839122199826E7
s**********************************************: 8
Current result: {449,450,480,481,512,514,544,545,546,578,579,611,643,644,645,677,678,679,711,712,713,714,715,716,717,718,750,751,765,783,784,785,786,787,788,789,790,791,792,793,794,795,796,797,798,799,830,861,862,894,895,926,958}
Current function value: 1.6438616257678416E7
s**********************************************: 9
Current result: {448,450,480,482,512,514,544,546,576,577,578,579,580,581,582,583,584,585,586,618,619,651,652,684,685,717,749,750,751,752,764,765,784,785,786,787,788,789,790,791,792,793,794,795,796,797,798,799,829,830,861,862,863,894,895}
Current function value: 1.5859264E7
s**********************************************: 10
Current result: {765,796,797,798,829,830,862,863,893,894,895,927}
Current function value: 1.3935254120325204E7
s**********************************************: 11
Current result: {448,449,480,481,513,514,544,545,546,576,577,578,608,609,610,611,612,613,614,615,616,617,618,619,620,621,653,654,686,687,688,689,690,691,692,724,725,726,727,759,760,761,762,763,764,765,796,797,829,831,861,862,863,893,925,926,958,959}
Current function value: 1.8586195404946044E7
s**********************************************: 12
Current result: {448,450,480,481,482,512,514,544,546,578,579,580,581,582,614,646,678,679,680,712,713,714,715,716,717,718,719,751,752,753,754,755,756,757,758,759,760,761,762,763,765,795,796,797,798,799,829,831,861,863,893,894,895,926,927,959}
Current function value: 1.825449657173793E7
s**********************************************: 13
Current result: {449,450,482,512,513,514,546,578,608,609,610,611,612,613,614,615,616,617,618,619,620,621,622,654,655,687,719,751,752,753,754,755,756,757,758,759,760,761,762,763,765,795,796,797,798,829,861,863,893,894,895,927,959}
Current function value: 1.5901589102515317E7
s**********************************************: 14
Current result: {448,449,450,480,482,512,544,576,577,578,579,580,581,582,583,584,585,586,587,588,589,621,622,623,655,656,657,658,659,660,692,724,725,726,758,759,760,761,762,763,765,795,796,797,798,799,829,830,831,861,862,863,893,894,895,926,927,958,959}
Current function value: 1.8488808381134234E7
s**********************************************: 15
Current result: {471,503,535,536,567,599,631,663,695,727,728,729,761,762,763,764,765,795,797,798,799,828,829,831,860,862,863,893,894,895,926}
Current function value: 1.467678562593559E7
sRESULT**********************************************: 
result subgraph is: [87]
------------------------------ test ends --------------------------------
