
------------------------------ test starts ------------------------------ 
s**********************************************: 2
Current result: {829,861}
Current function value: 1.1300057490022145E7
s**********************************************: 3
Current result: {831,862,863,894,926,927}
Current function value: 1.2640324E7
s**********************************************: 4
Current result: {959}
Current function value: 1.10592E7
s**********************************************: 5
Current result: {576,577,578,579,580,581,582,583,584,585,586,587,588,589,590,591,592,593,594,626,658,690,691,723,755,787,788,820,821,831,853,854,862,863,886,887,888,889,890,891,892,893,894,895,926,927}
Current function value: 1.4017986379428826E7
s**********************************************: 6
Current result: {448,449,450,480,512,544,545,546,578,579,580,581,582,614,646,647,679,680,681,682,714,715,716,717,749,750,751,752,753,785,798,799,817,818,830,850,851,852,853,854,855,856,857,858,859,860,861,862,893,894,926,958,959}
Current function value: 1.4190323359435972E7
s**********************************************: 7
Current result: {448,449,450,482,514,544,546,576,577,578,579,580,581,582,583,584,585,586,587,588,589,590,591,592,593,594,595,608,609,627,659,660,661,662,663,695,696,697,698,699,731,732,764,765,797,798,799,831,863,893,894,895,927}
Current function value: 1.4479780195693988E7
s**********************************************: 8
Current result: {480,481,482,512,544,576,577,578,579,580,581,582,583,584,585,617,649,650,651,652,684,716,717,718,750,751,752,753,754,755,756,757,758,759,760,761,762,763,764,765,797,798,799,829,831,861,893,894,926,927,959}
Current function value: 1.5005375567815153E7
s**********************************************: 9
Current result: {448,449,450,480,482,512,514,515,516,517,518,519,544,551,552,553,554,555,556,576,588,620,652,653,654,655,656,688,689,690,691,692,693,725,726,758,759,760,761,762,763,764,765,797,798,799,829,831,861,893,894,926,927,958,959}
Current function value: 1.525394692435198E7
s**********************************************: 10
Current result: {480,482,512,514,544,545,546,578,579,580,581,582,583,584,585,586,587,588,589,590,591,592,593,594,595,627,659,691,723,755,756,757,758,759,760,761,762,763,764,765,797,798,799,829,831,863,893,894,895,926,927,958,959}
Current function value: 1.423299850256069E7
s**********************************************: 11
Current result: {448,449,450,480,481,513,514,544,545,546,576,578,609,610,611,612,613,614,615,616,617,649,650,682,683,684,716,748,749,750,751,752,753,754,755,756,757,758,759,760,761,762,763,764,794,795,827,828,860,861,893,894,895,926,927,959}
Current function value: 1.6816876067660555E7
s**********************************************: 12
Current result: {959}
Current function value: 1.10592E7
s**********************************************: 13
Current result: {449,450,480,481,482,483,484,485,486,487,488,489,490,491,492,493,494,495,496,497,512,529,530,544,562,563,595,596,597,629,661,662,694,695,696,697,729,730,762,763,764,765,797,798,829,830,831,861,862,863,893,894,926,958,959}
Current function value: 1.7094915789657876E7
s**********************************************: 14
Current result: {357,358,389,418,419,420,421,448,449,450,480,482,513,514,544,545,577,578}
Current function value: 7342789.903531137
s**********************************************: 15
Current result: {450,482,512,513,514,544,546,578,610,611,643,675,676,677,678,679,680,681,713,714,715,747,748,749,750,751,752,753,754,755,756,757,758,759,760,761,762,763,765,766,767,795,796,797,799,829,861,862,893}
Current function value: 1.4560344347778307E7
sRESULT**********************************************: 
result subgraph is: [357, 358, 389, 418, 419, 420, 421, 448, 449, 450, 480, 482, 513, 514, 544, 545, 577, 578]
------------------------------ test ends --------------------------------
