
------------------------------ test starts ------------------------------ 
s**********************************************: 2
Current result: {356}
Current function value: 9308146.0
s**********************************************: 3
Current result: {959}
Current function value: 1.10592E7
s**********************************************: 4
Current result: {830,862,863,894,895,926,927,959}
Current function value: 1.2254625E7
s**********************************************: 5
Current result: {546,576,577,578,579,580,581,582,583,615,616,617,649,650,682,683,684,685,717,749,750,782,783,784,785,786,787,788,789,790,791,792,793,794,795,796,797,798,830,862,863,894,895,927}
Current function value: 1.3618022568844326E7
s**********************************************: 6
Current result: {448,449,450,480,512,513,514,544,546,547,548,549,550,551,552,553,576,577,585,617,618,619,620,621,622,623,624,656,657,689,690,691,692,693,694,726,758,790,791,792,798,824,825,826,827,828,829,830,831,861,862,863,894,895,926,927}
Current function value: 1.8016849E7
s**********************************************: 7
Current result: {765,797,798,799,830,831,861,862,863,893,895,926,927,959}
Current function value: 1.4819094E7
s**********************************************: 8
Current result: {449,480,481,482,512,514,544,546,547,548,549,550,551,552,553,554,555,556,557,576,577,578,589,608,621,653,685,686,687,719,751,752,753,754,755,756,757,758,759,760,761,762,763,764,765,797,798,830,862,863,894,895,925,926,927,958,959}
Current function value: 1.6775001E7
s**********************************************: 9
Current result: {448,449,450,480,482,512,514,544,546,576,577,608,609,610,611,612,613,614,615,616,617,649,650,682,683,684,716,748,749,750,751,752,753,754,755,756,757,758,759,760,761,762,763,765,795,796,797,829,830,861,862,863,894,895,926,958,959}
Current function value: 1.9339269660436325E7
s**********************************************: 10
Current result: {450,480,482,512,513,514,545,546,577,578,579,580,581,582,583,615,616,617,618,619,620,621,622,623,655,656,688,720,752,753,754,755,756,757,758,759,760,761,762,763,764,765,766,796,797,798,799,829,861,862,893,894,926,927,959}
Current function value: 1.620409061895195E7
s**********************************************: 11
Current result: {480,481,482,514,546,547,548,549,550,551,552,553,554,555,556,557,558,559,560,561,562,576,577,578,594,595,596,628,660,692,724,725,726,727,759,760,761,762,763,766,795,796,797,798,799,829,830,831,861,862,863,894,926,927}
Current function value: 1.5844349E7
s**********************************************: 12
Current result: {762,763,765,795,796,797,798,799,829,831,862,863,893,894,895,927}
Current function value: 1.5022641E7
s**********************************************: 13
Current result: {471,472,503,535,567,599,631,663,695,727,728,729,730,731,762,763,764,765,766,795,796,797,798,828,829,830,831,861,862,863,893,894,895,926,927,958,959}
Current function value: 2.0311258E7
s**********************************************: 14
Current result: {448,449,480,512,514,544,546,576,577,578,579,580,581,582,583,584,585,586,618,650,682,683,715,747,748,749,750,751,752,753,754,755,756,757,758,759,760,761,762,764,794,795,796,797,798,799,829,861,863,893,894,895,926,927}
Current function value: 1.7631604977490287E7
s**********************************************: 15
Current result: {357,389,421,448,449,450,451,452,453,480,481,482,483,512,513,514,544,545,546,576,577}
Current function value: 9522507.227727646
sRESULT**********************************************: 
result subgraph is: [356]
------------------------------ test ends --------------------------------
