
------------------------------ test starts ------------------------------ 
s**********************************************: 2
Current result: {55}
Current function value: 9721171.0
s**********************************************: 3
Current result: {829,830,831,861,862,894,895,927}
Current function value: 1.2577444E7
s**********************************************: 4
Current result: {861,862,863,894,895,927,959}
Current function value: 1.238003936351797E7
s**********************************************: 5
Current result: {797,798,799,830,831,861,863,893,894,895}
Current function value: 1.2757642329631077E7
s**********************************************: 6
Current result: {448,449,450,480,512,544,546,576,577,578,579,580,581,582,583,584,585,586,587,588,589,590,591,623,624,625,626,658,659,660,692,724,756,757,758,790,791,792,793,794,795,796,797,798,799,830,831,862,894,926,927,959}
Current function value: 1.5423078173060248E7
s**********************************************: 7
Current result: {448,449,450,480,482,483,515,547,579,611,643,644,676,677,709,710,711,712,713,714,715,747,748,749,750,751,752,753,754,755,756,757,758,759,760,761,762,763,764,765,797,798,799,829,830,831,861,862,894,895,926}
Current function value: 1.3955524529403994E7
s**********************************************: 8
Current result: {448,449,480,481,482,512,514,544,576,577,578,579,580,581,582,583,584,585,586,587,588,589,621,653,685,686,687,719,751,752,753,754,755,756,757,758,759,760,761,762,763,764,765,797,798,799,829,831,861,862,893,894,895,926,927}
Current function value: 1.6205070481694195E7
s**********************************************: 9
Current result: {448,450,480,481,482,512,514,515,516,517,518,519,520,521,522,523,524,544,556,557,589,621,653,654,655,687,688,689,690,722,723,724,725,726,727,728,729,730,762,763,764,796,797,799,829,830,831,861,862,863,893,894,926,958}
Current function value: 1.5314960532813808E7
s**********************************************: 10
Current result: {762,765,794,795,796,797,798,799,830,831,861,862,863,893,895,927,958,959}
Current function value: 1.385912864122722E7
s**********************************************: 11
Current result: {448,449,450,480,482,512,514,544,546,577,578,579,580,581,582,583,584,585,586,609,618,619,620,621,622,623,624,625,657,689,721,753,754,755,756,757,758,759,760,761,762,763,765,795,796,797,798,799,829,830,861,862,863,893,925,926}
Current function value: 1.6294398629697733E7
s**********************************************: 12
Current result: {450,482,512,513,514,544,576,608,609,610,611,612,613,614,615,616,617,618,619,620,621,622,623,624,656,657,658,690,691,692,693,694,695,696,697,698,730,762,763,764,765,795,796,797,798,799,828,830,861,862,863,893,895,927,958,959}
Current function value: 1.5632523391711917E7
s**********************************************: 13
Current result: {762,763,765,795,796,797,798,799,829,830,831,861,862,893,894,926,958,959}
Current function value: 1.5098095320432773E7
s**********************************************: 14
Current result: {762,763,764,765,795,796,797,799,829,830,831,861,863,893,894,895,926,927,959}
Current function value: 1.6077774176234E7
s**********************************************: 15
Current result: {763,764,765,795,797,798,799,829,831,861,862,863,893,894,895,926,927,958,959}
Current function value: 1.419067047093849E7
sRESULT**********************************************: 
result subgraph is: [55]
------------------------------ test ends --------------------------------
