
------------------------------ test starts ------------------------------ 
s**********************************************: 2
Current result: {959}
Current function value: 1.10592E7
s**********************************************: 3
Current result: {829,831,861,862,863,894,895,927}
Current function value: 1.3175649E7
s**********************************************: 4
Current result: {798,829,830,861,862,863,893,894,895,926}
Current function value: 1.2688977E7
s**********************************************: 5
Current result: {959}
Current function value: 1.10592E7
s**********************************************: 6
Current result: {798,799,829,831,861,862,863,893,894,895,926,927,959}
Current function value: 1.3979582E7
s**********************************************: 7
Current result: {796,797,798,799,830,831,861,863,893,894,895,926,927,959}
Current function value: 1.3921314423493544E7
s**********************************************: 8
Current result: {449,450,480,481,482,512,514,544,546,547,576,579,580,612,613,645,646,647,648,649,650,682,683,715,716,717,749,750,751,752,753,754,755,756,757,758,759,760,761,762,763,764,765,797,829,831,861,862,863,894,926,958,959}
Current function value: 1.4195617905842315E7
s**********************************************: 9
Current result: {448,480,481,482,512,514,545,546,577,578,579,580,581,582,583,584,585,586,587,619,620,652,653,654,686,687,688,720,721,722,723,724,725,757,758,759,760,761,762,763,764,796,797,798,799,829,830,861,862,863,893,895,927,958,959}
Current function value: 1.6131375149764806E7
s**********************************************: 10
Current result: {386,417,418,448,449,450,480,482,512,513,514,544,546,576}
Current function value: 9929756.720997378
s**********************************************: 11
Current result: {762,763,764,765,797,798,799,828,829,831,860,863,892,895,927,958,959}
Current function value: 1.1639576078876087E7
s**********************************************: 12
Current result: {762,763,765,795,796,797,799,829,831,861,862,863,894,895,926,927,959}
Current function value: 1.3496287637951761E7
s**********************************************: 13
Current result: {448,450,480,481,482,513,514,544,545,546,576,577,609,610,611,643}
Current function value: 1.0104175933945261E7
s**********************************************: 14
Current result: {449,481,513,514,544,546,576,577,578,579,580,581,613,614,615,616,617,618,650,682,714,715,716,717,749,750,751,752,753,754,755,756,757,758,759,760,761,762,763,764,765,797,799,829,831,861,862,863,893,894,926,927,959}
Current function value: 1.6742714213945907E7
s**********************************************: 15
Current result: {448,480,512,514,544,545,546,576,577,578,579,580,581,582,583,584,585,586,587,588,620,652,653,685,717,718,719,751,752,753,754,755,756,757,758,759,760,761,762,763,795,796,797,798,829,830,861,862,894,926,927,959}
Current function value: 1.5723442536325272E7
sRESULT**********************************************: 
result subgraph is: [386, 417, 418, 448, 449, 450, 480, 482, 512, 513, 514, 544, 546, 576]
------------------------------ test ends --------------------------------
