
------------------------------ test starts ------------------------------ 
s**********************************************: 2
Current result: {829,830,861}
Current function value: 1.1546955743576765E7
s**********************************************: 3
Current result: {829,830,831,863}
Current function value: 1.2006289E7
s**********************************************: 4
Current result: {476}
Current function value: 9986276.0
s**********************************************: 5
Current result: {765,797,798,799,830,831,861,862,893,894,926,927}
Current function value: 1.2823371669798817E7
s**********************************************: 6
Current result: {830,831,862,863,894,895,926}
Current function value: 1.2396901598765055E7
s**********************************************: 7
Current result: {448,449,450,480,482,514,544,545,546,576,577,578,579,580,612,613,645,646,678,710,711,712,713,714,715,716,748,780,781,813,814,815,816,817,818,819,820,821,822,823,824,825,826,827,828,829,830,831,862,863,894,895,926}
Current function value: 1.457063974491345E7
s**********************************************: 8
Current result: {765,796,797,798,799,829,831,861,862,863,894,895,926,927,958}
Current function value: 1.3638769260249315E7
s**********************************************: 9
Current result: {763,764,765,766,795,796,798,799,829,830,831,861,863,894,895,926,958,959}
Current function value: 1.3717825995484442E7
s**********************************************: 10
Current result: {764,765,796,797,798,799,828,860,861,862,863,892,893,894,895,926,958}
Current function value: 1.4287145178707719E7
s**********************************************: 11
Current result: {762,763,764,765,796,797,798,799,829,830,831,861,863,893,895,926,927,959}
Current function value: 1.3932273368283257E7
s**********************************************: 12
Current result: {450,482,483,484,485,486,487,488,489,490,491,492,493,494,495,496,528,560,561,562,594,595,596,628,629,661,693,725,726,732,758,759,760,761,762,763,764,765,796,797,799,829,830,831,861,863,893,894,895,926,958,959}
Current function value: 1.5316146454317667E7
s**********************************************: 13
Current result: {512,544,576,608,609,610,611,612,613,614,615,616,617,649,650,682,683,715,732,747,748,749,750,751,752,753,754,755,756,757,758,759,760,761,762,763,764,765,796,797,798,828,830,862,894,895,926,927,958,959}
Current function value: 1.3688784456080075E7
s**********************************************: 14
Current result: {480,512,544,576,608,609,610,611,612,613,614,615,616,617,618,619,651,683,684,716,748,749,765,781,782,783,784,785,786,787,788,789,790,791,792,793,794,795,796,797,798,799,829,830,862,863,894,895,926,958,959}
Current function value: 1.5039224209705189E7
s**********************************************: 15
Current result: {448,449,450,480,482,512,544,545,546,547,577,579,580,581,613,614,615,616,617,618,619,620,621,622,623,655,687,688,720,721,753,754,755,756,757,758,759,760,761,762,763,764,765,796,797,798,799,829,830,831,861,863,894,895,927,958,959}
Current function value: 1.6814250055114593E7
sRESULT**********************************************: 
result subgraph is: [476]
------------------------------ test ends --------------------------------
