
------------------------------ test starts ------------------------------ 
s**********************************************: 2
Current result: {959}
Current function value: 1.10592E7
s**********************************************: 3
Current result: {763,795,797,827,828,829,861}
Current function value: 1.2527716E7
s**********************************************: 4
Current result: {762,763,795,796,828}
Current function value: 1.1893225E7
s**********************************************: 5
Current result: {762,794,795,796,797,798,799,829,830,831,861,862,863,894}
Current function value: 1.4856504E7
s**********************************************: 6
Current result: {763,764,765,796,797,798,799,829,831,861,863,893,895}
Current function value: 1.469075E7
s**********************************************: 7
Current result: {449,450,480,481,512,544,576,577,578,579,580,581,582,583,584,585,586,587,619,620,621,622,654,686,687,719,720,752,753,785,786,787,788,789,790,791,792,793,794,795,796,797,798,830,861,862,893,894}
Current function value: 1.5407025E7
s**********************************************: 8
Current result: {763,765,795,796,797,829,830,831,860,861,862,863,895,926,927,958,959}
Current function value: 1.6559226E7
s**********************************************: 9
Current result: {449,480,481,512,544,545,576}
Current function value: 1.2471601606011631E7
s**********************************************: 10
Current result: {448,480,512,513,545,577,609,610,611,612,613,614,615,647,679,680,712,744,765,776,777,778,779,780,781,782,783,784,785,786,787,788,789,790,791,792,793,794,795,796,797,798,828,830,860,861,862,894,926,958}
Current function value: 1.6613256E7
s**********************************************: 11
Current result: {762,763,765,766,767,794,796,797,826,827,828,830,831,860,861,862,893,894,925,926,927,958}
Current function value: 1.6660646E7
s**********************************************: 12
Current result: {450,482,512,513,514,544,576,577,578,579,580,581,582,583,584,585,586,587,588,589,590,591,592,593,594,595,627,659,691,723,724,725,726,727,728,729,730,762,763,764,765,766,767,797,798,799,827,828,829,830,831,860,861,863,893,894,895,926,927,959}
Current function value: 2.1280387E7
s**********************************************: 13
Current result: {449,480,481,512,513,514,546,547,548,549,550,551,552,553,554,586,587,588,589,621,622,654,655,656,688,689,690,691,692,693,694,726,758,759,760,761,762,763,764,765,794,795,797,798,799,827,828,830,860,862,863,894,895,926,927,958,959}
Current function value: 1.9884899809417658E7
s**********************************************: 14
Current result: {448,450,480,481,482,513,545,577,578,579,611,612,644,645,646,647,648,680,681,682,683,715,747,764,766,767,779,780,781,782,783,784,785,786,787,788,789,790,791,792,793,794,795,796,797,799,828,829,830,831,861,862,892,893,894,926,927,958,959}
Current function value: 2.0939651253042072E7
s**********************************************: 15
Current result: {448,480,512,513,544,545,546,576,577,609,610,611,612,613,614,615,616,617,618,619,620,621,653,654,655,687,719,751,752,753,754,755,756,757,758,759,760,761,762,763,795,796,797,798,799,829,831,861,862,894,895,926,927,959}
Current function value: 1.854762234684646E7
sRESULT**********************************************: 
result subgraph is: [762, 763, 795, 796, 828]
------------------------------ test ends --------------------------------
