
------------------------------ test starts ------------------------------ 
s**********************************************: 2
Current result: {762,794,795,796,797,828}
Current function value: 1.2193956E7
s**********************************************: 3
Current result: {762,794,795,796,797,828,829,861}
Current function value: 1.270733820353067E7
s**********************************************: 4
Current result: {762,763,764,796,797,798,829,830,861,862,894,926}
Current function value: 1.4418489233023167E7
s**********************************************: 5
Current result: {762,763,764,765,796,797,798,799,829,831,863,895}
Current function value: 1.2908305329194052E7
s**********************************************: 6
Current result: {763,764,765,797,829,830,862,894,926}
Current function value: 1.2797761E7
s**********************************************: 7
Current result: {762,763,764,765,797,828,829,830,862,894,926}
Current function value: 1.4038225E7
s**********************************************: 8
Current result: {763,765,795,796,797,798,828,829,830,860,861,862,893,894,895,927,959}
Current function value: 1.7301209E7
s**********************************************: 9
Current result: {763,765,794,795,796,797,798,799,827,829,830,831,860,861,862,863,894,926}
Current function value: 1.8048641E7
s**********************************************: 10
Current result: {448,449,450,480,512,513,545,576,577,608,609,610,611,612,613,614,615,616,617,618,619,620,621,622,654,655,656,657,658,659,660,692,724,725,726,758,759,760,761,762,763,764,765,766,767,795,799,830,831,860,861,862,863,893,895,925,926,927,959}
Current function value: 2.0559353569202185E7
s**********************************************: 11
Current result: {449,450,482,512,514,544,546,576,577,578,579,580,612,613,614,615,647,648,649,650,682,714,715,747,748,749,750,751,752,753,754,755,756,757,758,759,760,761,762,763,764,765,795,796,797,798,829,830,831,861,863,893,894,895,926,927,958,959}
Current function value: 2.375873628965699E7
s**********************************************: 12
Current result: {762,763,765,795,796,797,799,828,830,831,860,861,862,863,892,893,894,895,926,927,959}
Current function value: 1.8606282E7
s**********************************************: 13
Current result: {448,480,481,512,513,544,576,577,578,579,580,581,582,583,584,616,617,649,650,651,683,715,716,748,749,750,751,752,753,754,755,756,757,758,759,760,761,762,763,795,796,797,799,828,829,830,831,861,862,863,894,895,925,926,927,958}
Current function value: 1.8934692098443314E7
s**********************************************: 14
Current result: {448,449,450,480,481,513,514,546,578,608,609,610,611,612,613,614,615,616,617,618,619,620,652,684,685,717,749,750,782,783,784,785,786,787,788,789,790,791,792,793,794,795,796,799,828,829,830,831,860,892,893,894,926,958,959}
Current function value: 1.5997075894202761E7
s**********************************************: 15
Current result: {449,450,480,481,513,545,546,547,548,549,550,551,552,553,554,577,586,587,588,620,621,622,654,655,687,719,751,752,753,754,755,756,757,758,759,760,761,762,763,764,765,797,799,828,829,830,831,860,861,862,893,894,895,925,926,927,959}
Current function value: 1.9430546E7
sRESULT**********************************************: 
result subgraph is: [762, 794, 795, 796, 797, 828]
------------------------------ test ends --------------------------------
