
------------------------------ test starts ------------------------------ 
s**********************************************: 2
Current result: {763,795,827,828}
Current function value: 1.1618689E7
s**********************************************: 3
Current result: {762}
Current function value: 1.1323521E7
s**********************************************: 4
Current result: {765,796,797,828,829,861}
Current function value: 1.2275044E7
s**********************************************: 5
Current result: {765,796,797,829,861}
Current function value: 1.2646656E7
s**********************************************: 6
Current result: {797,798,828,829,830,861,862,894,926,927}
Current function value: 1.4872576E7
s**********************************************: 7
Current result: {762,763,795,796,828,829,830,831,862,863,894,895,926}
Current function value: 1.4344201E7
s**********************************************: 8
Current result: {763,764,765,795,796,797,798,799,829,830,831,860,861,893,925,926,927,959}
Current function value: 1.6189469E7
s**********************************************: 9
Current result: {763,764,765,795,796,797,828,829,830,831,860,862,863,894,926,958,959}
Current function value: 1.6568723E7
s**********************************************: 10
Current result: {762,763,764,765,766,794,795,796,797,798,799,827,829,861,862,863,894,895,925,926}
Current function value: 1.6975913E7
s**********************************************: 11
Current result: {448,480,512,544,545,546,576,578,579,580,581,613,614,646,647,648,649,650,651,652,684,685,686,687,719,751,752,753,754,755,756,757,758,759,760,761,762,764,766,767,794,795,796,797,798,799,827,828,830,860,861,862,893,894,895}
Current function value: 1.904753E7
s**********************************************: 12
Current result: {512,513,544,546,576,577,578,579,580,581,582,583,584,585,586,587,588,589,590,622,623,624,625,626,627,628,629,630,662,663,664,665,697,698,730,762,763,795,796,797,829,830,831,863}
Current function value: 1.4138324442215148E7
s**********************************************: 13
Current result: {448,449,450,480,512,513,544,545,546,576,577,578,579,580,581,582,583,584,585,586,587,588,589,590,591,608,623,624,656,688,720,721,722,723,724,725,726,727,759,760,761,762,765,794,797,798,799,826,827,828,829,830,831,861,893,925,926,927,958,959}
Current function value: 2.252031E7
s**********************************************: 14
Current result: {449,450,481,512,513,544,545,546,576,577,578,579,580,581,582,583,584,585,586,587,588,589,609,621,653,685,686,687,688,689,721,722,723,724,725,726,758,790,791,792,793,794,795,796,797,829,830,860,861,862,863,894,895,926,927,958}
Current function value: 1.9296076E7
s**********************************************: 15
Current result: {449,481,513,544,545,546,577,609,610,611,612,613,645,646,647,648,649,681,682,683,715,716,717,749,750,751,752,753,754,755,756,757,758,759,760,761,762,763,795,797,798,799,827,828,829,830,860,861,862,863,894,926,958}
Current function value: 1.9446488E7
sRESULT**********************************************: 
result subgraph is: [762]
------------------------------ test ends --------------------------------
