
------------------------------ test starts ------------------------------ 
s**********************************************: 2
Current result: {763}
Current function value: 1.13257E7
s**********************************************: 3
Current result: {762,763,795,827,828,829,830,860,861}
Current function value: 1.2684816E7
s**********************************************: 4
Current result: {796,797,829,830,831,862,894,926,958,959}
Current function value: 1.2990321E7
s**********************************************: 5
Current result: {796,828,829,861}
Current function value: 1.1941249E7
s**********************************************: 6
Current result: {762,794,795,796,798,828,829,830,831,862,863,893,894,926,927}
Current function value: 1.5849054E7
s**********************************************: 7
Current result: {764,765,796,797,799,829,830,831,861,863,893,895,927,959}
Current function value: 1.3780529E7
s**********************************************: 8
Current result: {765,795,796,797,798,828,830,831,860,861,862,893,925,926,927,959}
Current function value: 1.688333E7
s**********************************************: 9
Current result: {449,481,512,513,514,546,577,578,579,580,581,582,583,584,585,586,587,588,589,590,591,592,593,594,609,626,658,690,691,692,693,725,757,758,759,760,761,762,763,764,796,797,798,830,831,861,862,863,893,925,957,958,959}
Current function value: 1.8602833E7
s**********************************************: 10
Current result: {512,513,545,576,577,578,579,580,581,582,583,584,585,586,608,618,619,651,683,684,716,717,718,719,720,752,764,765,784,785,786,787,788,796,820,821,822,823,824,825,826,827,828,829,830,831,863,893,894,895,926,927,959}
Current function value: 1.7598833E7
s**********************************************: 11
Current result: {448,449,450,480,481,513,544,545,576,577,578,579,580,581,582,583,584,585,586,587,588,589,590,591,592,593,608,625,626,627,659,691,723,755,756,757,758,759,760,761,762,763,765,766,767,795,796,797,799,828,831,860,863,894,895,926,927,958}
Current function value: 1.834985E7
s**********************************************: 12
Current result: {764,796,797,799,827,828,829,830,831,861,863,895,927,958,959}
Current function value: 1.5181016E7
s**********************************************: 13
Current result: {762,763,764,765,795,796,797,798,829,830,860,861,893,894,926,927,958,959}
Current function value: 1.7330582E7
s**********************************************: 14
Current result: {762,764,765,794,795,796,828,829,830,831,861,863,893,894,926,927,959}
Current function value: 1.650615E7
s**********************************************: 15
Current result: {448,449,481,513,545,576,577,578,608,610,642,643,644,676,677,678,679,711,712,713,745,746,747,748,749,750,751,752,753,754,755,756,757,758,759,760,761,762,764,765,766,794,795,796,797,828,829,830,831,860,863,893,894,895,925,927,958,959}
Current function value: 2.1411421E7
sRESULT**********************************************: 
result subgraph is: [763]
------------------------------ test ends --------------------------------
