
------------------------------ test starts ------------------------------ 
s**********************************************: 2
Current result: {763}
Current function value: 1.1308324E7
s**********************************************: 3
Current result: {762,763,764,765,797,829,861}
Current function value: 1.1866825E7
s**********************************************: 4
Current result: {422,423,455,456,457,458,459,460,492,493,494,495,496,528,529,530,562,594,595,627,628,629,661,693,725,757,758,759,760,761,762,763,764,796}
Current function value: 1.1560049E7
s**********************************************: 5
Current result: {762,763,764,796,798,828,829,830,861,893,894,926}
Current function value: 1.4019222E7
s**********************************************: 6
Current result: {762,763,764,765,796,797,798,828,829,861,862,893}
Current function value: 1.4358649E7
s**********************************************: 7
Current result: {761,762,763,764,765,795,796,797,828,829,830,831,861,893,894}
Current function value: 1.5106091069750391E7
s**********************************************: 8
Current result: {763,764,765,795,797,799,829,831,860,861,862,863,892,894,895,927}
Current function value: 1.471946E7
s**********************************************: 9
Current result: {762,794,795,796,797,798,799,828,829,831,861,863,894,895,926,927,959}
Current function value: 1.6943997E7
s**********************************************: 10
Current result: {762,763,764,765,766,767,794,795,797,798,799,827,828,830,861,862,863,893,894,926,927}
Current function value: 1.6927658178398665E7
s**********************************************: 11
Current result: {449,450,480,481,512,544,545,546,577,608,609,610,611,612,613,614,615,616,648,649,681,682,714,715,716,717,749,750,751,752,753,754,755,756,757,758,759,760,761,762,763,795,799,827,828,829,831,861,862,863,893}
Current function value: 1.7318773E7
s**********************************************: 12
Current result: {762,794,795,796,797,798,799,827,830,831,862,863,893,894,895,926,958}
Current function value: 1.6241819147028431E7
s**********************************************: 13
Current result: {660}
Current function value: 9549592.0
s**********************************************: 14
Current result: {471,472,503,504,535,536,567,599,631,663,695,727,728,729,761,762,763,764,793,794,796,797,798,799,828,830,831,860,862,892,894,926,958,959}
Current function value: 1.7769681015012648E7
s**********************************************: 15
Current result: {450,482,514,545,546,547,548,549,550,551,576,577,583,615,616,648,649,650,651,683,715,747,748,749,750,751,752,753,754,755,756,757,758,759,760,761,762,763,764,766,767,795,797,798,827,828,829,830,860,861,862,863,892,893,894,895,925,927,959}
Current function value: 1.8994853E7
sRESULT**********************************************: 
result subgraph is: [660]
------------------------------ test ends --------------------------------
