
------------------------------ test starts ------------------------------ 
s**********************************************: 2
Current result: {762,794,795,796}
Current function value: 1.1616256E7
s**********************************************: 3
Current result: {797,829,830,862,894,926}
Current function value: 1.2966724E7
s**********************************************: 4
Current result: {797,828,829,830,862,893,894,926}
Current function value: 1.3421469782701649E7
s**********************************************: 5
Current result: {762,763,764,765,797,829,830,861,862,863,895}
Current function value: 1.4385321E7
s**********************************************: 6
Current result: {763,795,796,797,798,830,862,893,894,926,927,959}
Current function value: 1.4240817E7
s**********************************************: 7
Current result: {765,795,796,797,798,799,829,831,860,861,863,892,893,894,925}
Current function value: 1.524204859647008E7
s**********************************************: 8
Current result: {532}
Current function value: 9254213.0
s**********************************************: 9
Current result: {448,449,450,481,513,545,577,608,609,610,611,612,613,614,615,616,617,618,619,651,652,653,654,655,687,688,720,752,753,765,785,786,787,788,789,790,791,792,793,794,795,797,827,828,829,830,831,859,862,894,926,927,959}
Current function value: 1.8011065E7
s**********************************************: 10
Current result: {448,450,480,481,482,483,512,514,545,546,577,578,579,580,581,582,583,584,585,586,587,588,589,590,591,592,593,594,595,627,659,660,661,693,694,695,727,759,760,761,762,763,765,795,797,827,828,829,830,831,861,863,893,894,895,926}
Current function value: 1.8524485E7
s**********************************************: 11
Current result: {762,763,795,797,827,828,829,830,831,860,861,862,863,893,925,926,958,959}
Current function value: 1.7335962E7
s**********************************************: 12
Current result: {448,449,450,480,512,544,545,576,577,578,579,580,581,582,583,584,585,586,587,588,620,621,622,654,655,687,719,751,752,753,754,755,756,757,758,759,760,761,762,765,794,795,796,797,828,829,831,860,861,862,863,893,894,895,925,927,959}
Current function value: 1.8272498E7
s**********************************************: 13
Current result: {480,481,513,545,546,547,548,549,550,551,583,584,585,586,587,588,589,621,653,685,717,718,719,751,752,753,754,755,756,757,758,759,760,761,762,765,794,795,796,797,798,799,827,829,830,861,862,863,893,894,895,925,926}
Current function value: 2.1164243E7
s**********************************************: 14
Current result: {450,482,513,514,544,545,546,578,579,580,581,582,583,584,585,586,587,588,589,590,591,623,624,625,626,627,628,660,661,693,725,757,758,765,790,791,792,797,799,824,825,826,827,828,829,830,831,860,861,862,894,895,926,958,959}
Current function value: 1.8617014E7
s**********************************************: 15
Current result: {536,567,568,599,631,663,695,696,728,729,730,762,765,766,794,795,796,797,799,829,830,831,860,861,862,893,894,925,926,927,958,959}
Current function value: 2.0073294E7
sRESULT**********************************************: 
result subgraph is: [532]
------------------------------ test ends --------------------------------
