
------------------------------ test starts ------------------------------ 
s**********************************************: 2
Current result: {762,763,795,796,828}
Current function value: 1.1957401E7
s**********************************************: 3
Current result: {763}
Current function value: 1.1327881E7
s**********************************************: 4
Current result: {450,451,483,484,485,486,487,488,520,521,522,554,555,587,619,620,652,653,685,717,749,750,751,752,753,765,785,786,787,788,789,790,791,792,793,794,795,796,797,829,861,862,894}
Current function value: 1.3017409E7
s**********************************************: 5
Current result: {796,797,828}
Current function value: 1.1943936E7
s**********************************************: 6
Current result: {762,763,764,795,796,797,798,799,828,829,830,831,863}
Current function value: 1.6521596E7
s**********************************************: 7
Current result: {762,763,764,765,795,796,797,798,799,828,830,862,863,895,927,959}
Current function value: 1.5881389E7
s**********************************************: 8
Current result: {763,795,796,797,798,828,829,831,860,861,862,863,894,926,927,958,959}
Current function value: 1.7589406E7
s**********************************************: 9
Current result: {796,797,798,829,830,831,861,862,863,893,894,895,926,927}
Current function value: 1.7221329E7
s**********************************************: 10
Current result: {762,763,764,795,796,797,798,799,828,831,859,860,863,893,894,895,926,927,959}
Current function value: 1.7237978E7
s**********************************************: 11
Current result: {762,763,795,798,799,827,828,829,830,831,863,895,927}
Current function value: 1.5397464E7
s**********************************************: 12
Current result: {449,450,480,481,512,544,545,546,547,548,549,550,551,552,553,554,555,556,557,558,559,560,561,576,577,593,594,608,626,627,659,660,661,662,694,695,727,759,760,761,762,794,795,796,797,798,828,829,830,831,860,861,863,893,894,895,927,958,959}
Current function value: 2.3420443284726106E7
s**********************************************: 13
Current result: {450,480,481,482,512,513,514,546,576,577,578,579,580,581,582,583,584,585,586,587,608,609,619,651,683,715,747,748,749,750,751,752,753,754,755,756,757,758,759,760,761,762,763,795,796,799,828,829,831,861,862,863,894,895,926,927,958,959}
Current function value: 1.9277368E7
s**********************************************: 14
Current result: {448,480,512,513,545,546,547,579,580,581,582,614,615,616,617,618,619,651,652,684,685,686,687,688,720,752,753,754,755,756,757,758,759,760,761,762,763,764,765,794,795,797,799,827,829,831,861,862,863,893,894,926}
Current function value: 1.8017081161362153E7
s**********************************************: 15
Current result: {764,766,795,796,797,798,827,828,829,830,861,862,863,893,894,895,926,958}
Current function value: 1.503002513148183E7
sRESULT**********************************************: 
result subgraph is: [763]
------------------------------ test ends --------------------------------
