
------------------------------ test starts ------------------------------ 
s**********************************************: 2
Current result: {762,763,764,796}
Current function value: 1.1703601694497952E7
s**********************************************: 3
Current result: {762,763,795,796,828}
Current function value: 1.1890576E7
s**********************************************: 4
Current result: {762,763,764,765,796,797,828,860,861}
Current function value: 1.2543201E7
s**********************************************: 5
Current result: {765,797,798,829,861,893,894,895,927,959}
Current function value: 1.3838534E7
s**********************************************: 6
Current result: {796,797,799,829,830,831,861,862,863,895,926,927}
Current function value: 1.5248745987068705E7
s**********************************************: 7
Current result: {762,763,764,765,796,797,798,828,829,830,831,861,893,894,926}
Current function value: 1.652343293343842E7
s**********************************************: 8
Current result: {448,450,480,481,482,512,544,545,546,577,578,579,580,581,582,583,584,585,586,587,588,589,590,591,592,593,594,595,609,627,628,660,692,693,694,695,696,697,729,761,762,763,764,765,766,767,797,799,829,861,862,893,894,895,926,927,959}
Current function value: 1.9468369902488336E7
s**********************************************: 9
Current result: {762,763,764,765,795,797,829,830,831,860,861,862,893,894,895,926,927,958,959}
Current function value: 1.8767709795330614E7
s**********************************************: 10
Current result: {450,482,513,514,544,545,576,577,578,579,580,581,582,614,615,616,617,618,650,682,714,746,747,748,749,750,751,752,753,754,755,756,757,758,759,760,761,762,763,764,765,766,794,795,796,828,860,892,895,924,925,926,927}
Current function value: 1.6995478407390345E7
s**********************************************: 11
Current result: {449,450,481,512,513,544,545,546,576,608,609,610,611,612,613,614,615,616,617,618,619,620,621,622,654,655,656,688,689,721,722,723,724,756,757,758,759,760,761,762,763,764,796,797,798,829,830,831,860,861,863,892,893,894,895,927,959}
Current function value: 2.1353442221254487E7
s**********************************************: 12
Current result: {448,449,481,513,544,545,546,547,548,576,577,580,581,608,613,614,615,616,617,618,650,682,714,746,763,764,765,778,779,780,781,782,783,784,785,786,787,788,789,790,791,792,793,794,795,797,798,799,827,828,829,831,863,893,894,895,925,926,958}
Current function value: 2.2217537E7
s**********************************************: 13
Current result: {449,450,451,452,453,485,486,487,488,489,490,522,523,524,525,526,527,528,529,530,562,563,564,596,628,660,692,693,725,757,758,759,760,761,762,764,765,766,794,795,796,798,799,828,830,831,860,862,863,893,894,926,958}
Current function value: 1.7833861E7
s**********************************************: 14
Current result: {448,449,450,481,482,513,544,545,546,576,578,579,580,581,582,583,608,609,615,616,648,649,681,713,714,715,747,748,749,750,751,752,753,754,755,756,757,758,759,760,761,762,766,794,795,796,797,798,799,827,828,831,862,863,894,895,927,958,959}
Current function value: 2.2206488E7
s**********************************************: 15
Current result: {503,535,567,599,631,663,695,727,728,729,761,762,763,794,795,796,797,798,828,860,861,863,893,894,895,925,926,927,958,959}
Current function value: 1.9952568E7
sRESULT**********************************************: 
result subgraph is: [762, 763, 764, 796]
------------------------------ test ends --------------------------------
