
------------------------------ test starts ------------------------------ 
s**********************************************: 2
Current result: {734}
Current function value: 1.0669846680169508E7
s**********************************************: 3
Current result: {830,831,862,863,894,926}
Current function value: 1.2067610179335807E7
s**********************************************: 4
Current result: {830,831,861,862,863,893,895,927,959}
Current function value: 1.247643418280385E7
s**********************************************: 5
Current result: {765,797,799,829,830,831,862,863,895,926,927,959}
Current function value: 1.3640917415856771E7
s**********************************************: 6
Current result: {765,797,798,799,831,862,863,893,894,895,927,959}
Current function value: 1.2899786348631028E7
s**********************************************: 7
Current result: {448,449,450,480,482,512,514,544,546,578,579,580,581,582,583,584,585,586,587,588,589,590,591,592,624,625,626,658,690,691,692,693,725,757,758,759,791,792,793,794,795,796,797,798,799,829,830,831,863,895,926,927}
Current function value: 1.4426641E7
s**********************************************: 8
Current result: {122}
Current function value: 9987307.44735746
s**********************************************: 9
Current result: {448,449,450,480,481,482,513,514,544,545,576,577,578,579,611,612}
Current function value: 1.0974418453465886E7
s**********************************************: 10
Current result: {448,449,450,480,482,512,514,544,576,577,578,579,580,581,582,583,584,585,586,587,588,589,590,591,592,593,625,657,689,721,753,754,755,756,757,758,759,760,761,762,763,764,765,796,797,798,799,830,831,861,862,863,895,927,958,959}
Current function value: 1.6843252357347142E7
s**********************************************: 11
Current result: {482,514,546,547,548,580,581,582,583,615,616,617,649,650,651,652,653,654,655,687,688,720,721,753,754,755,756,757,758,759,760,761,762,763,764,796,797,798,799,828,829,830,860,861,862,863,893,895,927,958,959}
Current function value: 1.4201639660638507E7
s**********************************************: 12
Current result: {168}
Current function value: 1.0328926E7
s**********************************************: 13
Current result: {448,449,450,482,514,546,547,548,576,577,578,579}
Current function value: 1.0625205167676695E7
s**********************************************: 14
Current result: {450,451,480,481,482,483,484,485,486,487,488,512,513,514,544,546,577,578}
Current function value: 7198606.597512286
s**********************************************: 15
Current result: {631,663,695,725,726,727,759,760,761,762,763,765,795,797,827,829,831,859,861,862,863,891,892,893,894,895,925,927}
Current function value: 1.3326059213079449E7
sRESULT**********************************************: 
result subgraph is: [450, 451, 480, 481, 482, 483, 484, 485, 486, 487, 488, 512, 513, 514, 544, 546, 577, 578]
------------------------------ test ends --------------------------------
