
------------------------------ test starts ------------------------------ 
s**********************************************: 2
Current result: {861}
Current function value: 1.1110927262382407E7
s**********************************************: 3
Current result: {830,831,862,863,894,926}
Current function value: 1.2222335455323063E7
s**********************************************: 4
Current result: {830,831,862,863,893,894,895,927,959}
Current function value: 1.2305269346279142E7
s**********************************************: 5
Current result: {546,576,577,578,579,580,581,582,583,584,585,586,587,588,589,590,591,592,593,625,626,658,659,691,723,755,787,788,789,790,822,823,824,825,826,827,828,829,830,831,861,862,894,926,927}
Current function value: 1.4105664E7
s**********************************************: 6
Current result: {736}
Current function value: 1.0202434E7
s**********************************************: 7
Current result: {448,449,450,480,512,544,546,576,577,578,579,580,581,582,583,584,585,586,587,588,589,590,591,592,593,594,595,627,659,691,723,755,756,788,789,790,791,792,793,794,795,796,797,798,830,831,861,862,863,893,895,925,926,958,959}
Current function value: 1.5521345E7
s**********************************************: 8
Current result: {448,449,480,481,482,512,544,576,577,578,609,610,611,612,613,614,615,616,617,618,619,620,621,622,623,624,656,657,658,690,722,754,755,756,757,758,759,760,761,762,763,764,765,797,798,829,860,861,862,863,893,894,926,927,958,959}
Current function value: 1.810403E7
s**********************************************: 9
Current result: {761,762,794,795,796,797,827,828,831,860,862,863,892,893,894,926,927,959}
Current function value: 1.4110373015698886E7
s**********************************************: 10
Current result: {762,763,764,765,794,795,797,798,799,828,829,830,831,860,861,862,863,892,893,895,925,927}
Current function value: 1.722151129423064E7
s**********************************************: 11
Current result: {471,503,504,535,567,599,631,663,664,696,728,760,761,762,763,795,796,797,798,827,829,830,831,861,863,892,893,894,926,927,958,959}
Current function value: 1.851740924725544E7
s**********************************************: 12
Current result: {472,504,536,567,568,599,631,663,695,727,759,760,761,762,794,795,799,827,828,831,860,861,862,863,893,894,895,927,959}
Current function value: 1.6026398986275744E7
s**********************************************: 13
Current result: {727,759,760,761,762,763,764,765,795,796,797,798,799,827,828,829,831,860,861,862,893,894,895,925,926,958}
Current function value: 1.6495152E7
s**********************************************: 14
Current result: {471,503,535,536,568,600,632,664,696,728,760,761,762,794,795,796,797,798,799,826,828,829,830,831,860,861,862,863,893,895,925,926,927,958}
Current function value: 1.9275305E7
s**********************************************: 15
Current result: {631,663,692,695,724,725,726,727,759,760,761,762,763,795,796,797,798,827,828,830,861,862,863,892,893,925,926,957,958,959}
Current function value: 1.337113674493898E7
sRESULT**********************************************: 
result subgraph is: [736]
------------------------------ test ends --------------------------------
