
------------------------------ test starts ------------------------------ 
s**********************************************: 2
Current result: {959}
Current function value: 1.10592E7
s**********************************************: 3
Current result: {829,861,862,863,895}
Current function value: 1.19872E7
s**********************************************: 4
Current result: {829,830,831,861,862,863,894}
Current function value: 1.2457337483367441E7
s**********************************************: 5
Current result: {829,830,831,861,862,893,894,926}
Current function value: 1.2187189611306699E7
s**********************************************: 6
Current result: {798,799,831,861,862,863,894,895,926,927,959}
Current function value: 1.222895492512855E7
s**********************************************: 7
Current result: {448,449,450,480,482,512,514,544,546,578,579,580,581,582,583,584,585,586,618,619,620,652,653,654,686,687,719,751,752,753,754,755,756,757,758,759,760,761,762,763,764,765,797,798,799,830,831,863,893,894,895,926,927}
Current function value: 1.5937853105648514E7
s**********************************************: 8
Current result: {448,450,480,481,482,512,514,544,546,576,578,579,580,581,582,583,584,585,586,587,619,620,621,622,623,655,656,688,720,752,753,754,755,756,757,758,759,760,761,762,763,764,796,797,798,799,831,862,863,894,926,958,959}
Current function value: 1.5333709700887807E7
s**********************************************: 9
Current result: {448,449,450,480,482,512,514,544,546,576,578,579,580,581,582,614,615,616,648,649,681,713,745,746,747,748,749,750,751,752,753,754,755,756,757,758,759,760,761,762,763,764,765,796,797,798,799,828,830,831,863,895,927,959}
Current function value: 1.5489434630016666E7
s**********************************************: 10
Current result: {448,449,450,480,482,512,514,515,516,517,518,519,520,521,522,523,524,525,526,527,528,529,530,531,532,533,534,535,546,567,577,578,599,631,663,695,696,697,729,730,762,763,764,765,797,798,829,830,831,861,863,893,895,926,927,958,959}
Current function value: 1.5977500599464808E7
s**********************************************: 11
Current result: {762,763,764,765,795,797,798,799,830,831,861,862,863,893,895,926,927,959}
Current function value: 1.4238967744052995E7
s**********************************************: 12
Current result: {469}
Current function value: 9618645.0
s**********************************************: 13
Current result: {762,765,794,795,796,797,798,799,829,831,861,863,894,895,926,927,958}
Current function value: 1.4174712182417613E7
s**********************************************: 14
Current result: {448,449,480,512,513,544,576,608,609,610,642,643,644,645,646,647,648,649,650,682,683,715,716,717,749,750,751,752,753,754,755,756,757,758,759,760,761,762,794,795,796,797,798,829,830,861,893,894,895,926,927}
Current function value: 1.458480885356145E7
s**********************************************: 15
Current result: {115}
Current function value: 9805107.0
sRESULT**********************************************: 
result subgraph is: [469]
------------------------------ test ends --------------------------------
