
------------------------------ test starts ------------------------------ 
s**********************************************: 2
Current result: {829,830,861,862}
Current function value: 1.1597448976180889E7
s**********************************************: 3
Current result: {829,830,831,861,862,863,893,894,895,927}
Current function value: 1.3768982E7
s**********************************************: 4
Current result: {829,830,861,862,894,926}
Current function value: 1.2068621046753675E7
s**********************************************: 5
Current result: {797,799,829,830,831,861,863,893,894,895,926}
Current function value: 1.3679109472414915E7
s**********************************************: 6
Current result: {678}
Current function value: 1.0568377204884965E7
s**********************************************: 7
Current result: {797,828,829,830,831,861,862,863,893,894,926,927,958,959}
Current function value: 1.430777E7
s**********************************************: 8
Current result: {449,450,480,482,512,514,544,546,576,577,578,610,642,674,706,738,770,771,772,773,774,775,776,799,808,809,810,811,830,831,843,844,845,846,847,848,849,850,851,852,853,854,855,856,857,858,859,860,861,862,863,895,926,927,959}
Current function value: 1.61256244567408E7
s**********************************************: 9
Current result: {448,450,471,472,480,482,503,504,512,513,514,515,516,517,518,519,520,521,522,523,524,525,526,527,528,529,530,531,532,533,534,535,544,546,567,576,578,599,631,663,695,727,759,760,761,762,763,764,765,797,798,799,829,830,831,861,863,893,894,895,927}
Current function value: 1.8504693597255707E7
s**********************************************: 10
Current result: {765,797,798,799,829,830,831,861,862,863,893,894,895,927,959}
Current function value: 1.4875917E7
s**********************************************: 11
Current result: {448,449,480,481,482,512,514,515,547,548,549,581,613,614,615,647,679,711,712,713,714,715,716,748,749,750,751,752,753,754,755,756,757,758,759,760,761,762,765,794,795,796,797,799,829,830,831,861,862,863,893,894,895,926,927,959}
Current function value: 1.7426438932368916E7
s**********************************************: 12
Current result: {727,759,760,761,765,793,794,795,796,797,798,799,827,828,829,830,831,860,861,862,863,895,927,958,959}
Current function value: 1.73239223636653E7
s**********************************************: 13
Current result: {448,449,480,512,514,544,545,546,547,548,549,576,577,581,582}
Current function value: 1.1351867359683387E7
s**********************************************: 14
Current result: {165}
Current function value: 1.0083633E7
s**********************************************: 15
Current result: {599,631,663,695,727,728,729,761,762,763,764,765,794,795,796,797,798,799,827,829,831,859,860,862,863,892,894,895,927,958,959}
Current function value: 1.69299720934074E7
sRESULT**********************************************: 
result subgraph is: [165]
------------------------------ test ends --------------------------------
