
------------------------------ test starts ------------------------------ 
s**********************************************: 2
Current result: {829,861}
Current function value: 1.1469316E7
s**********************************************: 3
Current result: {829,830,831,861,862,863,895,927,959}
Current function value: 1.3417321E7
s**********************************************: 4
Current result: {798,799,828,829,830,831,860,861,863,893,894,895,926,927}
Current function value: 1.5085125E7
s**********************************************: 5
Current result: {799,829,831,861,863,893,894,895,926,927,959}
Current function value: 1.2721437E7
s**********************************************: 6
Current result: {829,831,860,861,862,863,894,895,926,927,958,959}
Current function value: 1.336703413688248E7
s**********************************************: 7
Current result: {450,482,512,514,544,545,546,547,576,579,611,612,613,645,646,678,679,711,712,713,714,715,716,748,749,750,751,752,753,754,755,756,757,758,759,760,761,762,763,764,765,797,799,829,830,831,861,893,894,926,927}
Current function value: 1.3522146183632627E7
s**********************************************: 8
Current result: {799,828,829,830,831,861,862,863,893,894,895,927,959}
Current function value: 1.4384982E7
s**********************************************: 9
Current result: {727,759,760,761,762,763,765,795,797,827,828,829,830,831,861,863,892,893,894,895,927}
Current function value: 1.4945338E7
s**********************************************: 10
Current result: {601}
Current function value: 9790622.0
s**********************************************: 11
Current result: {448,449,450,480,482,512,544,545,577,578,579,580,581,582,583,584,585,586,587,619,651,683,684,685,686,687,688,720,752,753,754,755,756,757,758,759,760,761,762,763,765,795,796,797,798,829,830,831,860,862,892,893,894,926,927,959}
Current function value: 1.962064E7
s**********************************************: 12
Current result: {727,759,760,761,762,763,764,765,766,794,797,798,799,828,829,831,860,863,892,893,895,927,959}
Current function value: 1.5079114790796231E7
s**********************************************: 13
Current result: {762,763,765,795,796,797,798,799,828,831,862,863,893,894,926,927,959}
Current function value: 1.5045126E7
s**********************************************: 14
Current result: {503,504,535,567,599,631,663,694,695,725,726,758,759,760,761,762,763,765,794,795,796,797,798,799,827,830,859,861,862,863,892,893,925,926,957,958,959}
Current function value: 2.226398355447118E7
s**********************************************: 15
Current result: {728,760,761,762,794,795,796,797,798,799,827,831,862,863,891,892,893,894,925,926,957}
Current function value: 1.1715273735454012E7
sRESULT**********************************************: 
result subgraph is: [601]
------------------------------ test ends --------------------------------
