
------------------------------ test starts ------------------------------ 
s**********************************************: 2
Current result: {829,830,861,862,894}
Current function value: 1.186902189709798E7
s**********************************************: 3
Current result: {829,830,831,863,895,926,927,959}
Current function value: 1.2460593716539785E7
s**********************************************: 4
Current result: {830,861,862,894,926}
Current function value: 1.1294872879922621E7
s**********************************************: 5
Current result: {797,799,829,830,831,862,863,894,895}
Current function value: 1.2279106956080768E7
s**********************************************: 6
Current result: {831,862,863,894,926,927}
Current function value: 1.2245904E7
s**********************************************: 7
Current result: {448,480,512,513,514,515,516,517,518,519,520,521,522,523,544,555,556,557,558,559,560,561,562,563,564,596,597,629,661,693,694,695,696,728,760,792,793,794,795,796,797,798,799,831,862,863,894,895,927}
Current function value: 1.2861567353729311E7
s**********************************************: 8
Current result: {448,449,450,451,452,453,454,455,480,487,519,520,552,584,616,617,618,650,651,683,684,716,717,718,750,751,783,784,785,786,787,788,789,821,853,854,855,856,857,858,859,860,861,862,863,894,926,927,959}
Current function value: 1.2182201657857498E7
s**********************************************: 9
Current result: {544,576,577,609,610,611,612,613,614,615,616,617,618,619,620,652,684,685,686,687,688,720,721,722,723,724,725,757,758,759,760,761,762,763,764,765,797,829,830,831,861,862,863,894,895,925,926,927,958,959}
Current function value: 1.4378575356852189E7
s**********************************************: 10
Current result: {448,449,450,480,482,512,514,544,576,577,578,579,580,581,582,583,584,585,586,587,619,620,652,653,685,717,718,719,751,752,784,785,786,787,788,789,790,791,792,793,794,795,796,797,799,829,831,861,862,863,895,927,959}
Current function value: 1.5606913649120245E7
s**********************************************: 11
Current result: {764,765,796,797,798,799,829,830,831,861,862,863,894,895,926,927,958}
Current function value: 1.4816919805595497E7
s**********************************************: 12
Current result: {763,764,765,796,797,798,799,829,861,862,893,894,895,926,958,959}
Current function value: 1.4262511963269396E7
s**********************************************: 13
Current result: {448,449,450,480,512,544,576,608,609,610,611,612,644,645,646,647,648}
Current function value: 6251649.0
s**********************************************: 14
Current result: {471,472,503,504,535,567,599,631,663,695,727,759,760,761,762,763,794,795,796,797,799,826,828,829,830,831,862,894,895,927,958,959}
Current function value: 1.747268E7
s**********************************************: 15
Current result: {448,449,480,481,482,514,546,547,548,549,550,551,552,553,554,555,556,557,558,559,560,561,562,563,595,627,659,660,692,693,725,757,758,759,791,792,793,794,795,796,797,829,830,831,861,863,893,895,925}
Current function value: 1.3526942356996184E7
sRESULT**********************************************: 
result subgraph is: [448, 449, 450, 480, 512, 544, 576, 608, 609, 610, 611, 612, 644, 645, 646, 647, 648]
------------------------------ test ends --------------------------------
