
------------------------------ test starts ------------------------------ 
s**********************************************: 2
Current result: {829,830,831,863}
Current function value: 1.1466272308919432E7
s**********************************************: 3
Current result: {861,862,863,894,895,926}
Current function value: 1.24785E7
s**********************************************: 4
Current result: {862,863,894,895,927,959}
Current function value: 1.184127207174201E7
s**********************************************: 5
Current result: {765,797,798,799,829,830,861,862,863,893,894,895,926,927,959}
Current function value: 1.5260337E7
s**********************************************: 6
Current result: {765,797,798,799,829,831,861,863,893,894,926,927,959}
Current function value: 1.2939861998857573E7
s**********************************************: 7
Current result: {450,471,480,481,482,483,484,485,486,487,488,489,490,491,492,493,494,495,496,497,498,499,500,501,502,503,504,512,535,544,567,576,577,578,599,631,663,695,727,759,760,792,793,794,798,826,827,828,829,830,831,861,863,893,895,926,927}
Current function value: 1.7382537E7
s**********************************************: 8
Current result: {448,449,450,482,514,545,546,577,578,579,580,581,582,583,584,585,586,587,588,620,652,684,716,717,718,750,751,752,753,754,755,756,757,758,759,760,761,762,763,764,765,797,798,829,830,831,862,863,894,895,927,958,959}
Current function value: 1.4753207512956552E7
s**********************************************: 9
Current result: {157}
Current function value: 9684931.0
s**********************************************: 10
Current result: {448,450,471,480,482,483,484,485,486,487,488,489,490,491,492,493,494,495,496,497,498,499,500,501,502,503,504,512,514,535,536,537,544,546,569,576,577,578,601,602,603,604,605,637,669,701,733,765,797,798,799,829,831,861,862,863,895}
Current function value: 1.7270165E7
s**********************************************: 11
Current result: {482,512,513,514,544,546,547,576,579,580,581,582,583,584,616,617,618,650,682,714,746,747,748,749,750,751,752,753,754,755,756,757,758,759,760,761,762,763,765,795,796,797,798,799,829,830,831,861,862,863,893,894,895,926}
Current function value: 1.6059281E7
s**********************************************: 12
Current result: {504,535,536,568,569,601,633,665,666,667,699,731,763,795,796,797,829,830,831,861,862,863,893,894,895,927,959}
Current function value: 1.4467118E7
s**********************************************: 13
Current result: {762,763,765,795,796,797,798,799,829,830,831,862,863,894,926,927,959}
Current function value: 1.5245829E7
s**********************************************: 14
Current result: {448,449,450,480,482,512,544,545,546,576,578,579,580,581,582,583,584,616,617,618,619,620,652,684,716,748,749,781,782,783,784,785,786,787,788,789,790,791,792,793,794,795,796,797,799,829,830,831,863,894,895,927,959}
Current function value: 1.4496978865822274E7
s**********************************************: 15
Current result: {406,438,439,471,503}
Current function value: 9691481.743219187
sRESULT**********************************************: 
result subgraph is: [157]
------------------------------ test ends --------------------------------
