
------------------------------ test starts ------------------------------ 
s**********************************************: 2
Current result: {829,830,862}
Current function value: 1.1396047425269395E7
s**********************************************: 3
Current result: {829,830,862,863,895,926,927,959}
Current function value: 1.2856801E7
s**********************************************: 4
Current result: {576,577,578,579,580,581,582,583,584,585,586,587,588,620,621,622,623,624,625,626,658,690,722,723,724,725,726,758,759,791,823,855,856,857,858,859,860,861,862,863,895,926,927,959}
Current function value: 1.291922948550422E7
s**********************************************: 5
Current result: {765,797,798,829,830,831,861,893,894,895,927}
Current function value: 1.2852616949261816E7
s**********************************************: 6
Current result: {959}
Current function value: 1.10592E7
s**********************************************: 7
Current result: {798,799,829,830,862,863,893,894,895,926,927,958}
Current function value: 1.427425E7
s**********************************************: 8
Current result: {448,449,450,480,482,512,514,546,547,548,549,550,551,552,553,554,555,556,557,558,559,591,623,624,656,688,689,690,691,723,724,725,757,789,790,791,792,793,794,795,796,797,798,830,831,861,862,863,895,926,927,958,959}
Current function value: 1.4194388301314563E7
s**********************************************: 9
Current result: {480,512,513,514,546,577,578,579,580,581,582,583,584,585,586,587,588,589,590,591,592,593,594,595,596,597,598,630,631,663,664,696,728,760,792,793,794,795,796,797,798,829,830,862,863,893,894,895,925,926,927,958,959}
Current function value: 1.6394419846953921E7
s**********************************************: 10
Current result: {765,796,797,799,829,831,861,863,893,894,895,926,927,958,959}
Current function value: 1.4526839190028956E7
s**********************************************: 11
Current result: {448,449,450,480,482,512,514,544,546,547,548,549,550,551,552,553,554,555,556,557,558,559,576,577,591,592,624,625,626,658,690,722,723,755,756,757,758,759,760,761,762,763,795,796,797,798,799,830,861,862,863,893,894,895,927,958,959}
Current function value: 1.731676022183832E7
s**********************************************: 12
Current result: {324,354,355,356,386,417,418,449,481,513,514,545,576,577}
Current function value: 1.0566330811186753E7
s**********************************************: 13
Current result: {340}
Current function value: 9354406.0
s**********************************************: 14
Current result: {762,765,794,795,796,797,798,799,828,829,830,831,861,893,894,895,926,958}
Current function value: 1.4278433E7
s**********************************************: 15
Current result: {448,480,481,482,512,513,514,544,545,546,547,548,549,550,551,552,553,554,555,556,557,576,577,589,590,591,592,593,594,626,658,659,660,661,662,663,664,665,666,698,730,731,763,764,765,797,798,830,831,861,862,863,893,894,895,927,959}
Current function value: 1.7799453E7
sRESULT**********************************************: 
result subgraph is: [340]
------------------------------ test ends --------------------------------
