
------------------------------ test starts ------------------------------ 
s**********************************************: 2
Current result: {866}
Current function value: 1.0072952E7
s**********************************************: 3
Current result: {861,862,863,894,895,926}
Current function value: 1.199127476561638E7
s**********************************************: 4
Current result: {829,861,862,894,895,926,927,959}
Current function value: 1.2472439744431935E7
s**********************************************: 5
Current result: {577,578,579,580,581,582,614,615,616,617,649,681,713,714,715,747,779,780,781,782,798,814,815,816,817,818,819,820,821,822,823,824,825,826,827,828,829,830,831,863,895,926,927,959}
Current function value: 1.3384804E7
s**********************************************: 6
Current result: {765,797,798,829,830,831,861,862,863,893,894,895,926,927,959}
Current function value: 1.5421022E7
s**********************************************: 7
Current result: {449,450,482,512,514,544,546,576,577,578,579,580,581,582,583,584,585,586,587,588,589,590,591,592,593,625,657,658,690,691,723,755,756,757,758,790,791,823,824,830,856,857,858,859,860,861,862,863,893,894,895,927,959}
Current function value: 1.6527734E7
s**********************************************: 8
Current result: {765,797,799,828,829,831,860,861,862,863,893,894,895,926,927,959}
Current function value: 1.529379E7
s**********************************************: 9
Current result: {448,449,450,480,482,512,514,544,546,576,577,578,579,580,581,613,614,646,647,648,649,650,682,683,684,685,717,718,719,751,783,784,785,786,787,788,789,790,791,792,793,794,795,796,797,798,799,829,830,831,861,863,893,895,926,927}
Current function value: 1.7307153E7
s**********************************************: 10
Current result: {448,480,481,482,483,484,485,486,487,488,489,490,491,492,493,494,495,496,497,498,499,500,501,502,503,504,512,513,536,544,568,576,600,632,664,696,728,729,730,731,732,764,765,797,798,799,829,831,863,895,926,927,958}
Current function value: 1.3731074215226814E7
s**********************************************: 11
Current result: {762,763,764,765,794,795,796,797,798,799,828,829,830,831,860,861,863,893,894,895,926,927,958}
Current function value: 1.6019851E7
s**********************************************: 12
Current result: {448,450,451,452,453,454,455,456,457,458,459,460,461,462,463,464,465,466,467,468,469,470,471,480,481,482,503,504,512,513,514,536,544,545,546,568,576,578,600,632,664,665,697,729,761,762,765,794,795,796,797,798,799,829,830,831,862,863,893,894,895,927,959}
Current function value: 2.096597E7
s**********************************************: 13
Current result: {471,472,503,504,535,536,568,600,632,664,665,697,698,730,762,763,765,795,796,797,798,830,831,861,862,863,893,894,895}
Current function value: 1.640944E7
s**********************************************: 14
Current result: {448,480,481,482,512,514,544,545,546,547,548,549,550,551,552,553,554,555,556,557,558,559,560,561,562,563,576,595,596,597,598,630,662,694,726,727,759,760,761,762,763,764,765,797,798,799,829,831,861,893,894,925,926,927,959}
Current function value: 1.5319779E7
s**********************************************: 15
Current result: {440,471,472,504,536,568,599,600,631,663,695,727,759,760,761,762,763,765,795,796,797,798,799,829,830,859,860,862,863,892,893,894,926,927,958,959}
Current function value: 2.1679384E7
sRESULT**********************************************: 
result subgraph is: [866]
------------------------------ test ends --------------------------------
