
------------------------------ test starts ------------------------------ 
s**********************************************: 2
Current result: {450,482,514,546,578}
Current function value: 1.1646341368904337E7
s**********************************************: 3
Current result: {449,481,482,514,545,546,576,577}
Current function value: 1.2009024E7
s**********************************************: 4
Current result: {448,449,450,482,514,546,576,577,578}
Current function value: 1.2755524E7
s**********************************************: 5
Current result: {448,449,450,480,512,544,545,546,576,577}
Current function value: 1.2624711853572046E7
s**********************************************: 6
Current result: {449,450,480,481,482,512,513,514,544,545,546,576,577,578}
Current function value: 1.3675761E7
s**********************************************: 7
Current result: {736}
Current function value: 1.0202434E7
s**********************************************: 8
Current result: {959}
Current function value: 1.10592E7
s**********************************************: 9
Current result: {448,449,480,481,482,483,484,485,486,487,488,489,490,491,492,493,494,495,496,497,498,499,500,501,502,503,512,513,514,535,536,544,545,546,568,577,578,600,632,633,634,635,636,637,669,701,733,765,797,798,829,830,862}
Current function value: 1.5779123144073013E7
s**********************************************: 10
Current result: {727,759,760,761,762,763,765,794,795,796,797,798,799,828,829,830,861,862,863,892,893,925}
Current function value: 1.4466358E7
s**********************************************: 11
Current result: {448,449,450,480,481,482,513,514,544,545,546,576,577,609,610,611,643}
Current function value: 1.1839762E7
s**********************************************: 12
Current result: {448,480,481,512,513,514,546,576,577,578,579,580,581,582,583,584,585,586,587,588,589,590,591,592,593,594,595,596,597,598,599,631,663,695,727,759,760,761,762,763,765,795,796,797,798,828,860,861,862,893,925}
Current function value: 1.4016006354253495E7
s**********************************************: 13
Current result: {448,449,450,480,482,512,513,514,544,545,546,576,577,578,610,611,612,613,645,646,678}
Current function value: 1.0172702052189436E7
s**********************************************: 14
Current result: {472,503,504,535,536,567,599,631,663,695,727,759,760,761,762,763,765,794,795,796,797,798,799,827,828,829,830,831,860,861,862,863}
Current function value: 1.9168506E7
s**********************************************: 15
Current result: {448,449,450,480,481,482,504,512,513,514,515,516,517,518,519,520,521,522,523,524,525,526,527,528,529,530,531,532,533,534,535,536,544,567,576,577,578,599,631,663,695,727,728,760,761,762,763,765,795,796,797,798,799,828,829,830,831,862,863}
Current function value: 1.8070308E7
sRESULT**********************************************: 
result subgraph is: [448, 449, 450, 480, 482, 512, 513, 514, 544, 545, 546, 576, 577, 578, 610, 611, 612, 613, 645, 646, 678]
------------------------------ test ends --------------------------------
