
------------------------------ test starts ------------------------------ 
s**********************************************: 2
Current result: {829,830,861,862}
Current function value: 1.1953608331134759E7
s**********************************************: 3
Current result: {861,862,893,894,895,926,927}
Current function value: 1.2725707093347464E7
s**********************************************: 4
Current result: {830,831,862,863,894,895,926,927,959}
Current function value: 1.2677922446172265E7
s**********************************************: 5
Current result: {830,861,862,863,893,895,926,927,959}
Current function value: 1.3372542E7
s**********************************************: 6
Current result: {450,480,481,482,512,544,576,577,578,610,611,612,613,645,677,709,710,711,743,744,745,777,778,779,780,812,813,814,815,816,817,818,819,820,821,822,823,824,825,826,827,828,829,830,831,862,863,894,895,926,958,959}
Current function value: 1.4782475440345902E7
s**********************************************: 7
Current result: {448,449,450,480,482,512,514,546,577,578,610,642,674,675,707,708,709,741,742,743,775,776,799,808,809,810,811,812,813,814,815,830,831,847,848,849,850,851,852,853,854,855,856,857,858,859,860,861,862,863,895,926,927,958,959}
Current function value: 1.6751249E7
s**********************************************: 8
Current result: {458,459,460,461,462,463,464,465,466,467,468,469,470,471,472,480,481,482,483,484,485,486,487,488,489,490,504,512,536,537,544,569,576,577,578,601,633,634,635,667,668,669,701,733,765,797,799,829,830,831,860,861,862,863,893,895,927,959}
Current function value: 1.6728106223319322E7
s**********************************************: 9
Current result: {762,763,764,765,766,798,799,829,831,861,862,863,893,894,895,926,958,959}
Current function value: 1.4658717E7
s**********************************************: 10
Current result: {762,763,764,796,797,798,799,828,829,830,831,860,861,862,863,893,894,925,926,927,959}
Current function value: 1.6419266E7
s**********************************************: 11
Current result: {449,450,480,481,482,512,544,545,546,576,578,579,580,581,582,583,584,585,586,618,619,651,652,684,716,717,718,719,720,721,722,754,755,756,757,758,759,760,761,762,763,765,795,796,797,798,799,829,830,831,860,861,893,894,895,925,926,927,958,959}
Current function value: 2.0347925E7
s**********************************************: 12
Current result: {449,450,482,514,546,576,577,578,579,580,581,582,583,584,585,617,618,619,620,621,653,654,655,687,719,751,752,753,754,786,787,788,789,790,791,792,793,794,795,796,797,798,799,830,862,893,894}
Current function value: 1.44571616172207E7
s**********************************************: 13
Current result: {448,449,450,480,482,512,514,544,576,577,578,579,580,581,582,583,584,585,617,649,681,713,714,746,747,748,749,750,751,752,753,754,755,756,757,758,759,760,761,762,763,764,765,796,797,798,799,828,829,831,862,863,893,894,895,927}
Current function value: 1.6593969E7
s**********************************************: 14
Current result: {449,481,482,514,544,545,546,547,548,549,550,551,552,553,554,555,556,576,577,588,620,621,653,685,686,687,719,720,721,722,723,755,756,757,758,759,760,761,762,763,764,765,796,797,798,799,828,830,831,860,862,863,895,925,926,927,958,959}
Current function value: 1.7508392E7
s**********************************************: 15
Current result: {448,449,450,480,482,512,514,546,578,579,580,581,582,583,584,585,586,587,588,589,590,591,592,593,625,626,658,690,722,723,755,756,757,758,759,760,761,762,763,764,765,797,798,799,829,830,861,862,863,894,895,926,958,959}
Current function value: 1.5936114398515537E7
sRESULT**********************************************: 
result subgraph is: [829, 830, 861, 862]
------------------------------ test ends --------------------------------
