
------------------------------ test starts ------------------------------ 
s**********************************************: 2
Current result: {762,794,826,827,828,860,892,893}
Current function value: 1.1243942E7
s**********************************************: 3
Current result: {727,728,729,761,762,794,826,858,859,860,861,893,925,957,958}
Current function value: 1.1407258E7
s**********************************************: 4
Current result: {959}
Current function value: 1.10592E7
s**********************************************: 5
Current result: {198}
Current function value: 9373382.0
s**********************************************: 6
Current result: {759,760,761,762,794,795,827,828,859,860,892,893,925,926,958}
Current function value: 1.0926048278755963E7
s**********************************************: 7
Current result: {727,759,760,761,762,763,795,827,828,860,892,893,925,926}
Current function value: 1.1650291E7
s**********************************************: 8
Current result: {727,759,760,761,762,793,794,795,796,828,860,892,893,894,926,958}
Current function value: 1.155804057147719E7
s**********************************************: 9
Current result: {725,726,727,728,729,759,760,761,793,794,795,827,828,860,892,893,925}
Current function value: 1.2429776629572857E7
s**********************************************: 10
Current result: {535,567,599,631,663,695,727,728,760,761,762,794,795,827,828,829,861,892,893,925,957,958}
Current function value: 9912324.73133633
s**********************************************: 11
Current result: {535,567,599,631,663,695,727,759,760,761,762,794,795,826,827,828,860,892,924,925,926,958}
Current function value: 1.0482197155450959E7
s**********************************************: 12
Current result: {699,700,701,724,725,726,727,728,730,731,758,760,761,762,792,793,794,795,796,827,828,829,859,860,861,892,893}
Current function value: 1.4478761258631885E7
s**********************************************: 13
Current result: {272,273,274,275,304,305,307,338,339,370,402,434,466,498,529,530,561,593,625,657,658,659,660,692,724,725,726,727,729,731,759,760,761,762,763,795,827,828,860,892,893,894,926,958}
Current function value: 9505296.967630923
s**********************************************: 14
Current result: {503,535,536,567,568,599,631,663,695,726,727,729,730,759,762,791,792,793,794,795,796,827,828,860,861,892,893,925}
Current function value: 1.1020427909664098E7
s**********************************************: 15
Current result: {164,165,197,198,199,200,232,264,296,297,329,361,362,363,395,396,428,460,492,524,525,557,558,590,591,592,593,625,657,689,701,721,727,728,729,730,731,732,733,753,754,755,756,757,758,759,762,763,795,796,828,859,860,892,893,894,926}
Current function value: 7107097.467520815
sRESULT**********************************************: 
result subgraph is: [164, 165, 197, 198, 199, 200, 232, 264, 296, 297, 329, 361, 362, 363, 395, 396, 428, 460, 492, 524, 525, 557, 558, 590, 591, 592, 593, 625, 657, 689, 701, 721, 727, 728, 729, 730, 731, 732, 733, 753, 754, 755, 756, 757, 758, 759, 762, 763, 795, 796, 828, 859, 860, 892, 893, 894, 926]
------------------------------ test ends --------------------------------
