
------------------------------ test starts ------------------------------ 
s**********************************************: 2
Current result: {893,925,926,958}
Current function value: 1.1217578E7
s**********************************************: 3
Current result: {727,728,729,730,762,794,826,858,859,860,861,893,925,957,958}
Current function value: 1.0503257E7
s**********************************************: 4
Current result: {762}
Current function value: 1.1200561E7
s**********************************************: 5
Current result: {727,759,760,761,762,794,795,796,828,860,892,893,894,926,958}
Current function value: 1.2167231E7
s**********************************************: 6
Current result: {727,759,760,761,762,794,795,796,828,860,892,893,925,926,958}
Current function value: 1.2224268131866254E7
s**********************************************: 7
Current result: {760,761,762,794,795,796,827,828,860,861,893,925,926,958}
Current function value: 1.2780443E7
s**********************************************: 8
Current result: {701,729,732,733,760,761,762,764,794,795,796,828,829,830,860,862,892,894,925,926}
Current function value: 9022524.479475578
s**********************************************: 9
Current result: {693,725,726,727,728,729,761,762}
Current function value: 9732872.0
s**********************************************: 10
Current result: {725,726,727,728,759,760,761,762,792,794,795,827,828,857,858,859,860,892,893,925}
Current function value: 1.0753368910770895E7
s**********************************************: 11
Current result: {701,725,726,727,728,729,730,731,732,733,760,761,762,763,794,795,796,827,828,860,892,893,925,926,957}
Current function value: 1.0264182156552885E7
s**********************************************: 12
Current result: {727,728,729,730,762,794,795,796,828,860,892,893,925,926}
Current function value: 1.022460785926598E7
s**********************************************: 13
Current result: {335,336,337,369,370,371,401,433,465,497,529,561,592,593,624,656,688,689,690,691,692,693,720,725,726,727,728,729,730,762,794,826,827,828,860,861,893,894,925,926,957}
Current function value: 8639585.215510117
s**********************************************: 14
Current result: {305,306,338,370,371,403,435,436,468,469,501,533,565,597,629,661,693,701,725,726,727,728,729,730,733,762,765,794,797,826,827,828,829,860,861,893,894,926,958}
Current function value: 8314831.322771827
s**********************************************: 15
Current result: {729,760,761,762,763,795,796,827,828,829,859,861,893,894,926,958}
Current function value: 1.042094E7
sRESULT**********************************************: 
result subgraph is: [305, 306, 338, 370, 371, 403, 435, 436, 468, 469, 501, 533, 565, 597, 629, 661, 693, 701, 725, 726, 727, 728, 729, 730, 733, 762, 765, 794, 797, 826, 827, 828, 829, 860, 861, 893, 894, 926, 958]
------------------------------ test ends --------------------------------
