
------------------------------ test starts ------------------------------ 
s**********************************************: 2
Current result: {893,925,926,958}
Current function value: 1.1217578E7
s**********************************************: 3
Current result: {727,728,729,761,762,794,826,858,859,860,892,893,925,926}
Current function value: 1.1291811E7
s**********************************************: 4
Current result: {959}
Current function value: 1.10592E7
s**********************************************: 5
Current result: {794,795,827,859,860,861,893,925,926,958}
Current function value: 1.1353451E7
s**********************************************: 6
Current result: {727,728,729,730,762}
Current function value: 1.0237995E7
s**********************************************: 7
Current result: {760,761,762,793,794,795,796,828,859,860,861,893,925,957,958}
Current function value: 1.1669472E7
s**********************************************: 8
Current result: {728,729,760,761,762,763,794,795,796,827,828,860,861,893,894,926}
Current function value: 1.0902153078600645E7
s**********************************************: 9
Current result: {727,728,729,730,762,794,795,796,828,860,892,893,925,926}
Current function value: 1.0289495E7
s**********************************************: 10
Current result: {273,275,276,305,306,307,338,339,371,372,373,405,406,407,408,440,472,473,474,475,507,538,539,570,602,634,666,698,726,727,728,729,730,761,762,794,795,826,827,859,891,892,893,925}
Current function value: 1.6497617E7
s**********************************************: 11
Current result: {669,701,724,725,726,727,730,731,732,733,759,760,761,762,763,795,827,828,859,860,861,893,894,926,957,958}
Current function value: 1.0581971582522508E7
s**********************************************: 12
Current result: {503,535,567,599,631,663,695,727,728,729,730,759,762,793,794,795,796,827,828,829,861,892,893,925,926,958}
Current function value: 1.0883491836359756E7
s**********************************************: 13
Current result: {599,631,663,695,724,725,727,757,758,759,760,761,762,794,795,796,826,827,828,860,892,893,894,895,926,958}
Current function value: 1.3276747E7
s**********************************************: 14
Current result: {535,567,599,631,663,695,725,727,730,757,758,759,760,761,762,793,824,825,826,828,858,859,860,861,893,925,926,957,958}
Current function value: 1.3637155047930334E7
s**********************************************: 15
Current result: {529,530,562,594,626,658,690,722,723,724,725,726,730,758,759,760,761,762,763,795,796,827,828,859,860,861,892,893,894,926,958}
Current function value: 7206955.444952125
sRESULT**********************************************: 
result subgraph is: [529, 530, 562, 594, 626, 658, 690, 722, 723, 724, 725, 726, 730, 758, 759, 760, 761, 762, 763, 795, 796, 827, 828, 859, 860, 861, 892, 893, 894, 926, 958]
------------------------------ test ends --------------------------------
