
------------------------------ test starts ------------------------------ 
s**********************************************: 2
Current result: {861,893,894,926,958}
Current function value: 1.2062869E7
s**********************************************: 3
Current result: {795,796,828,860,861,893,894,926,958}
Current function value: 1.2676553E7
s**********************************************: 4
Current result: {795,796,828,829,861,893,894,926,958}
Current function value: 1.1937236E7
s**********************************************: 5
Current result: {796,799,828,829,831,860,861,863,893,894,895,926,958}
Current function value: 1.3252337E7
s**********************************************: 6
Current result: {762,763,764,795,796,799,828,829,831,860,861,862,863,894,895,926}
Current function value: 1.3218139E7
s**********************************************: 7
Current result: {762,763,794,795,796,799,827,828,829,831,860,861,863,892,893,894,895,925,926,927}
Current function value: 1.528404E7
s**********************************************: 8
Current result: {762,763,795,799,827,828,829,831,860,861,863,893,894,895,925,926}
Current function value: 1.2972044E7
s**********************************************: 9
Current result: {762,763,795,796,828,829,831,860,861,862,863,894,895,925,926}
Current function value: 1.3376685E7
s**********************************************: 10
Current result: {762,763,795,796,799,828,829,831,861,862,863,894,895,926,958}
Current function value: 1.3519421E7
s**********************************************: 11
Current result: {762,765,766,767,794,795,796,797,799,829,831,860,861,863,893,894,925,926}
Current function value: 1.2522301E7
s**********************************************: 12
Current result: {503,504,535,536,567,599,600,631,632,664,695,696,727,728,729,730,762,763,795,796,827,828,829,830,831,862,863,894,925,926,958}
Current function value: 1.2395259506592212E7
s**********************************************: 13
Current result: {471,503,504,536,567,568,599,631,663,695,727,728,760,761,762,763,795,796,799,828,829,831,861,863,892,893,894,895,925,926,958}
Current function value: 1.6042835E7
s**********************************************: 14
Current result: {599,631,663,695,727,728,729,730,759,760,762,764,794,795,796,797,799,829,831,860,861,863,892,893,894,895,925,956,957}
Current function value: 1.1440794E7
s**********************************************: 15
Current result: {471,472,473,474,503,504,535,536,568,599,600,631,663,695,727,759,760,761,762,763,795,827,828,829,831,861,863,892,893,894,895,925,926,957,958}
Current function value: 2.0408009180684976E7
sRESULT**********************************************: 
result subgraph is: [599, 631, 663, 695, 727, 728, 729, 730, 759, 760, 762, 764, 794, 795, 796, 797, 799, 829, 831, 860, 861, 863, 892, 893, 894, 895, 925, 956, 957]
------------------------------ test ends --------------------------------
