
------------------------------ test starts ------------------------------ 
s**********************************************: 2
Current result: {172}
Current function value: 9689706.0
s**********************************************: 3
Current result: {762,763,795,796,828,860,861,893,894,926,958}
Current function value: 1.2935966271694465E7
s**********************************************: 4
Current result: {224}
Current function value: 9949027.0
s**********************************************: 5
Current result: {762,794,795,796,799,828,829,831,861,863,893,894,895,926,927}
Current function value: 1.2703029E7
s**********************************************: 6
Current result: {762,763,795,796,799,828,829,831,861,862,863,894,895,927,959}
Current function value: 1.2815093E7
s**********************************************: 7
Current result: {763,764,795,796,799,828,829,831,860,861,863,892,894,895,924,925,926}
Current function value: 1.1977368E7
s**********************************************: 8
Current result: {762,763,795,797,798,799,827,828,829,860,861,863,893,894,895,926,927,959}
Current function value: 1.3695769E7
s**********************************************: 9
Current result: {760,762,763,792,793,794,795,796,827,828,829,861,892,893,925,926}
Current function value: 1.3024535E7
s**********************************************: 10
Current result: {503,535,536,568,600,632,664,665,697,729,730,762,763,795,796,828,829,831,860,861,863,893,894,895,926,958}
Current function value: 1.4832946E7
s**********************************************: 11
Current result: {471,503,504,536,568,600,632,663,664,695,727,759,760,761,762,763,795,796,799,827,828,829,830,831,859,861,863,894,895,926,958}
Current function value: 1.3087345E7
s**********************************************: 12
Current result: {471,503,535,536,567,599,631,663,695,727,728,729,760,761,762,763,795,796,799,827,828,829,831,861,863,893,894,895,925,926,957}
Current function value: 1.542013E7
s**********************************************: 13
Current result: {535,567,599,631,663,695,727,728,760,761,762,763,795,827,829,859,860,861,893,894,895,925,926,958}
Current function value: 1.3302837E7
s**********************************************: 14
Current result: {472,504,535,536,567,568,599,600,631,663,695,727,759,760,761,762,763,795,796,827,829,859,860,861,892,893,894,895,925,957}
Current function value: 1.3106315E7
s**********************************************: 15
Current result: {471,503,535,567,599,600,601,633,634,666,698,730,762,763,795,796,799,828,829,831,861,862,863,894,895,926,958}
Current function value: 8087151.0
sRESULT**********************************************: 
result subgraph is: [471, 503, 535, 567, 599, 600, 601, 633, 634, 666, 698, 730, 762, 763, 795, 796, 799, 828, 829, 831, 861, 862, 863, 894, 895, 926, 958]
------------------------------ test ends --------------------------------
