
------------------------------ test starts ------------------------------ 
s**********************************************: 2
Current result: {471,503,535,567,599,600,601,633,634,666,698,730,762,763,795,827,828,860,892,893}
Current function value: 1.2017053E7
s**********************************************: 3
Current result: {762,763,764,796,828,860,861,893}
Current function value: 1.2303089E7
s**********************************************: 4
Current result: {573}
Current function value: 1.0201711E7
s**********************************************: 5
Current result: {762,763,764,795,796,828,860,861,893,925,926}
Current function value: 1.1470165E7
s**********************************************: 6
Current result: {763,795,796,828,860,861,893,894}
Current function value: 1.1866998E7
s**********************************************: 7
Current result: {503,535,536,568,600,632,664,665,697,698,730,762,763,794,795,796,828,860,892,893,894,926,958}
Current function value: 1.386053E7
s**********************************************: 8
Current result: {503,535,536,567,599,631,663,695,727,728,729,730,731,760,761,762,794,796,826,827,828,829,861,862,894,926,958}
Current function value: 1.116307E7
s**********************************************: 9
Current result: {695,727,759,760,762,763,792,793,794,795,827,828,829,861,892,893,925,957,958}
Current function value: 1.3313025E7
s**********************************************: 10
Current result: {549}
Current function value: 9986791.0
s**********************************************: 11
Current result: {471,503,504,536,568,600,632,663,664,695,727,759,760,762,763,792,793,794,795,796,797,798,799,827,829,831,859,861,863,893,894,895,925,926,958}
Current function value: 1.4795381E7
s**********************************************: 12
Current result: {471,503,535,567,599,631,663,695,696,728,729,730,762,763,795,796,827,828,829,830,831,860,863,892,894,895,925,926,958}
Current function value: 1.465934E7
s**********************************************: 13
Current result: {567,599,631,663,695,727,759,760,761,762,763,791,795,796,799,823,828,829,831,852,853,854,855,861,863,874,875,876,877,878,879,880,881,882,883,884,892,893,894,895,904,905,906,910,925,926,936,938,941,942,958}
Current function value: 2.1804694534943655E7
s**********************************************: 14
Current result: {503,504,535,567,599,631,663,695,727,728,729,759,760,761,762,763,793,794,795,827,828,829,861,862,863,893,895,925,926,927,959}
Current function value: 1.2977544E7
s**********************************************: 15
Current result: {472,503,504,536,567,568,599,631,663,695,727,728,759,760,761,762,763,793,795,827,828,860,861,862,892,893,894,895,925,926,927,958,959}
Current function value: 1.8139962E7
sRESULT**********************************************: 
result subgraph is: [549]
------------------------------ test ends --------------------------------
