
------------------------------ test starts ------------------------------ 
s**********************************************: 2
Current result: {829,861,862,894,926}
Current function value: 1.2482637851725802E7
s**********************************************: 3
Current result: {546,578,579,580,581,582,583,584,585,586,587,588,589,590,591,623,655,687,688,689,690,691,723,755,787,788,820,821,822,823,824,825,826,827,828,829,830,861,862,894}
Current function value: 1.2946576E7
s**********************************************: 4
Current result: {513,544,545,546,547,548,549,550,551,552,553,554,555,556,557,558,559,560,561,562,576,594,626,658,690,691,723,724,756,757,758,759,760,761,762,763,764,765,797,829,861,862,894,926}
Current function value: 1.378278662805559E7
s**********************************************: 5
Current result: {512,513,544,546,576,577,578,579,580,581,613,614,615,616,617,649,650,651,652,653,654,655,656,657,689,690,691,723,724,725,757,758,759,760,761,793,794,795,796,828,829,830,861,862,863,893,895}
Current function value: 1.4849649E7
s**********************************************: 6
Current result: {450,482,513,514,545,577,578,579,580,581,582,583,584,585,586,587,588,589,590,591,592,593,625,657,689,721,753,754,755,756,757,758,759,760,761,762,763,795,796,797,798,828,829,830,862,894,926}
Current function value: 1.5791813006126832E7
s**********************************************: 7
Current result: {450,482,514,546,576,577,578,579,580,581,582,583,615,647,648,649,650,682,683,715,747,748,749,750,751,752,753,754,755,756,757,758,759,760,761,762,763,764,765,797,798,829,830,861,862,863,893,895}
Current function value: 1.6875770831829853E7
