
------------------------------ test starts ------------------------------ 
s**********************************************: 5
Current result: {3076,3077,3078,3142,3201,3202,3203,3204,3205,3206}
Current function value: 1.1775393697199743E9
s**********************************************: 6
Current result: {2754,2755,2819,2820,2821,2884,2948,3012,3075,3076,3077,3078}
Current function value: 1.171822949505642E9
s**********************************************: 13
Current result: {2755,2757,2819,2820,2821,2822,2823,2885,2887,2888,2949,2952,3012,3013,3075,3076,3139,3203,3267,3268,3269,3333,3334,3335,3397,3399}
Current function value: 1.166465087211068E9
s**********************************************: 9
Current result: {2190,2254,2318,2382,2383,2447,2508,2509,2510,2511,2572,2636,2637,2701,2765,2766,2767,2829}
Current function value: 1.1670176228164964E9
s**********************************************: 7
Current result: {2317,2381,2445,2509,2573,2637,2701,2764,2765,2766,2767,2828,2892,2952,2953,2954,2955,2956,3016,3080}
Current function value: 1.1698976223621233E9
s**********************************************: 11
Current result: {2822,2886,2950,2951,3014,3075,3076,3077,3078,3079,3080,3141,3205,3269,3333,3397,3398,3462,3526,3590}
Current function value: 1.1725086229018648E9
s**********************************************: 12
Current result: {2132,2180,2181,2182,2183,2184,2185,2186,2187,2188,2189,2196,2244,2253,2254,2255,2256,2257,2258,2259,2260,2308,2318,2372,2382}
Current function value: 1.1711643359417574E9
s**********************************************: 3
Current result: {2887,2951,3015,3079,3142,3143,3206,3270,3334}
Current function value: 1.1752430326756966E9
s**********************************************: 14
Current result: {677,741,802,803,804,805,864,865,866,928,992,1056,1120,1181,1182,1183,1184,1245,1309,1372,1373,1428,1433,1434,1435,1436,1490,1491,1492,1493,1494,1495,1496,1497,1554,1617,1618,1679,1680,1681,1743,1807,1871,1935,1999,2063,2127,2128,2192,2193,2257,2321,2385,2386,2449,2513,2577,2641,2705,2754,2755,2756,2757,2758,2769,2818,2822,2833,2886,2897,2950,2961,3014,3015,3016,3017,3018,3019,3020,3021,3022,3023,3024,3025,3080}
Current function value: 1.1505185891326957E9
s**********************************************: 4
Current result: {858,859,922,986,990,991,992,1050,1054,1114,1115,1116,1117,1118,1177,1178,1241,1305,1365,1366,1367,1368,1369,1429,1488,1489,1490,1491,1492,1493,1552,1612,1613,1614,1615,1616,1676,1740,1804,1805,1869,1933,1997,2061,2125,2189,2253,2254,2318,2319,2320,2382,2384,2385}
Current function value: 1.1673385326348138E9
s**********************************************: 8
Current result: {2626,2627,2628,2690,2754,2818,2882,2945,2946,3009,3073,3137,3201,3202,3203,3204}
Current function value: 1.1712058356822233E9
s**********************************************: 2
Current result: {3323,3324,3387,3451}
Current function value: 1.1764113199560316E9
s**********************************************: 10
Current result: {1750,1807,1808,1814,1872,1873,1874,1875,1876,1877,1878,1936,2000,2064,2128,2192,2256,2257,2258,2322}
Current function value: 1.1690498052105284E9
s**********************************************: 15
Current result: {2262,2321,2322,2323,2324,2325,2326,2385,2389,2446,2447,2448,2449,2453,2517,2518,2519,2520,2580,2581,2644,2707,2708,2764,2765,2766,2767,2768,2769,2770,2771,2825,2826,2827,2828,2889,2953,3009,3017,3073,3080,3081,3137,3138,3139,3140,3141,3142,3143,3144,3202,3266}
Current function value: 1.1591526949866085E9
------------------------------ test ends --------------------------------
