
------------------------------ test starts ------------------------------ 
s**********************************************: 9
Current result: {3069,3133,3134,3197,3261,3263,3325,3327,3389,3390,3391,3454,3518,3581,3582,3645,3709,3710}
Current function value: 1.172791178099937E9
s**********************************************: 13
Current result: {1706,1707,1771,1834,1835,1899,1963,1964,2028,2092,2156,2157,2158,2159,2160,2161,2162,2226,2290,2354,2355,2419,2483,2484,2485,2549,2613,2677,2741,2805,2869,2870,2871,2872,2873,2874,2875,2876,2877,2941,3005,3069,3131,3132,3133,3195,3259,3323,3324}
Current function value: 1.156569833869503E9
s**********************************************: 2
Current result: {1706,1770,1834,1898,1899,1963}
Current function value: 1.1658593038100271E9
s**********************************************: 8
Current result: {2115,2179,2182,2183,2184,2185,2186,2187,2188,2189,2197,2243,2246,2253,2254,2255,2256,2257,2258,2259,2260,2261,2262,2307,2310,2326,2327,2371,2374,2391,2435,2436,2437,2438,2439,2440,2504,2568,2632,2633,2697,2698}
Current function value: 1.157310265304661E9
s**********************************************: 11
Current result: {1642,1706,1769,1770,1833,1897,1898,1962,1963,2027,2028,2029,2030,2031,2095,2096,2097,2098,2161,2162,2225,2289}
Current function value: 1.1588572653321621E9
s**********************************************: 6
Current result: {1684,1685,1748,1807,1808,1809,1810,1811,1812,1871,1875,1935,1939,1940,1999,2004,2063}
Current function value: 1.1636691929001687E9
s**********************************************: 3
Current result: {1578,1642,1705,1706,1769,1832,1833,1896}
Current function value: 1.1628073553540337E9
s**********************************************: 7
Current result: {2116,2180,2244,2308,2371,2372,2435,2499,2563,2627,2691,2692,2693,2694}
Current function value: 1.1693135999763436E9
s**********************************************: 10
Current result: {1642,1706,1707,1771,1772,1773,1833,1834,1835,1897,1961,2025,2089,2153,2154,2155,2156,2157,2158,2159,2160,2161,2162,2163,2164,2165,2166,2225,2230,2289,2294,2295,2296,2297,2361,2362,2363,2364,2365,2429,2493,2556,2557,2620,2684,2748,2811,2812,2813,2814,2878,2942,3006,3070,3134,3197,3198,3261,3324,3325,3388,3452}
Current function value: 1.1478286330255668E9
s**********************************************: 14
Current result: {2054,2055,2116,2118,2180,2181,2182,2246,2247,2310,2311,2373,2374,2438,2502,2564,2565,2566,2567,2628,2631,2632,2695,2696,2697,2760,2761}
Current function value: 1.1579675949110672E9
s**********************************************: 15
Current result: {1238,1302,1366,1430,1494,1558,1622,1686,1749,1750,1751,1813,1815,1877,1941,2005,2069,2133,2192,2193,2194,2195,2196,2197,2256,2261,2262,2263,2320,2327,2384,2391,2448,2455}
Current function value: 1.1482981971792362E9
s**********************************************: 5
Current result: {2243,2307,2371,2372,2436,2500,2564,2628,2692,2693,2756}
Current function value: 1.1738346707405257E9
s**********************************************: 4
Current result: {3196,3260,3324,3388,3389,3453,3517,3581}
Current function value: 1.1755614461079328E9
s**********************************************: 12
Current result: {1686,1687,1688,1689,1690,1691,1692,1693,1694,1695,1696,1697,1698,1699,1700,1701,1706,1707,1748,1749,1750,1765,1766,1771,1812,1830,1835,1876,1894,1895,1896,1898,1899,1940,1960,1961,1962,2004,2068,2132,2133,2134,2198,2262,2326,2327}
Current function value: 1.1161819862556527E9
------------------------------ test ends --------------------------------
