
------------------------------ test starts ------------------------------ 
s**********************************************: 4
Current result: {3644,3708,3709,3710,3774,3775,3838,3839}
Current function value: 1.1591734847463543E9
s**********************************************: 12
Current result: {3323,3386,3387,3388,3452,3516,3517,3519,3581,3582,3583,3645,3708,3709,3710,3772,3773,3774,3775,3837,3839}
Current function value: 1.1458543487369788E9
s**********************************************: 3
Current result: {2692,2756,2820,2884,2948,3010,3011,3012,3074}
Current function value: 1.1745221983909059E9
s**********************************************: 10
Current result: {3068,3131,3132,3133,3194,3195,3258,3322,3386,3450,3451,3452,3516,3580,3644,3646,3647,3708,3709,3710}
Current function value: 1.1514127176828487E9
s**********************************************: 2
Current result: {2756,2757,2758}
Current function value: 1.1776913126653972E9
s**********************************************: 11
Current result: {3071,3133,3134,3135,3196,3197,3260,3324,3388,3452,3516,3580,3581,3644,3645,3646,3647,3709,3773,3774,3838,3839}
Current function value: 1.1501184055520742E9
s**********************************************: 8
Current result: {2626,2627,2628,2629,2693,2757,2821,2885,2949,3010,3011,3012,3013,3015,3077,3078,3079}
Current function value: 1.167750657745539E9
s**********************************************: 14
Current result: {1619,1683,1684,1685,1742,1743,1744,1745,1746,1747,1749,1794,1795,1796,1797,1798,1799,1800,1801,1802,1803,1804,1805,1806,1813,1858,1922,1986,2050,2114,2178,2179,2243,2307,2371,2372,2436,2437,2501,2565,2629,2693,2756,2757,2819,2820,2884,2885,2886,2887,2888,2948,2952,3012,3076,3077,3141,3205}
Current function value: 1.1346819241135013E9
s**********************************************: 5
Current result: {726,727,728,729,730,790,793,794,795,854,859,860,861,862,918,926,990,1054,1055,1056,1057,1058,1059,1123,1187,1251,1315,1379,1443,1444,1508,1572,1573,1637,1701,1765,1829,1830,1894,1958,2022,2086,2150,2214,2278,2342,2406}
Current function value: 1.1647760274212081E9
s**********************************************: 6
Current result: {861,863,864,925,927,988,989,990,991,1052,1053,1054}
Current function value: 1.1752464060506663E9
s**********************************************: 13
Current result: {1105,1168,1169,1231,1232,1293,1294,1295,1357,1421,1485,1549,1550,1614,1678,1742,1743,1800,1801,1802,1803,1804,1805,1806,1807,1870}
Current function value: 1.152876984615638E9
s**********************************************: 15
Current result: {1666,1730,1731,1732,1733,1734,1735,1736,1737,1738,1739,1740,1741,1742,1795,1806,1859,1870,1923,1987,2050,2051,2114,2178,2242,2306,2370,2371,2372,2373,2374,2438,2502,2566,2630,2694,2695,2758,2759,2822,2885,2886,2887,2948,2949,3008,3009,3010,3011,3012,3072,3076,3140,3204,3205,3206}
Current function value: 1.1486865622519007E9
s**********************************************: 9
Current result: {734,797,798,861,925,989,1053,1117,1181,1245,1309,1373,1374,1438,1439,1503,1506,1507,1567,1568,1571,1632,1633,1634,1635,1699,1700,1764}
Current function value: 1.1670060429748957E9
s**********************************************: 7
Current result: {3258,3259,3260,3261,3325,3389,3452,3453,3516,3580,3581,3645,3646,3710,3774,3775,3838}
Current function value: 1.1558013339666338E9
------------------------------ test ends --------------------------------
