
------------------------------ test starts ------------------------------ 
s**********************************************: 2
Current result: {2353,2417,2418}
Current function value: 1.1789768006487045E9
s**********************************************: 7
Current result: {2052,2116,2180,2244,2308,2371,2372,2435,2499,2500,2564,2628,2629,2693,2694,2758}
Current function value: 1.1705380196600747E9
s**********************************************: 4
Current result: {1449,1513,1514,1578,1642,1705,1706,1770}
Current function value: 1.1721556640772927E9
s**********************************************: 5
Current result: {2196,2197,2259,2260,2323,2387,2388}
Current function value: 1.1699067968612936E9
s**********************************************: 15
Current result: {2194,2195,2196,2197,2258,2313,2314,2315,2316,2317,2318,2319,2320,2321,2322,2375,2376,2377,2435,2436,2437,2438,2439,2499,2502,2503,2563,2626,2627}
Current function value: 1.1603978735538447E9
s**********************************************: 9
Current result: {1832,1833,1834,1835,1896,1960,2024,2088,2152,2153,2217,2223,2224,2225,2281,2282,2283,2284,2285,2286,2287}
Current function value: 1.1490749621810312E9
s**********************************************: 11
Current result: {2162,2163,2164,2228,2292,2356,2357,2358,2359,2360,2361,2425,2489,2553,2617,2681,2745,2809,2873,2874,2875,2876,2940,3004,3068,3132,3196,3260,3261,3325,3389,3453,3517,3581,3582,3583}
Current function value: 1.1607550080726795E9
s**********************************************: 8
Current result: {2447,2448,2510,2511,2567,2568,2569,2570,2571,2572,2573,2574,2631,2694,2695,2758,2822,2823,2887,2951,3015,3078,3079,3141,3142,3205,3269,3331,3332,3333,3395,3459,3523,3587,3651,3652,3716,3777,3778,3779,3780}
Current function value: 1.169343658559812E9
s**********************************************: 13
Current result: {981,1045,1109,1173,1236,1237,1298,1299,1300,1362,1424,1425,1426,1486,1487,1488,1549,1550,1610,1611,1612,1613,1670,1671,1672,1673,1674,1734,1798,1862,1926,1990,2051,2052,2053,2054,2115,2179,2180,2244,2308,2372,2373,2374,2375,2376,2382,2383,2440,2441,2442,2443,2444,2445,2446,2506}
Current function value: 1.1546134988034594E9
s**********************************************: 3
Current result: {3583,3647,3711,3775,3838,3839}
Current function value: 1.1761899504376996E9
s**********************************************: 14
Current result: {2121,2122,2180,2181,2182,2183,2184,2185,2186,2197,2244,2250,2251,2255,2256,2257,2258,2259,2260,2261,2306,2307,2308,2315,2316,2317,2318,2319}
Current function value: 1.158795429472397E9
s**********************************************: 6
Current result: {608,609,610,611,612,613,614,615,616,670,671,672,680,731,732,733,734,744,790,791,792,793,794,795,808,854,872,916,917,918,936,981,1000,1045,1064,1109,1128,1172,1173,1192,1236,1256,1257,1299,1300,1321,1364,1385,1449,1513,1514,1578,1642,1706}
Current function value: 1.1607486009691796E9
s**********************************************: 12
Current result: {2308,2372,2436,2500,2504,2505,2564,2566,2567,2568,2626,2627,2628,2629,2630,2690,2754,2818,2882,2946,3010,3074,3138,3202,3266,3330,3394,3458,3522,3586,3587,3588,3589,3590,3650,3713,3714,3777}
Current function value: 1.1647946037527611E9
s**********************************************: 10
Current result: {1640,1641,1642,1704,1768,1832,1896,1958,1959,1960,1961,2025,2089,2153,2154,2155,2156,2157,2164,2221,2222,2223,2224,2225,2226,2227,2228}
Current function value: 1.1427014279087806E9
------------------------------ test ends --------------------------------
