
------------------------------ test starts ------------------------------ 
s**********************************************: 3
Current result: {2813,2877,2878,2942,3006,3007}
Current function value: 1.1762202047393265E9
s**********************************************: 5
Current result: {3071,3135,3199,3261,3262,3263,3325,3389,3453,3517}
Current function value: 1.1763183829594243E9
s**********************************************: 2
Current result: {2225,2226,2290,2291}
Current function value: 1.1794321957912693E9
s**********************************************: 11
Current result: {2034,2035,2036,2098,2161,2162,2226,2227,2228,2229,2230,2231,2232,2296,2360,2424,2425,2426,2490,2554,2618,2619,2620,2684,2748,2812,2813,2877,2941,3005,3069,3133,3197,3198,3199,3263,3327,3391,3455,3519,3583,3647,3711,3775,3839}
Current function value: 1.1687550959507723E9
s**********************************************: 9
Current result: {2003,2066,2067,2130,2194,2258,2322,2323,2324,2388,2448,2452,2512,2516,2576,2577,2578,2579,2580}
Current function value: 1.1687441025446086E9
s**********************************************: 7
Current result: {1514,1576,1577,1578,1639,1640,1703,1767,1831,1832,1833,1895,1959,1960}
Current function value: 1.1509708354388397E9
s**********************************************: 6
Current result: {2051,2115,2116,2180,2244,2245,2246,2308,2372,2436,2437,2501,2565,2629,2630,2631,2695,2696,2760,2761,2825,2888,2889}
Current function value: 1.1734377220303254E9
s**********************************************: 10
Current result: {2052,2053,2054,2116,2178,2179,2180,2241,2242,2243,2305,2307,2309,2371,2372,2373,2437,2501,2502}
Current function value: 1.16840985059181E9
s**********************************************: 13
Current result: {866,867,868,869,870,871,872,873,929,930,936,937,1000,1064,1065,1066,1130,1194,1258,1322,1386,1387,1451,1515,1579,1643,1706,1707,1767,1768,1769,1770,1832}
Current function value: 1.1571163232087464E9
s**********************************************: 4
Current result: {2118,2182,2183,2184,2248,2312,2313,2377,2441,2501,2502,2503,2504,2505,2563,2564,2565,2627}
Current function value: 1.1654442086864333E9
s**********************************************: 15
Current result: {844,845,846,847,848,849,850,914,915,979,980,1044,1108,1172,1235,1236,1299,1356,1357,1358,1362,1363,1420,1422,1423,1424,1425,1426,1484,1545,1546,1547,1548,1609,1673,1737,1801,1865,1929,1987,1993,2051,2052,2053,2054,2055,2056,2057,2114,2115,2116,2121,2180,2185,2186,2250,2314,2378,2379,2382,2383,2443,2444,2445,2446,2507,2569,2570,2571,2632,2633,2693,2694,2695,2696,2697,2761,2825,2889}
Current function value: 1.149995892699045E9
s**********************************************: 12
Current result: {1641,1642,1704,1705,1767,1768,1831,1895,1896,1960,1961,1962,1963,2027,2028,2029,2030,2031,2032,2096,2097,2161,2162,2163,2227,2291,2354,2355}
Current function value: 1.1410315271204047E9
s**********************************************: 8
Current result: {791,802,855,863,864,865,866,919,920,921,922,923,924,925,926,927,930,983,994,1047,1058,1059,1060,1111,1124,1174,1175,1188,1189,1190,1191,1192,1193,1238,1257,1302,1321,1365,1366,1385,1429,1449,1493,1512,1513,1514,1515,1557,1576,1620,1621,1640,1684,1704,1744,1745,1746,1747,1748,1768,1808,1832,1833,1834,1872,1936,2000,2052,2053,2054,2055,2056,2057,2058,2059,2060,2061,2062,2063,2064,2116,2180,2244,2308,2372,2436,2500,2564,2565,2629,2630,2631,2695}
Current function value: 1.144219297889505E9
s**********************************************: 14
Current result: {1192,1256,1320,1384,1386,1448,1449,1450,1514,1578,1642,1703,1704,1705,1706,1767,1770,1820,1821,1822,1823,1824,1825,1826,1827,1828,1829,1830,1831,1895}
Current function value: 1.1270335716408663E9
------------------------------ test ends --------------------------------
