
------------------------------ test starts ------------------------------ 
s**********************************************: 9
Current result: {2813,2877,2941,3005,3069,3133,3197,3198,3261,3325,3389,3453,3454,3518,3519,3583,3647,3711,3775,3839}
Current function value: 1.172177834830765E9
s**********************************************: 2
Current result: {3519,3583,3647,3711,3775,3839}
Current function value: 1.1784431170635042E9
s**********************************************: 7
Current result: {3069,3070,3134,3135,3198,3199,3262,3325,3326,3327,3389,3391,3455,3519,3583,3647}
Current function value: 1.1763745782678971E9
s**********************************************: 3
Current result: {3390,3454,3518,3582,3646,3710}
Current function value: 1.1758008759193146E9
s**********************************************: 15
Current result: {1876,1940,2003,2004,2067,2131,2178,2195,2242,2252,2253,2254,2255,2256,2257,2258,2259,2306,2313,2314,2315,2316,2370,2371,2372,2373,2374,2375,2376,2377,2439,2503,2567,2631,2695,2759,2823,2887,2951,3015,3077,3078,3079,3140,3141,3204,3268,3332,3396,3460,3524,3586,3587,3588,3650,3714,3715,3716,3717,3778,3779}
Current function value: 1.15280277234837E9
s**********************************************: 12
Current result: {2620,2684,2748,2812,2813,2814,2815,2878,2942,2943,3007,3071,3135,3199,3263,3327,3391,3455,3518,3519,3582,3646,3710,3774}
Current function value: 1.1682685844761176E9
s**********************************************: 6
Current result: {3198,3262,3326,3390,3454,3517,3518,3581,3645,3709,3773,3774,3775}
Current function value: 1.1711119320256648E9
s**********************************************: 4
Current result: {728,729,792,856,857,858,859,860,861,862,863,864,928,929}
Current function value: 1.1741495285394835E9
s**********************************************: 11
Current result: {2438,2439,2501,2502,2565,2629,2632,2693,2694,2695,2696,2760,2824,2888,2952,3016,3080,3144,3208,3272,3335,3336,3399,3462,3463,3522,3526,3586,3587,3588,3589,3590,3650,3713,3714,3776,3777}
Current function value: 1.1640563347796233E9
s**********************************************: 10
Current result: {935,999,1063,1127,1191,1192,1193,1194,1195,1196,1260,1324,1388,1451,1452,1514,1515,1578,1642,1643,1707}
Current function value: 1.1675795762380552E9
s**********************************************: 8
Current result: {2436,2500,2564,2628,2690,2691,2692,2753,2754,2818,2882,2946,3009,3010,3073,3074,3138,3202}
Current function value: 1.1714859200464425E9
s**********************************************: 5
Current result: {725,726,727,789,791,792,852,853,856,917}
Current function value: 1.1701222464419727E9
s**********************************************: 14
Current result: {725,726,727,788,789,791,844,845,846,847,848,849,850,851,852,855,906,907,908,916,968,969,970,1032,1095,1096,1159,1223}
Current function value: 1.156745159072751E9
s**********************************************: 13
Current result: {607,608,609,610,668,669,670,671,674,716,717,718,727,728,729,730,731,732,738,770,771,772,773,774,775,776,777,778,779,780,782,790,791,802,803,804,805,806,807,808,809,834,846,847,848,849,850,851,853,854,873,898,915,916,917,937,962,981,1001,1002,1025,1026,1065,1089,1129,1153,1193,1217,1257,1258,1281,1322,1345,1386,1409,1450,1472,1473,1514,1536,1578,1600,1642,1664,1706,1707,1728,1771,1792,1835,1856,1899,1920,1963,1984,1985,1986,1987,2027,2028,2029,2030,2034,2051,2067,2094,2095,2096,2097,2098,2099,2115,2116,2131,2163,2180,2193,2194,2195,2227,2244,2245,2256,2257,2291,2307,2308,2309,2310,2311,2312,2313,2314,2315,2316,2317,2318,2319,2320,2355,2371,2376,2419,2435,2440,2483,2504,2505,2547,2548,2549,2550,2551,2552,2553,2569,2617,2628,2629,2630,2631,2632,2633,2681,2697,2745,2809,2873,2937,2941,3001,3002,3003,3004,3005,3069,3133,3197,3198,3262,3263,3327,3391,3455,3519,3582,3583,3646,3710}
Current function value: 1.1213909180309973E9
------------------------------ test ends --------------------------------
