
------------------------------ test starts ------------------------------ 
s**********************************************: 2
Current result: {854,918,919,983}
Current function value: 1.1792347454916506E9
s**********************************************: 3
Current result: {1292,1293,1294,1295,1296,1360}
Current function value: 1.1787628248478484E9
s**********************************************: 5
Current result: {666,730,731,793,794,858,917,918,919,920,921,922,981,1044,1045,1107,1108,1171,1235}
Current function value: 1.177576248169255E9
s**********************************************: 7
Current result: {983,1047,1111,1112,1169,1170,1171,1172,1173,1174,1175,1176,1233,1296,1297,1360}
Current function value: 1.1766960448863387E9
s**********************************************: 14
Current result: {790,854,855,856,918,920,921,922,981,982,986,987,988,989,1045,1053,1108,1109,1117,1168,1169,1170,1171,1172,1232,1296,1360,1424,1488,1551,1552,1612,1613,1614,1615,1676,1740}
Current function value: 1.1734548199962764E9
s**********************************************: 10
Current result: {664,665,666,728,792,793,857,918,919,920,921,981,982,1044,1045,1046,1105,1106,1107,1108,1169}
Current function value: 1.1757751519068685E9
s**********************************************: 8
Current result: {918,982,1042,1043,1044,1045,1046,1106,1168,1170,1232,1233,1234,1292,1293,1294,1295,1296,1356}
Current function value: 1.1756754337164528E9
s**********************************************: 6
Current result: {2624,2625,2626,2627,2691,2693,2755,2756,2757,2820,2884,2948,3012,3013,3014,3015,3079,3143,3144}
Current function value: 1.1707869586425354E9
s**********************************************: 15
Current result: {790,852,853,854,855,856,857,858,915,916,922,979,1043,1107,1168,1169,1170,1171,1228,1229,1230,1231,1232,1292,1356,1420,1484,1485,1549,1612,1613,1676,1684,1740,1741,1742,1743,1744,1745,1746,1747,1748}
Current function value: 1.1574898273120158E9
s**********************************************: 11
Current result: {727,728,729,730,791,794,854,855,918,982,1046,1047,1048,1112,1176,1240,1304,1367,1368,1431,1495,1559,1622,1623,1686,1750,1813,1814}
Current function value: 1.1594204049135425E9
s**********************************************: 4
Current result: {919,920,921,922,923,981,982,983,1043,1044,1045,1107,1171,1172,1236,1300,1364,1428,1492,1556,1620,1684,1748,1749,1813,1877}
Current function value: 1.1534832351920266E9
s**********************************************: 12
Current result: {853,854,855,915,916,917,919,979,1043,1107,1170,1171,1234,1298,1362,1363,1427,1491,1492,1556,1620,1683,1684,1685,1748,1809,1810,1811,1812,1872,1873}
Current function value: 1.144996030741603E9
s**********************************************: 13
Current result: {860,918,919,920,921,922,923,924,982,1046,1104,1110,1168,1174,1232,1237,1238,1239,1240,1241,1296,1297,1298,1299,1300,1301,1360,1365,1424,1429,1488,1493,1552,1557,1616,1621,1680}
Current function value: 1.1603056845442104E9
s**********************************************: 9
Current result: {1042,1043,1044,1106,1170,1171,1172,1236,1300,1364,1428,1491,1492,1556,1557,1621,1622}
Current function value: 1.1649238714431486E9
------------------------------ test ends --------------------------------
