
------------------------------ test starts ------------------------------ 
s**********************************************: 9
Current result: {733,797,798,799,859,860,861,923,984,985,986,987,1049,1113,1177,1241,1305,1306}
Current function value: 1.176682856462501E9
s**********************************************: 10
Current result: {797,858,859,860,861,862,919,920,921,922,981,982,983,1045,1109,1173,1237,1301,1365,1429,1493,1557,1621}
Current function value: 1.1678420315686872E9
s**********************************************: 6
Current result: {918,919,920,981,982,984,985,986,987,988,1044,1045,1050,1108,1172,1236,1300,1301,1365,1429,1493,1557}
Current function value: 1.1703891036254144E9
s**********************************************: 14
Current result: {740,803,804,805,806,807,856,857,858,859,860,861,862,863,864,865,866,867,871,917,918,919,920,935,984,999,1048,1112,1113,1177,1240,1241,1302,1303,1304,1366,1430,1494,1558,1622,1623,1686,1750,1814,1878,1941,1942,2005,2069}
Current function value: 1.1639578622400348E9
s**********************************************: 11
Current result: {1750,1814,1878,1942,2006,2070,2134,2198,2262,2263,2264,2265,2327,2391,2451,2452,2453,2454,2455,2514,2515,2578,2642}
Current function value: 1.1599584019720204E9
s**********************************************: 4
Current result: {3206,3207,3271,3334,3335,3396,3397,3398,3462}
Current function value: 1.1761272639983969E9
s**********************************************: 8
Current result: {920,921,922,984,986,987,988,989,1048,1053,1054,1109,1110,1111,1112,1118,1173,1237,1301,1365,1429,1493,1557,1621,1685,1749,1813,1877,1941,2005,2069,2133,2197,2261,2323,2324,2325,2386,2387,2450,2513,2514}
Current function value: 1.1671419889798276E9
s**********************************************: 2
Current result: {3522,3586,3587,3588}
Current function value: 1.17941533382407E9
s**********************************************: 3
Current result: {736,737,800,801,802,803,867}
Current function value: 1.1791548876709988E9
s**********************************************: 12
Current result: {2511,2512,2513,2514,2515,2516,2575,2639,2703,2767,2831,2892,2893,2894,2895,2950,2951,2952,2953,2954,2955,2956,3014,3078}
Current function value: 1.175258148720542E9
s**********************************************: 15
Current result: {607,608,609,610,611,612,613,669,670,671,677,730,731,732,733,740,741,794,804,856,857,858,868,920,984,1048,1049,1050,1051,1113}
Current function value: 1.1715435100356846E9
s**********************************************: 7
Current result: {858,859,920,921,922,984,1048,1049,1113,1177,1178,1240,1241,1242}
Current function value: 1.1771139154155538E9
s**********************************************: 13
Current result: {807,869,870,871,872,873,929,930,931,932,933,937,993,1001,1002,1057,1065,1114,1115,1116,1117,1118,1119,1120,1121,1129,1178,1242,1306,1366,1367,1368,1369,1370,1430,1494,1556,1557,1558,1622,1686,1750,1814,1878,1942,2006,2070,2134,2198,2262}
Current function value: 1.15644452373492E9
s**********************************************: 5
Current result: {2253,2254,2255,2256,2320,2321,2385,2449,2513,2577,2578,2579,2641,2643,2705,2769,2832,2833,2891,2892,2893,2894,2895,2896,2951,2952,2953,2954,2955,3015,3079,3080,3144,3208,3272,3335,3336,3397,3398,3399,3461,3525,3589,3649,3650,3651,3653,3715,3716,3717}
Current function value: 1.1702560954809182E9
------------------------------ test ends --------------------------------
