
------------------------------ test starts ------------------------------ 
s**********************************************: 4
Current result: {2382,2446,2447,2448,2511,2512,2513,2575,2577}
Current function value: 1.1797111305681403E9
s**********************************************: 10
Current result: {1367,1431,1432,1494,1495,1559,1623,1687,1751,1752,1816,1880,1881,1945,2009,2072,2073,2136,2200,2264,2265}
Current function value: 1.1620216177427995E9
s**********************************************: 7
Current result: {732,796,858,859,860,922,986,1050,1114,1177,1178,1241,1305,1369,1432,1433,1495,1496,1560}
Current function value: 1.1770712689111075E9
s**********************************************: 11
Current result: {987,1049,1050,1051,1113,1176,1177,1239,1240,1303,1304,1367,1431,1495,1559,1560,1623,1624,1687,1751,1752,1753,1815}
Current function value: 1.1703457530005531E9
s**********************************************: 5
Current result: {3390,3454,3455,3519,3583,3647,3711,3774,3775,3839}
Current function value: 1.1763118208945599E9
s**********************************************: 3
Current result: {861,924,925,987,988,1050,1051,1114}
Current function value: 1.1787972448306408E9
s**********************************************: 9
Current result: {732,733,734,735,736,737,796,860,861,924,988,1052,1114,1115,1116,1178,1242,1305,1306,1367,1368,1369,1431,1432,1496,1560,1624,1688,1751,1752,1815,1879,1943,2007,2051,2052,2053,2066,2067,2068,2069,2070,2071,2117,2127,2128,2130,2181,2182,2183,2190,2191,2192,2193,2194,2245,2247,2248,2249,2250,2251,2252,2253,2254,2309,2373,2437,2501,2565,2628,2629,2693,2694,2695,2696,2697,2761,2825,2889,2953,3016,3017,3076,3077,3078,3079,3080,3140,3142,3206,3269,3270,3332,3333,3392,3396,3456,3457,3458,3459,3460}
Current function value: 1.1571585396165583E9
s**********************************************: 15
Current result: {734,735,736,737,796,797,798,860,921,922,924,984,985,986,987,988,1048,1112,1113,1177,1241,1304,1305,1369,1433,1497,1559,1560,1561,1562,1622,1623,1686,1750,1814,1878,1940,1941,1942,2004,2068,2131,2132,2195,2259,2323,2387,2451,2452,2453,2454,2517,2573,2574,2575,2576,2577,2578,2579,2580,2581,2636,2637,2699,2700,2760,2761,2762,2763,2824,2888,2952,3016,3080,3143,3144,3206,3207,3269,3270,3333}
Current function value: 1.1639805214370146E9
s**********************************************: 13
Current result: {2062,2063,2064,2065,2066,2126,2189,2190,2253,2317,2381,2445,2509,2573,2636,2637,2699,2700,2763,2825,2826,2827,2889,2890,2954,3018,3082,3145,3146,3208,3209,3270,3271,3272,3334,3398,3462,3526,3590}
Current function value: 1.1595956176619482E9
s**********************************************: 12
Current result: {796,797,798,799,859,860,924,988,1052,1116,1180,1241,1242,1243,1244,1305,1369,1433,1496,1497,1560,1624,1688,1752,1816,1879,1880,1943,2007,2066,2067,2068,2069,2071,2130,2133,2134,2135,2194,2199,2263,2264,2328}
Current function value: 1.164912469947445E9
s**********************************************: 2
Current result: {860,861,924,986,987,988}
Current function value: 1.1793179666213288E9
s**********************************************: 14
Current result: {3016,3017,3018,3079,3080,3082,3143,3146,3147,3205,3206,3207,3270,3334,3398,3461,3462,3526,3587,3588,3589,3590,3651,3714,3715,3776,3777,3778}
Current function value: 1.172255142943157E9
s**********************************************: 6
Current result: {799,857,858,859,860,861,862,863,921,985,1049,1113}
Current function value: 1.1776741037472122E9
s**********************************************: 8
Current result: {924,983,984,987,988,1048,1049,1051,1113,1114,1115,1177,1178,1241,1305,1369}
Current function value: 1.1768242968887835E9
------------------------------ test ends --------------------------------
