
------------------------------ test starts ------------------------------ 
s**********************************************: 3
Current result: {1385,1386,1450,1514,1578,1642,1706,1770,1834}
Current function value: 1.1664069560247314E9
s**********************************************: 6
Current result: {1834,1835,1899,1963,2027,2028,2029,2093,2094,2095,2096,2160,2161,2162,2226,2227,2291}
Current function value: 1.1669762983066525E9
s**********************************************: 11
Current result: {847,848,849,850,851,852,916,980,1044,1108,1172,1236,1300,1364,1428,1492,1493,1557,1621,1622,1623,1686,1750,1814}
Current function value: 1.1636054152989542E9
s**********************************************: 5
Current result: {1770,1771,1835,1898,1899,1962,1963,2026,2089,2090,2153,2217,2281,2345}
Current function value: 1.1580724166916294E9
s**********************************************: 7
Current result: {2068,2069,2133,2197,2261,2325,2326,2328,2389,2392,2453,2454,2455,2456}
Current function value: 1.1612171349249885E9
s**********************************************: 8
Current result: {1190,1254,1318,1319,1320,1384,1385,1449,1450,1514,1578,1642,1706,1707,1771,1835,1899}
Current function value: 1.156314668364636E9
s**********************************************: 15
Current result: {1183,1184,1185,1186,1187,1188,1189,1190,1191,1192,1193,1194,1246,1247,1258,1259,1302,1303,1304,1305,1306,1307,1308,1309,1310,1323,1366,1386,1387,1388,1430,1450,1494,1514,1558,1578,1622,1642,1643,1686,1706,1707,1749,1750,1770,1813,1834,1877,1941,2005,2069,2133,2134,2198,2262,2326,2327,2391}
Current function value: 1.1177346246274393E9
s**********************************************: 4
Current result: {1450,1514,1578,1642,1706,1770,1834,1898}
Current function value: 1.1647197402900012E9
s**********************************************: 13
Current result: {1382,1383,1447,1448,1449,1450,1514,1578,1642,1706,1770,1834,1835,1897,1898,1961,2025,2089,2153,2217,2281,2345,2409,2473,2537}
Current function value: 1.1289394552302701E9
s**********************************************: 9
Current result: {1642,1706,1770,1834,1898,1962,1963,1964,1965,1966,2030,2094,2095,2096,2097,2098,2162,2226,2227,2228,2291,2355,2419}
Current function value: 1.1576969800976725E9
s**********************************************: 2
Current result: {2281,2345,2346,2409}
Current function value: 1.163743942234302E9
s**********************************************: 12
Current result: {2232,2233,2297,2298,2299,2363,2427,2491,2555,2619,2683,2684,2748,2812,2876,2940,3003,3004,3068,3069,3133,3134,3135,3197,3261}
Current function value: 1.1711226469700713E9
s**********************************************: 14
Current result: {1063,1127,1128,1188,1189,1190,1191,1192,1256,1318,1319,1320,1321,1322,1382,1386,1450,1514,1515,1516,1579,1642,1643,1706,1707,1770}
Current function value: 1.1430370379862227E9
s**********************************************: 10
Current result: {2258,2259,2260,2261,2262,2320,2321,2322,2326,2327,2328,2379,2380,2381,2382,2383,2384,2392,2443,2507,2571}
Current function value: 1.162103951874466E9
------------------------------ test ends --------------------------------
