
------------------------------ test starts ------------------------------ 
s**********************************************: 5
Current result: {2054,2118,2182,2183,2184,2185,2186,2248,2311,2312}
Current function value: 1.1735555803530242E9
s**********************************************: 12
Current result: {2179,2243,2307,2308,2309,2310,2311,2312,2313,2314,2378,2442,2505,2506,2568,2569,2633,2692,2697,2756,2757,2758,2759,2760,2761}
Current function value: 1.1688049154784467E9
s**********************************************: 6
Current result: {2245,2308,2309,2370,2371,2372,2434,2498,2562,2626,2627,2691}
Current function value: 1.1758373050540352E9
s**********************************************: 10
Current result: {2115,2179,2243,2307,2308,2309,2372,2373,2374,2375,2376,2434,2435,2436,2498,2562,2563,2627,2691,2692}
Current function value: 1.1717331984193177E9
s**********************************************: 2
Current result: {3326,3327,3391,3455}
Current function value: 1.179026911288015E9
s**********************************************: 13
Current result: {1999,2054,2055,2056,2063,2064,2114,2118,2120,2121,2122,2128,2178,2179,2180,2181,2182,2186,2192,2243,2250,2251,2252,2256,2307,2316,2317,2318,2319,2320}
Current function value: 1.167170603296306E9
s**********************************************: 15
Current result: {2502,2566,2569,2628,2629,2630,2631,2632,2633,2694,2695,2696,2757,2758,2821,2885,2948,2949,3012,3076,3139,3140,3203,3266,3267,3330,3394,3458,3522,3586,3650,3714}
Current function value: 1.1598324259785936E9
s**********************************************: 7
Current result: {2245,2246,2307,2308,2309,2370,2371,2435,2499,2563,2564,2628,2629,2630,2631,2692,2756}
Current function value: 1.1726924972253716E9
s**********************************************: 8
Current result: {2307,2308,2372,2436,2440,2500,2504,2564,2565,2566,2567,2568,2569,2633,2697,2761,2824,2825,2889,2952,2953,2954,2955}
Current function value: 1.1679716015058784E9
s**********************************************: 4
Current result: {2878,2942,3006,3070,3132,3133,3134,3196}
Current function value: 1.1766529196310747E9
s**********************************************: 3
Current result: {3004,3068,3069,3070,3134,3198}
Current function value: 1.1768912319078958E9
s**********************************************: 14
Current result: {1582,1646,1710,1773,1774,1837,1901,1965,2029,2030,2094,2095,2096,2160,2224,2287,2288,2289,2346,2347,2348,2349,2350,2351,2353,2411,2412}
Current function value: 1.1502142328477504E9
s**********************************************: 9
Current result: {2053,2054,2055,2056,2116,2117,2120,2135,2180,2184,2185,2186,2187,2199,2251,2263,2315,2316,2317,2327,2328,2379,2381,2382,2383,2384,2385,2386,2387,2388,2389,2390,2391,2443,2506,2507,2570,2629,2630,2631,2632,2633,2634,2693}
Current function value: 1.1591309668677983E9
s**********************************************: 11
Current result: {2055,2119,2183,2247,2311,2375,2438,2439,2502,2566,2629,2630,2693,2694,2695,2696,2697,2761,2762,2826,2890,2954}
Current function value: 1.1710996421408627E9
------------------------------ test ends --------------------------------
