
------------------------------ test starts ------------------------------ 
s**********************************************: 3
Current result: {2813,2874,2875,2876,2877,2938}
Current function value: 1.1780685105255435E9
s**********************************************: 13
Current result: {2179,2180,2181,2182,2183,2198,2247,2262,2263,2264,2311,2328,2372,2373,2374,2375,2376,2377,2392,2436,2441,2442,2443,2444,2445,2446,2447,2456,2457,2500,2511,2521,2575,2585,2639,2641,2642,2643,2644,2645,2646,2647,2649,2703,2704,2705,2711,2712,2713}
Current function value: 1.150430843442999E9
s**********************************************: 8
Current result: {2249,2313,2314,2315,2316,2317,2318,2319,2375,2376,2377,2378,2439,2503,2504,2568,2632,2696,2760,2824,2888,2952,3016,3019,3075,3076,3077,3078,3079,3080,3081,3082,3083,3139}
Current function value: 1.1675885475949774E9
s**********************************************: 10
Current result: {2247,2248,2311,2375,2439,2440,2504,2568,2569,2633,2697,2761,2825,2826,2890,2954,2955,3018,3081,3082}
Current function value: 1.1693317435427976E9
s**********************************************: 12
Current result: {2249,2250,2313,2376,2377,2392,2441,2453,2454,2455,2456,2505,2506,2507,2508,2509,2510,2511,2512,2513,2514,2515,2516,2517}
Current function value: 1.172182216506614E9
s**********************************************: 15
Current result: {1835,1836,1837,1901,1965,2029,2030,2094,2095,2096,2160,2161,2162,2226,2290,2291,2292,2293,2294,2295,2296,2353,2354,2360,2417,2424,2488,2489,2490,2554,2555,2556,2557,2621,2685,2749,2813,2814,2878,2942,3006,3070,3134}
Current function value: 1.1601828514130564E9
s**********************************************: 2
Current result: {3455,3519,3583,3647,3711}
Current function value: 1.1793447183027768E9
s**********************************************: 9
Current result: {2502,2566,2567,2568,2632,2695,2696,2759,2760,2824,2825,2889,2890,2954,3018,3082,3083,3146}
Current function value: 1.1708405224518237E9
s**********************************************: 4
Current result: {3068,3132,3196,3260,3261,3325,3389,3453,3517,3581,3582}
Current function value: 1.176385262900819E9
s**********************************************: 11
Current result: {2436,2500,2501,2565,2626,2627,2628,2629,2630,2631,2632,2690,2696,2754,2760,2824,2888,2952,3016,3080,3144,3145,3146}
Current function value: 1.1703034559656787E9
s**********************************************: 6
Current result: {2442,2498,2506,2562,2563,2564,2570,2571,2628,2629,2630,2631,2632,2633,2635,2697,2698,2699}
Current function value: 1.1727848969372575E9
s**********************************************: 5
Current result: {2501,2565,2566,2567,2568,2569,2626,2627,2628,2629}
Current function value: 1.176744902731991E9
s**********************************************: 14
Current result: {2051,2115,2179,2243,2307,2371,2435,2436,2437,2501,2502,2503,2504,2568,2632,2694,2696,2758,2759,2760,2823,2824,2887,2951,3015,3079,3141,3142,3143,3205}
Current function value: 1.1679017478584123E9
s**********************************************: 7
Current result: {2249,2313,2377,2441,2505,2569,2630,2631,2632,2633,2691,2692,2693,2694}
Current function value: 1.173748589531348E9
------------------------------ test ends --------------------------------
