
------------------------------ test starts ------------------------------ 
s**********************************************: 12
Current result: {1048,1049,1050,1114,1178,1242,1243,1307,1369,1370,1371,1431,1433,1495,1496,1497,1559,1623,1686,1687,1750,1814,1878,1942,2006,2070,2116,2134,2180,2181,2182,2183,2184,2185,2186,2187,2188,2189,2190,2191,2192,2193,2194,2195,2196,2197,2198,2244,2262,2263,2264,2265,2308,2328,2372,2436,2500,2564,2565,2566,2630,2694,2758,2822,2886,2950,3014,3078,3142,3203,3204,3205,3206,3267,3331,3395}
Current function value: 1.14971248710265E9
s**********************************************: 15
Current result: {983,984,985,986,1050,1114,1177,1178,1241,1305,1368,1369,1430,1431,1432,1494,1556,1557,1558,1620,1684,1748,1749,1813,1876,1877,1940,2004,2068,2132,2196,2259,2260,2323,2387,2451,2515,2579,2629,2630,2639,2640,2641,2642,2643,2693,2703,2757,2758,2765,2766,2767,2822,2829,2886,2887,2892,2893,2951,2952,2953,2954,2955,2956}
Current function value: 1.1582768770771837E9
s**********************************************: 9
Current result: {1304,1366,1367,1368,1428,1429,1430,1494,1558,1622,1686,1750,1814,1877,1878,1941,2005,2069,2133,2197,2260,2261,2324,2325,2326,2327,2388}
Current function value: 1.163075280412446E9
s**********************************************: 14
Current result: {605,606,607,669,671,732,733,735,736,737,738,739,740,794,795,796,801,804,805,806,870,871,935,936,937,1001,1065,1066}
Current function value: 1.1750272673390286E9
s**********************************************: 11
Current result: {736,737,738,739,799,800,863,924,925,926,927,991,992,993,994,995,996,997,998,999,1000,1001,1002,1064}
Current function value: 1.173953015878267E9
s**********************************************: 7
Current result: {674,675,676,677,738,740,741,805,869,870,871,933,934,935,936}
Current function value: 1.1790347376130815E9
s**********************************************: 8
Current result: {3077,3078,3079,3140,3141,3205,3269,3333,3392,3393,3394,3395,3396,3397,3456,3520,3584,3648,3712,3713,3714}
Current function value: 1.1776943008303337E9
s**********************************************: 6
Current result: {804,805,806,865,866,867,868,925,926,927,928,929,989,1051,1052,1053,1113,1114,1115,1176,1177,1240,1302,1303,1304,1367,1428,1429,1430,1431,1492,1556,1620,1684,1748,1812,1876,1937,1938,1939,1940,1941,2001,2005,2065,2115,2129,2179,2193,2243,2257,2307,2321,2371,2372,2385,2436,2449,2500,2501,2502,2503,2504,2505,2506,2507,2508,2509,2510,2511,2513,2564,2575,2577,2628,2639,2640,2641,2692,2756,2757,2821,2885,2949,3013,3077,3141,3205,3206,3269,3333,3396,3397,3458,3459,3460,3522,3524,3584,3585,3586,3648,3712}
Current function value: 1.1608803713709803E9
s**********************************************: 3
Current result: {1428,1429,1430,1431,1493,1557}
Current function value: 1.1763378225094097E9
s**********************************************: 5
Current result: {1556,1557,1558,1620,1684,1748,1812,1876,1940,2004,2067,2068,2131,2195,2259,2323,2387,2451,2515,2575,2579,2639,2640,2641,2642,2643,2703,2767,2829,2830,2831,2891,2892,2893,2955,3014,3015,3016,3017,3018,3019,3078,3142,3206,3207,3269,3270,3332,3333,3396,3457,3458,3459,3460}
Current function value: 1.171474466043927E9
s**********************************************: 2
Current result: {3393,3394,3458}
Current function value: 1.179648E9
s**********************************************: 10
Current result: {673,737,738,739,740,801,865,867,929,930,931,932,933,934,935,936,937,938,1002,1066,1129,1130}
Current function value: 1.1751590342301612E9
s**********************************************: 13
Current result: {736,737,738,739,803,804,868,932,996,999,1000,1001,1002,1060,1061,1062,1063,1066,1067,1131,1132,1196,1197,1261,1325,1389,1453,1517,1579,1580,1581}
Current function value: 1.1677948899269915E9
s**********************************************: 4
Current result: {1237,1301,1365}
Current function value: 1.1771189280815046E9
------------------------------ test ends --------------------------------
