
------------------------------ test starts ------------------------------ 
s**********************************************: 2
Current result: {853,917,981,1045}
Current function value: 1.1792421440426292E9
s**********************************************: 3
Current result: {3710,3711,3775,3837,3838,3839}
Current function value: 1.1655208167685692E9
s**********************************************: 10
Current result: {856,918,919,920,921,981,982,1045,1109,1173,1237,1301,1365,1428,1429,1492,1556,1620,1621,1684,1685,1749,1813,1877}
Current function value: 1.1481392518891141E9
s**********************************************: 11
Current result: {859,860,920,923,984,987,1048,1049,1050,1051,1114,1176,1177,1178,1240,1304,1366,1367,1368,1430,1494,1558,1621,1622,1684,1685,1740,1741,1748,1805,1812,1869,1870,1871,1876,1935,1936,1937,1938,1939,1940}
Current function value: 1.1318984853156562E9
s**********************************************: 7
Current result: {734,735,798,859,860,861,862,923,984,985,986,987,1045,1046,1047,1048,1108,1109,1172,1235,1236}
Current function value: 1.1769827621333055E9
s**********************************************: 4
Current result: {1619,1683,1747,1806,1807,1808,1809,1810,1811}
Current function value: 1.1632570961809611E9
s**********************************************: 13
Current result: {664,728,792,796,855,856,860,919,924,983,984,985,986,987,988,1043,1044,1045,1046,1047,1107,1171,1235,1299,1300,1364,1428,1492,1556,1620,1684,1685,1749,1813,1877,1940,1941}
Current function value: 1.1418545359744515E9
s**********************************************: 8
Current result: {789,790,791,792,853,917,981,1045,1109,1172,1173,1236,1299,1300,1363,1427,1491,1555,1619,1620,1684,1748,1749,1812}
Current function value: 1.1514559493131063E9
s**********************************************: 15
Current result: {1683,1740,1741,1742,1743,1744,1745,1746,1747,1797,1798,1799,1800,1801,1802,1803,1804,1806,1811,1812,1813,1861,1870,1876,1877,1924,1925,1934,1940,1985,1986,1987,1988,2049,2113,2177,2241,2305,2369,2370,2434,2435,2499,2500,2501,2502,2566,2630,2694,2758,2820,2821,2822,2823,2884,2948,3012,3076,3138,3139,3140}
Current function value: 1.121001888168435E9
s**********************************************: 12
Current result: {3195,3258,3259,3322,3323,3387,3388,3451,3452,3516,3517,3518,3582,3646,3647,3708,3711,3772,3773,3774,3775,3836,3839}
Current function value: 1.1440170602554717E9
s**********************************************: 5
Current result: {3131,3132,3133,3195,3259,3323,3387,3451,3515,3579,3643,3644,3708,3772,3773,3774,3775,3836,3839}
Current function value: 1.153234659411296E9
s**********************************************: 6
Current result: {917,918,979,980,981,1043,1107,1171,1235,1236,1300,1364,1428,1492,1556,1620,1684,1685,1743,1748,1807,1808,1809,1810,1811,1812,1813}
Current function value: 1.1488847057405047E9
s**********************************************: 9
Current result: {1556,1620,1677,1678,1683,1684,1742,1743,1744,1745,1746,1747,1748,1749,1806,1812,1813,1877}
Current function value: 1.1298153449951763E9
s**********************************************: 14
Current result: {915,979,980,1043,1044,1045,1046,1107,1110,1171,1235,1299,1363,1427,1491,1555,1619,1620,1683,1740,1747,1804,1805,1806,1807,1808,1809,1810,1811,1868,1875,1932,1993,1994,1995,1996,2057,2121,2185,2249,2313,2376,2377,2439,2440,2503,2567,2631,2695,2757,2759,2821,2823,2885,2886,2887}
Current function value: 1.138219252410569E9
------------------------------ test ends --------------------------------
