
------------------------------ test starts ------------------------------ 
s**********************************************: 5
Current result: {1621,1622,1685,1749,1813,1875,1876,1877,1939,1940}
Current function value: 1.171544876401822E9
s**********************************************: 15
Current result: {2557,2558,2559,2623,2686,2687,2750,2812,2813,2814,2875,2876,2940,2941,3005,3069,3132,3133,3134,3135,3196,3198,3199,3260,3324,3325,3389,3390,3454,3518}
Current function value: 1.173400441240135E9
s**********************************************: 12
Current result: {1514,1578,1642,1706,1707,1771,1835,1899,1963,2026,2027,2028,2029,2090,2093,2094,2095,2153,2154,2159,2217,2223,2224,2225,2281,2289,2297,2345,2353,2354,2355,2356,2357,2358,2359,2360,2361,2424,2425,2426,2490,2491,2555,2619,2683,2747,2748,2812,2876,2940,3004,3068,3069,3070,3071,3135,3199,3263,3327,3390,3391,3454}
Current function value: 1.1469018071252952E9
s**********************************************: 9
Current result: {1513,1514,1578,1642,1706,1707,1771,1835,1898,1899,1962,1963,1964,1965,1966,1967,1968,1969,1970,2034,2035,2036,2100}
Current function value: 1.1500436551010735E9
s**********************************************: 10
Current result: {2195,2196,2197,2198,2259,2262,2263,2323,2327,2385,2386,2387,2391,2449,2513,2577,2638,2639,2640,2641,2697,2698,2699,2700,2701,2702,2760,2761,2824,2888,2952,3016,3079,3080,3142,3143,3205,3206,3269,3333,3397,3461,3525,3589,3652,3653,3713,3714,3715,3716}
Current function value: 1.1564506808511581E9
s**********************************************: 11
Current result: {1847,1848,1912,1972,1976,2036,2040,2100,2104,2164,2165,2166,2167,2168,2227,2228,2232,2291,2296,2355,2360,2424,2488,2552,2616,2617,2681,2745,2809,2810,2811,2812,2876,2877,2878,2941,3005}
Current function value: 1.1669312303857589E9
s**********************************************: 2
Current result: {1771,1835,1898,1899}
Current function value: 1.169909963336989E9
s**********************************************: 13
Current result: {2115,2179,2180,2244,2308,2372,2373,2374,2375,2439,2440,2441,2442,2443,2507,2571,2635,2697,2698,2699,2761,2822,2823,2824,2825,2886,2949,2950,3013,3077,3141,3205,3269,3270,3334}
Current function value: 1.1644949565152726E9
s**********************************************: 7
Current result: {1174,1237,1238,1239,1300,1301,1303,1364,1428,1492,1556,1620,1684,1748,1812,1875,1876}
Current function value: 1.171547120217432E9
s**********************************************: 3
Current result: {3327,3391,3455,3519,3583,3647}
Current function value: 1.1794173243597145E9
s**********************************************: 6
Current result: {2178,2179,2180,2181,2182,2246,2247,2311,2375,2439,2503,2567,2631,2695,2759,2760,2761,2762,2824,2888,2952,3016,3080,3144,3207,3208,3271,3335,3399,3463,3527,3586,3587,3588,3589,3590,3591,3648,3649,3650,3712}
Current function value: 1.1667806135147803E9
s**********************************************: 14
Current result: {1385,1449,1513,1514,1578,1642,1706,1770,1834,1898,1962,1963,2027,2091,2154,2155,2156,2157,2158,2218,2222,2223,2224,2225,2226,2227,2281,2282,2345}
Current function value: 1.139543803800624E9
s**********************************************: 8
Current result: {2951,3015,3079,3143,3206,3207,3270,3271,3334,3397,3398,3461,3522,3523,3524,3525,3588,3652,3716,3780}
Current function value: 1.165150446361244E9
s**********************************************: 4
Current result: {2379,2380,2381,2382,2383,2443,2447,2506,2507}
Current function value: 1.1782574959549751E9
------------------------------ test ends --------------------------------
