
------------------------------ test starts ------------------------------ 
s**********************************************: 12
Current result: {981,982,983,1041,1042,1043,1044,1045,1101,1102,1103,1104,1105,1165,1229,1293,1357,1420,1421,1484,1548,1612,1621,1676,1677,1678,1679,1680,1681,1682,1683,1685,1740,1744,1747,1748,1749,1808,1813}
Current function value: 1.1324388815591004E9
s**********************************************: 11
Current result: {920,981,982,983,984,1044,1045,1107,1108,1171,1235,1236,1237,1300,1364,1428,1492,1556,1620,1684,1685,1749,1813,1872,1873,1874,1875,1876,1877,1936}
Current function value: 1.137490180760171E9
s**********************************************: 2
Current result: {3710,3774,3837,3838}
Current function value: 1.166863933363234E9
s**********************************************: 10
Current result: {731,732,733,794,795,858,919,920,921,922,983,1044,1045,1046,1047,1108,1172,1236,1300,1364,1428,1492,1556,1620,1621,1622,1684,1686,1748}
Current function value: 1.15212097967433E9
s**********************************************: 7
Current result: {788,789,790,791,852,916,979,980,1043,1107,1171,1235,1299,1363,1427,1491,1555,1619,1620,1621,1685,1749,1813}
Current function value: 1.1508085278848424E9
s**********************************************: 8
Current result: {3195,3196,3259,3323,3387,3451,3452,3516,3517,3581,3645,3708,3709,3710,3711,3775}
Current function value: 1.1557176903412015E9
s**********************************************: 3
Current result: {667,731,795,859,860,861,862}
Current function value: 1.1790064094475906E9
s**********************************************: 4
Current result: {3008,3009,3010,3011,3012,3013,3014,3015,3072,3078,3079,3136,3142,3200}
Current function value: 1.1750164035668318E9
s**********************************************: 15
Current result: {790,791,854,917,918,919,981,1045,1108,1109,1172,1236,1300,1364,1428,1492,1556,1620,1678,1679,1680,1681,1682,1683,1684,1742,1744,1806,1870,1871}
Current function value: 1.1427971682685544E9
s**********************************************: 14
Current result: {664,728,789,790,791,792,793,794,853,858,917,981,1045,1109,1164,1165,1166,1167,1168,1169,1170,1171,1172,1173,1228,1292,1293,1357,1421,1422,1486,1487,1488,1552,1616,1680,1742,1743,1744,1807,1871,1935,1999,2051,2063,2115,2116,2127,2180,2191,2244,2255,2308,2309,2310,2311,2318,2319,2372,2375,2376,2377,2378,2379,2380,2381,2382,2436,2445,2499,2500,2562,2563,2625,2626,2690,2691,2755,2756,2757,2821,2822,2823,2887,2951,3013,3014,3015,3077,3141,3205}
Current function value: 1.1518406994101677E9
s**********************************************: 6
Current result: {2822,2823,2882,2883,2884,2885,2886,2946,2950,3014,3078,3142}
Current function value: 1.169050731423979E9
s**********************************************: 5
Current result: {1744,1745,1746,1747,1748,1749,1813,1814,1878,1942}
Current function value: 1.1529841963569853E9
s**********************************************: 13
Current result: {921,922,923,924,984,985,1048,1110,1111,1112,1113,1174,1238,1302,1366,1430,1494,1558,1622,1686,1740,1741,1742,1743,1744,1745,1746,1747,1748,1749,1750,1812}
Current function value: 1.158076832089627E9
s**********************************************: 9
Current result: {852,853,854,855,856,916,919,980,1044,1108,1172,1236,1300,1364,1428,1492,1556,1620,1621,1622,1683,1684,1745,1746,1747}
Current function value: 1.155089910973166E9
------------------------------ test ends --------------------------------
