
------------------------------ test starts ------------------------------ 
s**********************************************: 12
Current result: {1364,1428,1492,1493,1494,1495,1556,1619,1620,1681,1682,1683,1741,1742,1743,1744,1745,1803,1804,1805,1864,1865,1866,1867}
Current function value: 1.14587675819818E9
s**********************************************: 11
Current result: {1043,1107,1171,1235,1299,1355,1356,1357,1358,1359,1360,1361,1362,1363,1419,1425,1426,1483,1490,1491,1492,1493,1494,1495,1547,1558,1559,1611,1675,1739,1803,1862,1863,1864,1865,1866,1867,1868,1931,1994,1995,2058}
Current function value: 1.143987398743234E9
s**********************************************: 13
Current result: {1287,1288,1289,1350,1351,1353,1354,1371,1372,1414,1418,1419,1420,1421,1422,1423,1424,1425,1426,1430,1431,1432,1433,1434,1435,1436,1437,1478,1479,1490,1491,1492,1493,1494,1501,1502,1503,1504,1537,1538,1539,1540,1541,1542,1557}
Current function value: 1.1238594616497023E9
s**********************************************: 5
Current result: {1374,1434,1435,1436,1437,1438,1500,1564,1565}
Current function value: 1.141410789684719E9
s**********************************************: 14
Current result: {1373,1374,1375,1376,1423,1424,1425,1426,1427,1428,1437,1440,1441,1492,1493,1494,1495,1500,1501,1502,1556,1559,1560,1561,1562,1563,1564,1620,1681,1682,1683,1684,1745,1809,1871,1872,1873,1935,1999,2058,2059,2060,2061,2062,2063}
Current function value: 1.115878968860586E9
s**********************************************: 2
Current result: {2383,2447,2448,2511}
Current function value: 1.1794885094916809E9
s**********************************************: 7
Current result: {2444,2503,2504,2505,2506,2508,2512,2567,2570,2571,2572,2573,2574,2575,2576,2630,2631}
Current function value: 1.1780471154469013E9
s**********************************************: 3
Current result: {1866,1867,1930,1994}
Current function value: 1.1795858951780725E9
s**********************************************: 10
Current result: {1373,1374,1375,1378,1437,1439,1440,1442,1501,1504,1505,1506,1565,1569,1629,1633,1634,1635,1636,1699,1700,1764}
Current function value: 1.11658799318128E9
s**********************************************: 9
Current result: {1349,1350,1351,1352,1353,1354,1355,1356,1357,1358,1359,1360,1423,1424,1488,1552,1553,1554,1555,1556,1557,1558}
Current function value: 1.1574357567956357E9
s**********************************************: 8
Current result: {1375,1438,1439,1440,1495,1496,1497,1498,1499,1500,1501,1502,1555,1556,1557,1558,1559}
Current function value: 1.1333284649849E9
s**********************************************: 6
Current result: {1440,1441,1442,1443,1444,1502,1503,1504,1508,1564,1565,1566,1572,1635,1636}
Current function value: 1.1464642002700474E9
s**********************************************: 4
Current result: {1501,1502,1503,1504,1505,1565,1569,1633}
Current function value: 1.1556170667303326E9
s**********************************************: 15
Current result: {1285,1286,1287,1288,1289,1290,1291,1292,1293,1294,1295,1296,1349,1360,1361,1413,1425,1426,1427,1439,1440,1441,1477,1478,1491,1500,1501,1502,1503,1505,1542,1543,1544,1555,1556,1557,1558,1559,1560,1561,1562,1563,1564,1569,1608,1672,1673,1737,1738,1739,1801,1803,1861,1862,1863,1864,1865,1867,1925,1931,1932,1933,1989,1990,1997,2053,2054,2061,2062}
Current function value: 1.113451771352471E9
------------------------------ test ends --------------------------------
