
------------------------------ test starts ------------------------------ 
s**********************************************: 4
Current result: {3009,3072,3073,3137,3201,3265,3329}
Current function value: 1.179648E9
s**********************************************: 2
Current result: {1889,1953,1954,2017}
Current function value: 1.1630313623457654E9
s**********************************************: 10
Current result: {1684,1748,1754,1755,1756,1757,1758,1759,1812,1817,1818,1823,1876,1877,1878,1881,1887,1888,1889,1890,1891,1942,1943,1944,1945,1953,1955,2018,2019}
Current function value: 1.1078589248916183E9
s**********************************************: 11
Current result: {2062,2126,2127,2128,2192,2256,2320,2384,2438,2439,2440,2441,2442,2443,2444,2445,2446,2447,2448,2502,2508,2511,2565,2566,2572,2575,2628,2629,2634,2635,2636,2688,2689,2690,2691,2692,2752,2816}
Current function value: 1.1675452800360222E9
s**********************************************: 3
Current result: {1346,1410,1474,1475,1538}
Current function value: 1.1781891141242585E9
s**********************************************: 14
Current result: {1618,1682,1684,1746,1748,1810,1811,1812,1813,1814,1822,1823,1824,1878,1881,1882,1883,1884,1885,1886,1888,1889,1890,1891,1942,1943,1944,1945}
Current function value: 1.0993118703738692E9
s**********************************************: 15
Current result: {1538,1602,1603,1604,1605,1669,1695,1733,1759,1797,1798,1803,1804,1805,1806,1807,1808,1809,1810,1813,1814,1815,1816,1817,1823,1824,1825,1862,1863,1864,1865,1866,1867,1874,1875,1876,1877,1881,1882,1883,1884,1885,1886,1887,1889,1927,1931,1944,1945,1953,1991,2017,2018,2055,2119,2183,2247,2311,2375,2439,2502,2503,2566,2630,2693,2694,2756,2757,2819,2820,2880,2881,2882,2883,2945,3009,3073}
Current function value: 1.0988739975576506E9
s**********************************************: 13
Current result: {1682,1744,1745,1746,1747,1808,1811,1812,1813,1814,1815,1871,1872,1879,1886,1887,1935,1943,1944,1945,1946,1947,1948,1949,1950,1999,2006,2007,2008,2063}
Current function value: 1.1222173487347662E9
s**********************************************: 7
Current result: {1353,1354,1355,1356,1357,1358,1359,1423,1487,1488,1552,1616,1680,1681,1682,1683,1747,1811,1875,1876,1940,1941,1942,1943,1944}
Current function value: 1.144784669703499E9
s**********************************************: 6
Current result: {1815,1816,1817,1818,1819,1879,1883,1884,1885,1886,1887,1888,1943,1944,1952,1955,2016,2017,2018,2019}
Current function value: 1.1210816111383882E9
s**********************************************: 5
Current result: {1748,1812,1813,1814,1815,1878,1879,1880,1881,1882}
Current function value: 1.1401974853025572E9
s**********************************************: 12
Current result: {1803,1804,1805,1806,1870,1871,1872,1873,1874,1875,1876,1877,1878,1879,1880,1881,1882,1883,1884,1885,1886,1887,1888,1889,1953,1954,2018}
Current function value: 1.1177012410058992E9
s**********************************************: 9
Current result: {1684,1748,1812,1876,1877,1878,1881,1882,1883,1884,1885,1886,1887,1888,1889,1890,1942,1943,1944,1945,1954,1955,2018}
Current function value: 1.1185578846938806E9
s**********************************************: 8
Current result: {1490,1554,1555,1619,1683,1747,1748,1812,1815,1816,1876,1877,1878,1879,1941,2005,2006,2007}
Current function value: 1.136057818321986E9
------------------------------ test ends --------------------------------
