
------------------------------ test starts ------------------------------ 
s**********************************************: 11
Current result: {1553,1554,1618,1682,1683,1747,1803,1804,1805,1811,1862,1866,1867,1869,1870,1871,1872,1873,1874,1875,1926,1927,1928,1929,1930,1936,1937}
Current function value: 1.1325675452224164E9
s**********************************************: 4
Current result: {1682,1746,1802,1803,1804,1805,1806,1807,1808,1809,1810,1866,1930}
Current function value: 1.1571524855214417E9
s**********************************************: 3
Current result: {1744,1745,1803,1804,1805,1806,1807,1808,1866,1867,1872,1873}
Current function value: 1.1572106383267038E9
s**********************************************: 7
Current result: {1555,1619,1679,1680,1681,1682,1683,1743,1747,1806,1807,1811,1875}
Current function value: 1.1556023288346078E9
s**********************************************: 5
Current result: {1485,1549,1613,1677,1681,1741,1745,1804,1805,1806,1807,1808,1809,1869}
Current function value: 1.1522200441909757E9
s**********************************************: 8
Current result: {1618,1682,1746,1808,1810,1867,1868,1869,1870,1871,1872,1873,1874,1931,1932,1995,2058,2059}
Current function value: 1.1430005802777073E9
s**********************************************: 2
Current result: {1742,1743,1744,1808}
Current function value: 1.1699488036949534E9
s**********************************************: 12
Current result: {1103,1104,1167,1231,1293,1294,1295,1355,1356,1357,1419,1421,1483,1485,1549,1613,1618,1677,1681,1682,1741,1744,1745,1805,1806,1807,1808,1869}
Current function value: 1.131985742928623E9
s**********************************************: 15
Current result: {1740,1741,1742,1743,1744,1745,1746,1747,1804,1808,1811,1868,1869,1875,1931,1932,1995,2059,2121,2122,2123,2185,2249,2313,2377,2439,2440,2441,2503,2567,2631,2632}
Current function value: 1.1340960500088785E9
s**********************************************: 13
Current result: {1411,1412,1413,1414,1478,1479,1542,1606,1670,1680,1681,1682,1733,1734,1744,1797,1803,1804,1805,1806,1807,1808,1861,1867,1925,1926,1927,1928,1929,1930,1931,1986,1987,1988,1989,1995,2059}
Current function value: 1.142178906876822E9
s**********************************************: 10
Current result: {1354,1355,1356,1420,1421,1422,1485,1549,1613,1677,1741,1742,1743,1744,1803,1804,1805,1867,1930,1931,1994}
Current function value: 1.1479619113023899E9
s**********************************************: 14
Current result: {1475,1539,1603,1667,1731,1795,1796,1797,1798,1799,1800,1801,1802,1803,1805,1806,1807,1808,1809,1861,1863,1866,1869,1873,1930,1931,1932,1933,1995}
Current function value: 1.1479847742513835E9
s**********************************************: 6
Current result: {1739,1740,1799,1803,1863,1864,1865,1866,1867,1927,1931,1991,2055,2119,2183,2247,2311,2374,2375,2439,2502,2503,2560,2561,2562,2563,2564,2565,2566,2624,2688,2752,2816,2817,2881,2945}
Current function value: 1.1641672842703464E9
s**********************************************: 9
Current result: {1549,1613,1677,1682,1741,1745,1746,1805,1806,1807,1808,1809,1869,1873,1875,1937,1938,1939}
Current function value: 1.1376290447957373E9
------------------------------ test ends --------------------------------
