
------------------------------ test starts ------------------------------ 
s**********************************************: 4
Current result: {1497,1561,1625,1626,1627,1628,1629,1630}
Current function value: 1.1573151779656336E9
s**********************************************: 12
Current result: {1358,1359,1360,1361,1421,1422,1425,1484,1485,1489,1493,1494,1495,1546,1547,1548,1553,1554,1555,1556,1557,1559,1610,1623,1624,1674,1684,1687,1738,1748,1749,1750,1751,1802,1862,1866,1925,1926,1927,1928,1929,1930,1989,1991,1993,1994,2055,2119,2183,2247,2311,2375,2439,2503,2504,2505,2506,2507,2508,2509,2510,2511,2572,2575,2639}
Current function value: 1.1268289012001672E9
s**********************************************: 5
Current result: {1505,1506,1569,1631,1632,1633,1634,1695,1698,1762}
Current function value: 1.1470957852066188E9
s**********************************************: 9
Current result: {1494,1495,1496,1556,1557,1558,1560,1561,1562,1563,1564,1565,1566,1567,1568,1620,1624,1684}
Current function value: 1.136658848017687E9
s**********************************************: 3
Current result: {1493,1557,1617,1618,1619,1620,1621,1682,1746}
Current function value: 1.1557359537655308E9
s**********************************************: 6
Current result: {1485,1486,1487,1493,1539,1540,1541,1542,1543,1544,1545,1546,1547,1548,1549,1551,1552,1553,1556,1557,1558,1605,1617,1618,1619,1620,1669,1682,1733,1746,1797,1861,1925,1989,2053,2117,2180,2181,2244,2308,2372,2436,2500,2564,2628,2692,2752,2753,2754,2755,2756,2816,2880,2944}
Current function value: 1.144192708125501E9
s**********************************************: 15
Current result: {1286,1287,1349,1350,1410,1411,1412,1413,1414,1428,1429,1430,1431,1478,1479,1492,1495,1543,1554,1555,1556,1558,1559,1565,1566,1567,1607,1618,1621,1622,1623,1625,1626,1627,1628,1629,1631,1632,1633,1671,1681,1682,1684,1685,1687,1688,1689,1735,1743,1744,1745,1799,1807,1863,1870,1871,1927,1928,1929,1930,1931,1932,1933,1934,1991}
Current function value: 1.0989179131322942E9
s**********************************************: 2
Current result: {1556,1557,1558,1559,1560,1561,1620,1684}
Current function value: 1.1571861769069383E9
s**********************************************: 13
Current result: {1495,1505,1559,1560,1561,1562,1563,1564,1565,1566,1567,1568,1569,1570,1624,1625,1688,1749,1750,1751,1752,1806,1807,1808,1809,1810,1811,1812,1813,1866,1868,1869,1870,1930,1931,1932}
Current function value: 1.103279888294881E9
s**********************************************: 14
Current result: {1291,1292,1293,1294,1295,1296,1354,1355,1360,1411,1412,1413,1414,1418,1424,1425,1426,1475,1478,1479,1480,1481,1482,1490,1543,1554,1555,1556,1557,1558,1559,1560,1561,1620,1625,1684,1689,1748,1812}
Current function value: 1.1269592176944299E9
s**********************************************: 11
Current result: {1495,1506,1554,1555,1556,1557,1558,1559,1560,1561,1562,1563,1564,1565,1566,1570,1625,1630,1631,1632,1633,1634}
Current function value: 1.106577418555632E9
s**********************************************: 7
Current result: {1495,1496,1497,1498,1554,1555,1556,1557,1558,1559,1562,1563,1564,1565,1566,1570,1618,1623,1630,1633,1634,1694,1695,1696,1697,1759}
Current function value: 1.1104429800749388E9
s**********************************************: 8
Current result: {1354,1355,1356,1357,1358,1359,1360,1410,1411,1412,1413,1414,1415,1416,1417,1418,1424,1474,1488,1489,1538,1553,1554,1555,1556,1620,1621,1622,1623,1624,1684,1687,1748,1751,1812}
Current function value: 1.1454480547778494E9
s**********************************************: 10
Current result: {1430,1487,1488,1489,1492,1494,1553,1554,1555,1556,1557,1558,1559,1620,1684,1748,1749,1750,1751,1815}
Current function value: 1.136029076243039E9
------------------------------ test ends --------------------------------
