
------------------------------ test starts ------------------------------ 
s**********************************************: 9
Current result: {2315,2316,2376,2377,2378,2379,2380,2382,2439,2440,2444,2446,2507,2508,2510,2572,2573,2574}
Current function value: 1.140051945785819E9
s**********************************************: 3
Current result: {2316,2378,2379,2380,2440,2441,2442,2444,2504,2568}
Current function value: 1.1629754151258814E9
s**********************************************: 13
Current result: {1105,1168,1169,1170,1171,1234,1235,1298,1362,1410,1419,1420,1421,1422,1423,1424,1425,1426,1474,1475,1476,1477,1478,1479,1480,1481,1482,1483,1490,1491,1539,1541,1555,1601,1602,1603,1605,1619,1620,1669,1684,1733,1748,1797,1812,1813,1861,1876,1877,1921,1922,1923,1924,1925,1926,1927,1928,1929,1985,1993,2049,2057,2121,2122,2186,2187,2251,2314,2315,2316,2378,2380,2381,2445,2509}
Current function value: 1.1047615736340854E9
s**********************************************: 15
Current result: {2188,2247,2248,2249,2250,2251,2252,2311,2316,2317,2372,2373,2374,2375,2381,2436,2445,2500,2509,2564,2573,2628,2692,2756,2820,2881,2882,2883,2884,2945,3009,3073,3136,3137,3201,3265}
Current function value: 1.140709955680486E9
s**********************************************: 4
Current result: {1169,1232,1233,1234,1298,1299,1363,1427}
Current function value: 1.153774149530239E9
s**********************************************: 7
Current result: {1039,1103,1167,1170,1229,1230,1231,1232,1233,1234,1287,1288,1289,1290,1291,1292,1293,1298,1299,1351,1363,1415,1427,1479,1491,1543,1555,1556,1607,1620,1671,1683,1684,1734,1735,1747,1748,1749,1798,1813,1814,1815,1816,1817,1818,1819,1820,1821,1862,1885,1886,1921,1926,1950,1985,1986,1987,1988,1989,1990,2014,2053,2117,2118,2182,2246,2247,2311,2312,2317,2376,2377,2378,2379,2380,2381,2444,2445,2446,2508,2510,2572,2574}
Current function value: 1.0988962649149451E9
s**********************************************: 12
Current result: {1040,1104,1168,1169,1170,1226,1227,1228,1229,1230,1231,1232,1289,1290,1353,1415,1416,1417,1479,1543,1607,1671,1735,1736,1800,1864,1865,1929,1993,1994,2058,2122,2186,2250,2252,2313,2314,2315,2316,2317,2376,2377,2379,2381,2439,2440,2444,2445,2446,2504,2508,2509,2510,2568,2572,2574}
Current function value: 1.1130936067460616E9
s**********************************************: 2
Current result: {2188,2250,2252,2312,2313,2314,2315,2316,2376,2380,2381,2445,2446,2509,2510,2573,2574}
Current function value: 1.130627238769395E9
s**********************************************: 6
Current result: {2187,2251,2315,2316,2378,2379,2380,2381,2445,2507,2508,2509}
Current function value: 1.1409217320029883E9
s**********************************************: 5
Current result: {2188,2252,2253,2316,2317,2377,2378,2379,2380,2381}
Current function value: 1.151024011433066E9
s**********************************************: 8
Current result: {2251,2252,2314,2315,2316,2376,2377,2378,2379,2380,2443,2444,2508,2509,2510,2572}
Current function value: 1.1394211156208987E9
s**********************************************: 14
Current result: {2183,2247,2251,2252,2253,2311,2313,2314,2315,2375,2376,2377,2439,2440,2503,2567,2629,2630,2631,2688,2689,2690,2691,2692,2693,2752,2816,2880,2944,3008,3072,3136}
Current function value: 1.140203095935457E9
s**********************************************: 11
Current result: {1228,1229,1230,1231,1232,1233,1234,1289,1290,1291,1292,1352,1353,1415,1416,1479,1538,1543,1602,1603,1604,1605,1606,1607,1671,1735,1798,1799,1862,1926,1927,1991,2055,2119,2183,2188,2247,2251,2252,2311,2315,2375,2376,2377,2378,2379,2380,2381,2439,2440,2443,2445,2446,2509,2573}
Current function value: 1.122789595383121E9
s**********************************************: 10
Current result: {1104,1105,1169,1170,1171,1172,1173,1174,1175,1233,1234,1287,1288,1289,1290,1291,1292,1293,1294,1295,1296,1297,1351,1411,1412,1413,1414,1415,1477,1541,1605,1669,1733,1797,1861,1925,1988,1989,2052,2116,2180,2244,2308,2314,2315,2316,2317,2372,2373,2374,2376,2377,2378,2381,2438,2439,2440,2443,2444,2445,2446,2503}
Current function value: 1.1123957701795857E9
------------------------------ test ends --------------------------------
