
------------------------------ test starts ------------------------------ 
s**********************************************: 10
Current result: {1617,1618,1619,1620,1679,1680,1681,1684,1743,1748,1805,1806,1807,1812,1868,1869,1876,1931,1932}
Current function value: 1.1658894441752174E9
s**********************************************: 7
Current result: {1863,1864,1865,1923,1927,1985,1986,1987,1988,1989,1990,1991}
Current function value: 1.1758051882027998E9
s**********************************************: 15
Current result: {1364,1428,1490,1491,1492,1554,1614,1615,1616,1617,1618,1676,1677,1678,1742,1798,1806,1862,1863,1868,1869,1870,1871,1927,1928,1929,1930,1931,1932,1935,1989,1990,1991,1999}
Current function value: 1.1558152825316405E9
s**********************************************: 11
Current result: {1291,1355,1411,1412,1413,1414,1415,1416,1417,1418,1419,1475,1539,1603,1667,1731,1795,1859,1922,1923,1985,1986,2049,2113}
Current function value: 1.1634434943136642E9
s**********************************************: 4
Current result: {2375,2439,2503,2567,2629,2630,2631}
Current function value: 1.1764709363985996E9
s**********************************************: 12
Current result: {1741,1805,1869,1870,1926,1927,1928,1934,1985,1986,1987,1988,1989,1990,1992,1993,1994,1995,1998,2059,2061,2062,2123,2124,2125,2189,2253,2317,2381,2382,2387,2388,2389,2446,2450,2451,2505,2506,2507,2508,2509,2510,2511,2512,2513,2514,2566,2567,2568,2569,2572,2630,2636,2694,2758,2822,2886,2887,2951}
Current function value: 1.152298703910677E9
s**********************************************: 8
Current result: {1347,1348,1349,1350,1411,1474,1475,1537,1538,1602,1666,1730,1794,1795,1796,1797,1861,1862,1863,1925,1987,1988,1989,2051,2115,2178,2179}
Current function value: 1.1720016562723808E9
s**********************************************: 9
Current result: {2511,2512,2575,2576,2577,2578,2579,2631,2632,2633,2634,2635,2636,2637,2638,2639,2643,2695,2759,2823,2887,2951}
Current function value: 1.1675998751887703E9
s**********************************************: 14
Current result: {1350,1351,1352,1353,1355,1356,1417,1418,1419,1420,1421,1422,1481,1482,1486,1550,1614,1678,1742,1806,1870,1871,1935,1999,2000,2001,2002,2066,2130,2131,2195,2259,2260,2324,2388,2448,2452,2507,2508,2509,2510,2511,2512,2516,2571,2576,2577,2578,2579,2580}
Current function value: 1.1447398780737565E9
s**********************************************: 2
Current result: {1415,1416,1417,1479}
Current function value: 1.1761337694934087E9
s**********************************************: 13
Current result: {1292,1293,1294,1295,1353,1354,1355,1356,1359,1415,1416,1417,1423,1487,1551,1552,1553,1617,1618,1682,1743,1746,1806,1807,1808,1809,1810,1870,1874,1934,1938,1939,1998,2003,2062,2067}
Current function value: 1.1520961371210673E9
s**********************************************: 5
Current result: {1871,1935,1936,1937,1938,1997,1998,1999,2063,2127}
Current function value: 1.167543013293581E9
s**********************************************: 6
Current result: {1870,1871,1934,1998,2057,2058,2059,2062,2123,2124,2125,2126,2127}
Current function value: 1.1699046055349102E9
s**********************************************: 3
Current result: {1867,1931,1995,2059,2123,2187,2251,2315,2379,2443,2444,2508}
Current function value: 1.1728300913117745E9
------------------------------ test ends --------------------------------
