
------------------------------ test starts ------------------------------ 
s**********************************************: 10
Current result: {2508,2568,2569,2570,2571,2572,2625,2626,2627,2628,2629,2630,2631,2632,2688,2689,2752,2816,2817,2881,2945,3009,3073,3137,3200,3201,3264}
Current function value: 1.1739098455277178E9
s**********************************************: 9
Current result: {1748,1810,1811,1812,1821,1876,1877,1878,1879,1880,1881,1882,1883,1884,1885,1886,1887,1888,1889,1940}
Current function value: 1.1275672312521634E9
s**********************************************: 3
Current result: {1748,1812,1876,1940,1941,1942}
Current function value: 1.156914881478637E9
s**********************************************: 11
Current result: {1698,1762,1816,1817,1818,1819,1820,1821,1822,1823,1824,1825,1826,1859,1860,1861,1862,1863,1864,1865,1866,1867,1880,1881,1923,1930,1943,1944,1987,1994,1995,1996,1997,1998,1999,2000,2001,2002,2003,2004,2005,2006,2007,2051,2115,2178,2179,2241,2242,2305,2369,2433,2497,2561,2624,2625,2688,2752,2816,2880,2944,3008,3072,3073,3137,3201}
Current function value: 1.1121883716296647E9
s**********************************************: 13
Current result: {1417,1418,1419,1481,1545,1609,1673,1674,1735,1736,1737,1738,1799,1802,1803,1863,1866,1924,1925,1926,1927,1930,1985,1986,1987,1988,2049,2050}
Current function value: 1.1690883884144866E9
s**********************************************: 7
Current result: {1411,1475,1476,1477,1478,1479,1480,1481,1482,1483,1484,1485,1486,1487,1488,1542,1552,1553,1606,1617,1618,1670,1682,1683,1734,1747,1748,1798,1812,1813,1862,1877,1878,1926,1942,1944,1985,1986,1987,1988,1989,1990,1991,1992,2005,2006,2007,2008,2054,2118,2182,2246,2310,2374,2435,2436,2437,2438,2497,2498,2499,2502,2503,2561,2625,2689,2753,2817,2880,2881,2944,3008,3072,3136,3137,3201,3264,3265,3328}
Current function value: 1.1332414203667212E9
s**********************************************: 15
Current result: {1682,1683,1684,1694,1746,1748,1749,1753,1758,1810,1813,1814,1815,1816,1817,1818,1819,1820,1821,1822,1823,1824,1877,1885,1888,1889,1941,1942,1953,1954}
Current function value: 1.1083641601807513E9
s**********************************************: 6
Current result: {1815,1816,1875,1876,1877,1878,1879,1942,1943,2006,2007}
Current function value: 1.132086679040792E9
s**********************************************: 5
Current result: {1411,1412,1413,1414,1415,1475,1479,1539,1543,1607,1671,1735,1799,1800,1801,1802,1803,1804,1861,1862,1863}
Current function value: 1.1775905532996237E9
s**********************************************: 4
Current result: {1875,1876,1877,1878,1942,1943,2006,2007}
Current function value: 1.1465736108515387E9
s**********************************************: 14
Current result: {1354,1355,1356,1414,1415,1416,1417,1418,1420,1421,1422,1423,1424,1425,1481,1488,1489,1553,1554,1618,1682,1683,1684,1746,1810,1874,1875,1876,1940}
Current function value: 1.1483460735815141E9
s**********************************************: 2
Current result: {1415,1416,1417,1418}
Current function value: 1.179520055041657E9
s**********************************************: 12
Current result: {1734,1797,1798,1799,1800,1801,1802,1809,1810,1811,1812,1813,1814,1816,1817,1818,1819,1820,1821,1822,1861,1866,1872,1873,1878,1879,1880,1886,1887,1888,1925,1930,1936,1987,1988,1989,1994,1995,1996,1997,1998,1999,2000,2051,2113,2115,2177,2178,2179,2180,2244,2308,2309,2310,2374,2375,2439,2503,2504,2505,2506,2507,2567,2631,2695,2696,2760,2824,2888,2952,3015,3016,3079,3138,3139,3140,3141,3142,3143,3201,3202,3265,3329}
Current function value: 1.117091920051977E9
s**********************************************: 8
Current result: {1474,1538,1602,1603,1667,1668,1732,1748,1796,1797,1812,1861,1876,1877,1925,1940,1941,1989,1990,1991,1992,1993,1994,1996,1997,1998,1999,2000,2001,2002,2003,2004,2058,2059,2060}
Current function value: 1.155826700943159E9
------------------------------ test ends --------------------------------
