
------------------------------ test starts ------------------------------ 
s**********************************************: 4
Current result: {1767,1768,1769,1830,1831,1833,1834,1895}
Current function value: 1.1560117459708786E9
s**********************************************: 15
Current result: {1424,1487,1488,1551,1615,1679,1743,1807,1868,1869,1870,1871,1872,1873,1874,1938,2002,2066,2067,2131,2195,2259,2260,2261,2325,2387,2388,2389,2447,2448,2449,2450,2451,2511,2567,2568,2572,2573,2574,2575,2632,2633,2634,2635,2636}
Current function value: 1.1576993809047537E9
s**********************************************: 7
Current result: {1410,1411,1412,1413,1477,1478,1479,1480,1481,1482,1546,1610,1674,1675,1739,1740,1741}
Current function value: 1.175632611966595E9
s**********************************************: 6
Current result: {2375,2439,2440,2441,2443,2505,2506,2507,2570,2571,2635,2636}
Current function value: 1.1772357168995771E9
s**********************************************: 5
Current result: {2752,2816,2817,2880,2881,2944,3008,3072,3136,3137,3201}
Current function value: 1.179167106516207E9
s**********************************************: 2
Current result: {3201,3265,3329}
Current function value: 1.179648E9
s**********************************************: 3
Current result: {1799,1862,1863,1925,1926,1989}
Current function value: 1.1791977811392317E9
s**********************************************: 10
Current result: {1541,1542,1543,1544,1545,1546,1547,1611,1675,1739,1802,1803,1865,1866,1929,1930,1931,1986,1987,1988,1989,1990,1991,1992,1993,1995,2058,2059}
Current function value: 1.1669467227098398E9
s**********************************************: 11
Current result: {1410,1411,1417,1418,1474,1475,1476,1477,1479,1480,1481,1538,1541,1542,1543,1607,1671,1735,1798,1799,1862}
Current function value: 1.1725820916655185E9
s**********************************************: 14
Current result: {2114,2178,2179,2180,2244,2245,2309,2373,2437,2501,2502,2566,2630,2694,2758,2759,2823,2881,2887,2945,2951,3009,3010,3011,3012,3013,3014,3015,3073,3075}
Current function value: 1.167256408519926E9
s**********************************************: 12
Current result: {2438,2439,2502,2566,2630,2631,2632,2633,2634,2635,2695,2759,2823,2887,2951,2952,3015,3079,3139,3140,3141,3142,3143,3203,3267}
Current function value: 1.1728706652460382E9
s**********************************************: 8
Current result: {1294,1295,1354,1355,1358,1359,1418,1421,1422,1423,1482,1483,1484,1485,1487,1546}
Current function value: 1.172990675494473E9
s**********************************************: 9
Current result: {1125,1126,1127,1128,1129,1193,1257,1321,1385,1449,1513,1577,1641,1705,1768,1769,1770,1771,1830,1831,1832,1835,1894,1899,1958}
Current function value: 1.1325016783206842E9
s**********************************************: 13
Current result: {1061,1125,1126,1127,1128,1192,1256,1320,1350,1353,1354,1355,1356,1384,1414,1415,1416,1417,1448,1476,1477,1478,1479,1512,1541,1576,1605,1640,1669,1704,1733,1767,1768,1769,1770,1771,1797,1831,1835,1861,1862,1863,1895,1899,1925,1927,1928,1929,1930,1931,1932,1933,1934,1935,1947,1948,1949,1950,1951,1952,1953,1954,1955,1956,1957,1958,1959,1989,1999,2000,2003,2004,2005,2006,2007,2008,2009,2010,2011,2064,2065,2066,2067}
Current function value: 1.1261920240234978E9
------------------------------ test ends --------------------------------
