
------------------------------ test starts ------------------------------ 
s**********************************************: 2
Current result: {2887,2888,2951,3015}
Current function value: 1.1786749099110088E9
s**********************************************: 5
Current result: {2689,2752,2753,2817,2881,2945,3008,3009,3072,3073}
Current function value: 1.1774812171594124E9
s**********************************************: 13
Current result: {1290,1291,1292,1293,1294,1295,1354,1359,1418,1423,1424,1481,1482,1487,1488,1489,1490,1545,1554,1618,1682,1683,1747,1811,1875,1939,1940,1941,1998,1999,2000,2001,2002,2003,2062}
Current function value: 1.1632283160285864E9
s**********************************************: 4
Current result: {1474,1477,1537,1538,1539,1540,1541,1601}
Current function value: 1.1786331667435613E9
s**********************************************: 6
Current result: {2688,2752,2816,2817,2880,2881,2882,2883,2945,2947,2948,3012,3013,3077,3078,3079,3143}
Current function value: 1.1735731184120193E9
s**********************************************: 14
Current result: {2439,2440,2503,2504,2505,2506,2570,2634,2698,2761,2762,2823,2824,2825,2887,2950,2951,3009,3010,3011,3012,3013,3014,3072,3073,3136,3200,3264}
Current function value: 1.1668039216318924E9
s**********************************************: 12
Current result: {1348,1349,1350,1411,1412,1413,1414,1415,1416,1417,1418,1419,1420,1421,1422,1423,1424,1425,1475,1487,1488,1539,1602,1603}
Current function value: 1.1738103454475572E9
s**********************************************: 7
Current result: {1417,1418,1474,1481,1538,1539,1545,1603,1609,1667,1668,1669,1670,1671,1672,1673,1737,1738,1739,1803,1867,1868,1869,1870,1871,1935,1998,1999}
Current function value: 1.172941499591991E9
s**********************************************: 8
Current result: {1487,1488,1489,1542,1543,1544,1545,1546,1547,1548,1549,1550,1551,1553}
Current function value: 1.1701517101485872E9
s**********************************************: 11
Current result: {1285,1349,1350,1351,1410,1411,1415,1475,1479,1539,1543,1544,1546,1547,1548,1549,1601,1602,1603,1604,1605,1606,1607,1608,1609,1610}
Current function value: 1.1706497856988797E9
s**********************************************: 3
Current result: {1475,1476,1477,1478,1479,1480,1481,1482,1483,1484,1485,1538,1539,1549,1613,1677,1741,1803,1804,1805,1806,1867,1870,1931,1995}
Current function value: 1.1746333869864082E9
s**********************************************: 10
Current result: {1614,1678,1742,1743,1806,1867,1868,1869,1870,1930,1931,1994,2058,2059,2122,2186,2250,2314,2378,2442,2506,2507,2508,2572,2635,2636}
Current function value: 1.170993135312051E9
s**********************************************: 15
Current result: {927,988,989,990,991,1051,1052,1055,1114,1115,1119,1120,1121,1122,1123,1124,1125,1126,1127,1128,1178,1190,1242,1254,1306,1318,1370,1382,1417,1434,1446,1481,1482,1498,1510,1546,1562,1574,1610,1626,1638,1674,1688,1689,1690,1702,1703,1704,1705,1706,1738,1752,1767,1770,1802,1810,1811,1812,1813,1814,1815,1816,1866,1867,1868,1869,1870,1871,1872,1873,1874,1930,1931,1935,1994,1999,2063,2126,2127,2190,2252,2253,2254,2316,2380,2443,2444}
Current function value: 1.1178530235103493E9
s**********************************************: 9
Current result: {921,922,923,924,925,926,927,928,929,930,931,984,985,995,1047,1048,1059,1111,1123,1124,1125,1126,1127,1128,1175,1192,1239,1303,1354,1355,1356,1357,1358,1359,1360,1361,1362,1363,1364,1365,1366,1367,1418,1482,1542,1543,1544,1545,1546,1547,1548,1549,1550,1601,1602,1603,1604,1605,1606,1614,1666,1678,1730,1742,1794,1806,1858,1861,1870,1871,1922,1925,1935,1985,1986,1987,1988,1989,1999,2063,2127,2191,2255,2319,2383,2447}
Current function value: 1.1465149408657894E9
------------------------------ test ends --------------------------------
