
------------------------------ test starts ------------------------------ 
s**********************************************: 10
Current result: {1369,1370,1371,1372,1373,1374,1375,1376,1431,1432,1433,1440,1493,1494,1495,1504,1505,1506,1555,1556,1557}
Current function value: 1.1137576969934592E9
s**********************************************: 4
Current result: {1376,1377,1438,1439,1440,1504,1505,1506}
Current function value: 1.1481835664736607E9
s**********************************************: 7
Current result: {1304,1368,1369,1370,1371,1372,1373,1375,1376,1429,1430,1431,1432,1437,1438,1439,1493,1503,1504,1505,1555,1556,1557,1619}
Current function value: 1.104984670615096E9
s**********************************************: 3
Current result: {1314,1376,1377,1378,1440,1504}
Current function value: 1.163401747315922E9
s**********************************************: 13
Current result: {1303,1309,1366,1367,1373,1374,1430,1431,1432,1438,1439,1491,1495,1502,1555,1556,1557,1558,1559,1560,1561,1562,1563,1564,1565,1566,1618,1619,1682,1746}
Current function value: 1.1006967091949158E9
s**********************************************: 2
Current result: {1376,1440,1504,1505}
Current function value: 1.1577275791777742E9
s**********************************************: 6
Current result: {1315,1378,1379,1442,1504,1505,1506,1570,1571,1572,1636,1700}
Current function value: 1.1391730780150864E9
s**********************************************: 14
Current result: {1245,1246,1247,1285,1286,1287,1288,1289,1290,1302,1303,1306,1307,1308,1309,1311,1349,1354,1355,1356,1357,1358,1359,1360,1361,1362,1363,1364,1365,1366,1367,1369,1370,1375,1376,1377,1410,1411,1412,1413,1418,1419,1431,1432,1433,1439,1440,1441,1442,1443,1482,1483,1547,1611,1675,1739,1803,1867,1931,1994,1995,2058,2122,2123,2187,2251,2315,2379,2443,2506,2507,2508,2572,2636,2700,2701,2765,2829,2893,2957,3021,3022,3023,3086}
Current function value: 1.0961600084201584E9
s**********************************************: 9
Current result: {1306,1307,1308,1309,1310,1311,1369,1370,1375,1376,1377,1428,1429,1430,1431,1432,1433,1492,1495,1556,1557}
Current function value: 1.1058108148664064E9
s**********************************************: 12
Current result: {1302,1303,1304,1305,1306,1307,1308,1309,1310,1311,1366,1373,1375,1376,1429,1430,1439,1440,1492,1493,1554,1555,1556,1618,1682}
Current function value: 1.0994357118961554E9
s**********************************************: 5
Current result: {1303,1304,1305,1306,1307,1308,1309,1373,1437,1438}
Current function value: 1.1348217735438209E9
s**********************************************: 15
Current result: {1286,1312,1347,1348,1349,1350,1351,1352,1353,1359,1360,1361,1362,1363,1364,1365,1366,1376,1410,1411,1417,1418,1419,1420,1421,1422,1423,1430,1431,1432,1433,1434,1435,1436,1437,1438,1439,1440,1441,1442,1474,1487,1495,1506,1538}
Current function value: 1.1080652496952057E9
s**********************************************: 8
Current result: {1308,1309,1310,1311,1312,1313,1372,1377,1431,1432,1433,1434,1435,1436,1441,1493,1494,1495,1505,1555,1556,1557}
Current function value: 1.1150493629215615E9
s**********************************************: 11
Current result: {1240,1241,1242,1303,1304,1306,1307,1308,1309,1310,1366,1367,1374,1376,1431,1438,1439,1440,1495,1504,1505,1506}
Current function value: 1.1081119262934053E9
------------------------------ test ends --------------------------------
