
------------------------------ test starts ------------------------------ 
s**********************************************: 8
Current result: {2502,2503,2504,2567,2568,2569,2632,2696,2760,2824,2888,2951,2952,3014,3015,3016}
Current function value: 1.1745235366849318E9
s**********************************************: 15
Current result: {1390,1454,1518,1519,1520,1581,1582,1584,1645,1648,1712,1776,1777,1840,1904,1968,2032,2096,2160,2220,2221,2222,2223,2224,2284,2285,2286,2287}
Current function value: 1.12182174267991E9
s**********************************************: 5
Current result: {1987,1988,1989,1990,1991,1992,1993,1994,2051,2058,2059}
Current function value: 1.175628187185923E9
s**********************************************: 11
Current result: {1285,1286,1350,1356,1357,1358,1409,1410,1411,1412,1413,1414,1415,1416,1417,1418,1419,1420,1422,1423,1475,1539}
Current function value: 1.1748693881782982E9
s**********************************************: 7
Current result: {1285,1349,1413,1414,1415,1416,1417,1418,1476,1477,1482,1540,1546,1610,1674,1737,1738,1799,1800,1801,1863,1927,1991}
Current function value: 1.1757571614777555E9
s**********************************************: 6
Current result: {1452,1453,1517,1518,1519,1520,1581,1584,1645,1709,1773,1837,1901,1965,2029,2093,2157,2221,2284,2285,2348}
Current function value: 1.1376097933397548E9
s**********************************************: 9
Current result: {2502,2503,2504,2505,2506,2507,2566,2571,2630,2634,2635,2636,2694,2758,2822,2881,2882,2883,2884,2885,2886,2944,2945,3008,3009,3073,3137,3200,3201}
Current function value: 1.172351322585232E9
s**********************************************: 3
Current result: {1742,1803,1804,1805,1806,1870}
Current function value: 1.1789258319807842E9
s**********************************************: 4
Current result: {2443,2444,2445,2446,2447,2508,2511,2572}
Current function value: 1.179648E9
s**********************************************: 13
Current result: {1415,1479,1543,1607,1671,1735,1799,1863,1923,1927,1932,1933,1934,1935,1987,1988,1989,1990,1991,1992,1996,1999,2056,2057,2058,2059,2060}
Current function value: 1.1679625418024983E9
s**********************************************: 14
Current result: {1803,1804,1805,1806,1867,1870,1928,1931,1986,1987,1992,1993,1994,1995,2050,2055,2056,2114,2119,2178,2179,2180,2181,2182,2183,2244,2308,2309,2310,2374,2438,2502,2566,2567,2568,2632}
Current function value: 1.1634145955259576E9
s**********************************************: 10
Current result: {1867,1868,1869,1870,1931,1934,1935,1998,2062,2126,2190,2254,2318,2382,2445,2446,2506,2507,2508,2509,2568,2569,2570,2631,2632,2696,2759,2760,2823,2887,2951,3015}
Current function value: 1.1701018005983517E9
s**********************************************: 12
Current result: {1289,1290,1291,1292,1356,1420,1484,1548,1612,1676,1677,1741,1805,1869,1933,1997,2061,2062,2063,2126,2127,2191,2255,2319,2383,2447,2448,2512,2576,2639,2640}
Current function value: 1.1690024802258961E9
s**********************************************: 2
Current result: {2220,2221,2284,2347,2348}
Current function value: 1.1546478932573166E9
------------------------------ test ends --------------------------------
