
------------------------------ test starts ------------------------------ 
s**********************************************: 9
Current result: {1797,1798,1799,1861,1863,1864,1865,1866,1870,1871,1872,1930,1933,1934,1936,1937,1938,1939,1994,1995,1996,1997}
Current function value: 1.141994687880754E9
s**********************************************: 13
Current result: {1410,1411,1475,1539,1540,1604,1605,1669,1733,1745,1797,1809,1861,1862,1863,1864,1865,1866,1873,1921,1922,1923,1924,1925,1930,1931,1936,1937,1985,1995,1996,1997,1998,1999,2000,2059,2123,2124}
Current function value: 1.1402418618550043E9
s**********************************************: 6
Current result: {1797,1861,1925,1926,1990,1991,1992,1993,1994,1995,1996,1997,2060,2124}
Current function value: 1.1603193583455956E9
s**********************************************: 14
Current result: {1867,1868,1869,1933,1934,1935,1936,1937,1997,2060,2061,2123,2124,2187,2251,2315,2379,2443,2506,2507,2566,2567,2568,2569,2570,2630,2694,2758,2822,2880,2881,2882,2883,2884,2885,2886,2944,3008,3072,3136,3137,3201,3265,3329}
Current function value: 1.1447157875764234E9
s**********************************************: 3
Current result: {1867,1868,1932,1994,1995,1996}
Current function value: 1.1710177287531214E9
s**********************************************: 2
Current result: {1938,2000,2001,2002}
Current function value: 1.1696589784485497E9
s**********************************************: 4
Current result: {2944,3008,3072,3136,3200,3264,3328,3329,3393}
Current function value: 1.1791586202083726E9
s**********************************************: 11
Current result: {1346,1347,1348,1349,1350,1351,1415,1479,1543,1607,1671,1735,1745,1746,1747,1799,1811,1863,1864,1865,1866,1867,1868,1875,1932,1933,1934,1935,1936,1939,2000,2001,2002,2003}
Current function value: 1.1346216027493124E9
s**********************************************: 5
Current result: {1873,1875,1876,1935,1936,1937,1938,1939,1995,1996,1997,1998,1999,2003}
Current function value: 1.1556297081676416E9
s**********************************************: 12
Current result: {1797,1808,1861,1870,1871,1872,1873,1925,1934,1937,1986,1987,1988,1989,1990,1991,1992,1993,1994,1995,1996,1997,1998,2001,2049,2050,2113,2177,2178,2241,2305,2369,2433,2497,2561,2625,2689,2752,2753,2817,2881,2945,3009,3073,3074,3075,3076,3077,3078,3142,3143}
Current function value: 1.1431725333149853E9
s**********************************************: 7
Current result: {1873,1874,1931,1932,1933,1934,1935,1936,1937,1996,2059,2060,2123,2124}
Current function value: 1.148692343134869E9
s**********************************************: 15
Current result: {1798,1799,1807,1808,1809,1862,1866,1867,1871,1925,1926,1927,1931,1935,1936,1986,1987,1988,1989,1991,1992,1993,1994,1995,1996,1997,1998,1999,2051,2052,2060,2124}
Current function value: 1.1429962539845023E9
s**********************************************: 10
Current result: {1744,1745,1746,1747,1808,1872,1932,1933,1934,1935,1936,1996,2000,2001,2002,2059,2060,2066,2067,2124}
Current function value: 1.1337417358729522E9
s**********************************************: 8
Current result: {1807,1808,1809,1810,1867,1872,1931,1932,1933,1934,1935,1936,1995,2057,2058,2059,2121}
Current function value: 1.1509913283023174E9
------------------------------ test ends --------------------------------
