
------------------------------ test starts ------------------------------ 
s**********************************************: 2
Current result: {1678,1679,1742,1806,1870}
Current function value: 1.1688384351022284E9
s**********************************************: 15
Current result: {1476,1477,1478,1542,1606,1670,1734,1798,1799,1800,1801,1802,1803,1808,1861,1862,1867,1868,1869,1870,1871,1872,1925,1930,1931,1936,1989,1994,2000,2001}
Current function value: 1.1380898083349278E9
s**********************************************: 3
Current result: {2438,2439,2502,2503,2566,2630}
Current function value: 1.1783272860458174E9
s**********************************************: 10
Current result: {1479,1480,1544,1608,1672,1736,1742,1743,1800,1801,1802,1803,1804,1805,1806,1866,1867,1870,1871,1872,1930,1936,2000,2001}
Current function value: 1.1369909574140625E9
s**********************************************: 5
Current result: {2674,2738,2739,2801,2802,2803,2804,2865,2929,2993,3057,3121}
Current function value: 1.1722921304946353E9
s**********************************************: 11
Current result: {1921,1922,1985,2049,2113,2114,2115,2116,2180,2181,2245,2309,2373,2374,2375,2376,2377,2378,2439,2442,2443,2503,2507,2567,2571,2631,2695,2758,2759,2822,2886,2950,3014,3072,3073,3078,3079,3137,3138,3139,3140,3141,3142,3143,3200,3201}
Current function value: 1.1650495101178868E9
s**********************************************: 4
Current result: {1866,1867,1868,1869,1870,1930,1934,1998}
Current function value: 1.166827892701985E9
s**********************************************: 8
Current result: {1351,1415,1476,1477,1478,1479,1543,1607,1671,1735,1799,1802,1803,1804,1805,1806,1807,1808,1863,1864,1865,1866,1872,1927,1928,1930,1991,1994}
Current function value: 1.1480304029296227E9
s**********************************************: 14
Current result: {1409,1410,1474,1477,1538,1539,1540,1541,1602,1603,1605,1669,1733,1797,1861,1921,1925,1985,1988,1989,2049,2052,2113,2114,2115,2116}
Current function value: 1.1725861917460864E9
s**********************************************: 13
Current result: {1289,1351,1352,1353,1415,1479,1543,1607,1671,1735,1799,1803,1804,1805,1806,1862,1863,1864,1866,1867,1870,1871,1872,1928,1929,1930}
Current function value: 1.1528817712652967E9
s**********************************************: 7
Current result: {986,1050,1114,1178,1179,1180,1181,1182,1183,1184,1185,1249,1250,1314,1315}
Current function value: 1.1580936467614465E9
s**********************************************: 6
Current result: {1679,1680,1681,1745,1798,1809,1862,1863,1873,1927,1928,1929,1930,1931,1932,1933,1934,1935,1936,1937,1994}
Current function value: 1.1536776380485613E9
s**********************************************: 9
Current result: {1679,1680,1742,1743,1806,1868,1869,1870,1871,1872,1926,1927,1928,1929,1931,1932,1936,1993,1994,1995}
Current function value: 1.1505736398202653E9
s**********************************************: 12
Current result: {1806,1807,1861,1862,1867,1870,1921,1922,1923,1924,1925,1926,1927,1931,1932,1933,1934,1989,1990,1991,1992,1993,1994,1995}
Current function value: 1.1521161374067652E9
------------------------------ test ends --------------------------------
