
------------------------------ test starts ------------------------------ 
s**********************************************: 15
Current result: {2327,2328,2389,2391,2452,2453,2454,2455,2511,2512,2513,2514,2515,2516,2571,2572,2573,2574,2575,2631,2632,2633,2634,2635,2695,2759,2823,2887,2951,2952}
Current function value: 1.1612810347903063E9
s**********************************************: 13
Current result: {1043,1044,1107,1171,1235,1297,1298,1299,1356,1357,1358,1359,1360,1361,1363,1418,1419,1420,1424,1427,1428,1429,1482,1488,1546,1610,1674,1738,1802,1866,1867,1868,1869,1933,1997,1998,2062}
Current function value: 1.147039787371358E9
s**********************************************: 6
Current result: {1296,1297,1298,1299,1300,1354,1355,1356,1357,1358,1359,1360}
Current function value: 1.1704202993880134E9
s**********************************************: 10
Current result: {1351,1352,1353,1354,1408,1409,1415,1473,1478,1479,1537,1538,1539,1540,1541,1542,1543,1602,1606,1670,1734,1798,1862,1926,1927}
Current function value: 1.1760216107600353E9
s**********************************************: 7
Current result: {1935,1998,1999,2063,2127,2191,2255,2261,2262,2319,2320,2321,2322,2323,2324,2325,2383,2384,2447,2448}
Current function value: 1.1648143916374981E9
s**********************************************: 3
Current result: {1862,1863,1864,1865,1866,1867}
Current function value: 1.1790915586436477E9
s**********************************************: 8
Current result: {2195,2259,2260,2261,2262,2324,2388,2438,2439,2440,2448,2449,2450,2451,2452,2502,2504,2505,2506,2507,2508,2509,2510,2511,2512}
Current function value: 1.1581753457079246E9
s**********************************************: 2
Current result: {1428,1492,1493}
Current function value: 1.1740508944261727E9
s**********************************************: 14
Current result: {2197,2198,2199,2200,2201,2259,2260,2261,2265,2322,2323,2329,2330,2331,2332,2333,2334,2335,2336,2337,2338,2384,2385,2386,2399,2448,2511,2512}
Current function value: 1.1190870313167136E9
s**********************************************: 11
Current result: {1863,1927,1928,1929,1930,1931,1932,1933,1934,1935,1998,2062,2126,2190,2254,2316,2317,2318,2380,2444,2508,2572,2628,2629,2630,2631,2632,2633,2634,2635,2636,2692,2756,2820,2821,2885,2886,2950,3014,3078,3142,3143}
Current function value: 1.1753740391696954E9
s**********************************************: 12
Current result: {1173,1234,1236,1237,1298,1299,1300,1357,1358,1359,1360,1361,1362,1363,1421,1479,1480,1485,1544,1545,1546,1547,1548,1549,1612,1676,1740,1741,1805,1806,1870,1934,1998,2062,2126,2190,2191,2255,2319,2324,2325,2326,2327,2383,2384,2385,2386,2387,2388,2391,2442,2443,2444,2445,2446,2447,2506,2566,2567,2568,2570,2632,2633,2634,2696,2752,2760,2816,2823,2824,2880,2887,2944,2950,2951,3008,3011,3012,3013,3014,3015,3072,3073,3074,3075,3079,3143}
Current function value: 1.142857557046177E9
s**********************************************: 4
Current result: {1414,1415,1477,1478,1538,1539,1540,1541}
Current function value: 1.1782719869464586E9
s**********************************************: 5
Current result: {1109,1110,1111,1112,1173,1236,1237,1300,1356,1357,1358,1359,1360,1361,1362,1363,1364,1420,1424,1484,1548,1612,1675,1676,1739,1797,1798,1799,1800,1801,1802,1803,1861,1867,1924,1925,1931,1987,1988,1995,1996,1997,1998,1999,2051,2063,2115,2127,2128,2129,2179,2193,2194,2195,2243,2244,2245,2246,2259,2310,2323,2324,2327,2374,2388,2389,2390,2391,2438,2439,2503,2567,2627,2628,2629,2630,2631,2689,2690,2691,2753,2816,2817,2881,2945,3009,3073,3137,3201,3265}
Current function value: 1.134839551331488E9
s**********************************************: 9
Current result: {1234,1235,1236,1297,1298,1300,1356,1357,1358,1359,1360,1361,1364,1423,1428,1487,1551,1613,1614,1615,1677,1741,1803,1804,1805,1867,1930,1931}
Current function value: 1.161022449747513E9
------------------------------ test ends --------------------------------
