
------------------------------ test starts ------------------------------ 
s**********************************************: 15
Current result: {1806,1807,1808,1809,1810,1870,1874,1875,1876,1934,1940,1941,1942,1943,1998,2007,2008,2009,2010,2011,2012,2013,2014,2015,2016,2062,2126,2190,2191,2255,2319,2383,2447,2508,2509,2510,2511,2512,2566,2567,2568,2569,2570,2571,2572,2631,2695,2759,2823,2887,2951,3015,3078,3079,3142,3143}
Current function value: 1.1347395547037458E9
s**********************************************: 7
Current result: {2630,2694,2758,2822,2886,2888,2950,2951,2952,3014,3015,3078,3079,3137,3138,3139,3140,3141,3142,3201,3265,3328,3329}
Current function value: 1.172147671280156E9
s**********************************************: 6
Current result: {1488,1489,1490,1554,1618,1682,1746,1810,1811,1812,1813,1814,1815}
Current function value: 1.1595619552373364E9
s**********************************************: 8
Current result: {1420,1421,1422,1423,1474,1475,1476,1477,1478,1479,1480,1481,1482,1484,1538,1546,1547,1548,1549,1613,1677,1678,1742,1806,1807,1808,1809,1810,1811,1812,1870,1876,1877,1934}
Current function value: 1.159809264080281E9
s**********************************************: 9
Current result: {1173,1174,1236,1237,1300,1364,1428,1492,1556,1620,1684,1748,1806,1807,1808,1809,1810,1811,1812,1876,1877}
Current function value: 1.1469976969791577E9
s**********************************************: 4
Current result: {1354,1355,1419,1420,1421,1422,1423,1424}
Current function value: 1.1781049499191062E9
s**********************************************: 14
Current result: {1554,1618,1619,1682,1683,1746,1809,1810,1870,1871,1872,1873,1874,1875,1876,1877,1878,1879,1880,1935,1942,1944,1999,2006,2007,2063,2070,2127,2191,2255,2319,2383,2447,2511}
Current function value: 1.1379391687147024E9
s**********************************************: 10
Current result: {1170,1171,1232,1233,1234,1294,1295,1296,1355,1356,1357,1358,1420,1422,1484,1547,1548,1611,1675,1739,1803}
Current function value: 1.1620914291703215E9
s**********************************************: 2
Current result: {1945,2008,2009,2073}
Current function value: 1.1648499077352326E9
s**********************************************: 11
Current result: {1740,1804,1808,1809,1810,1811,1868,1869,1870,1871,1872,1875,1876,1877,1933,1941,1942,1943,1997,2007,2060,2061,2071,2124,2135,2188,2252,2316,2380,2444,2508,2572,2573,2574,2575,2576,2640}
Current function value: 1.1383725495047147E9
s**********************************************: 12
Current result: {1231,1232,1233,1234,1235,1236,1295,1300,1354,1355,1356,1357,1358,1359,1364,1410,1415,1416,1417,1418,1428,1474,1478,1479,1492,1538,1540,1541,1542,1556,1601,1602,1603,1604,1606,1620,1670,1684,1734,1748,1798,1812,1861,1862,1876,1924,1925,1940,1941,1987,1988,2004,2005,2006,2051,2070,2115,2178,2179,2180,2244}
Current function value: 1.1375507396386356E9
s**********************************************: 13
Current result: {2503,2563,2564,2565,2566,2567,2568,2569,2570,2571,2572,2573,2574,2627,2630,2631,2638,2639,2640,2641,2691,2752,2753,2754,2755,2816,2880,2944}
Current function value: 1.1676328434493792E9
s**********************************************: 3
Current result: {1349,1413,1414,1415,1479,1543}
Current function value: 1.1794955015056727E9
s**********************************************: 5
Current result: {1289,1353,1417,1481,1545,1609,1673,1735,1736,1737,1799,1863}
Current function value: 1.1771085286331718E9
------------------------------ test ends --------------------------------
