
------------------------------ test starts ------------------------------ 
s**********************************************: 9
Current result: {1301,1302,1303,1304,1305,1306,1307,1308,1309,1364,1365,1372,1426,1427,1428,1436,1437,1438,1490,1554,1555,1556}
Current function value: 1.1247411741336174E9
s**********************************************: 7
Current result: {1301,1302,1303,1304,1305,1306,1307,1308,1309,1310,1311,1365,1371,1374,1375,1376,1429,1438,1492,1493}
Current function value: 1.1102717333029816E9
s**********************************************: 11
Current result: {1308,1372,1429,1430,1431,1432,1433,1434,1435,1436,1437,1438,1492,1493,1502,1503,1504,1556,1568,1569,1570,1620}
Current function value: 1.114418223206665E9
s**********************************************: 8
Current result: {1235,1299,1300,1301,1302,1355,1356,1363,1366,1420,1421,1422,1423,1424,1425,1426,1427,1429,1430,1487,1494,1556,1557,1558,1620}
Current function value: 1.1427582840533664E9
s**********************************************: 6
Current result: {1247,1248,1249,1308,1311,1312,1371,1372,1374,1375,1376,1436,1437,1438}
Current function value: 1.139485228631955E9
s**********************************************: 14
Current result: {1304,1305,1306,1307,1308,1368,1372,1376,1431,1432,1436,1440,1489,1490,1491,1492,1493,1494,1495,1500,1501,1502,1503,1504,1553,1556,1568,1617}
Current function value: 1.1080725767052753E9
s**********************************************: 10
Current result: {1299,1300,1301,1302,1303,1304,1305,1306,1308,1309,1310,1362,1363,1366,1370,1371,1372,1374,1438,1439}
Current function value: 1.1180530970802348E9
s**********************************************: 12
Current result: {1302,1307,1308,1353,1354,1355,1356,1357,1358,1359,1360,1361,1366,1370,1371,1372,1375,1412,1413,1414,1415,1416,1417,1425,1429,1430,1431,1432,1433,1434,1436,1437,1438,1439,1440,1476,1489,1492,1493,1503,1539,1540,1553,1554,1555,1556,1603,1618,1667,1731,1795,1798,1799,1859,1863,1922,1923,1924,1925,1926,1927,1989,2052,2053,2116,2180,2244,2308,2372,2436,2500,2564,2628,2691,2692,2752,2753,2754,2755,2816,2880,2944,3008,3009,3010,3011,3012,3013,3014,3015,3016,3017,3020,3021,3022,3023,3072,3081,3082,3083,3084,3136}
Current function value: 1.0987018559369774E9
s**********************************************: 15
Current result: {1303,1304,1305,1306,1307,1308,1309,1310,1311,1360,1361,1362,1363,1364,1367,1374,1375,1376,1377,1378,1424,1428,1429,1430,1431,1438,1442,1492,1493,1506,1556,1570,1620,1634,1635,1699,1700,1764,1828,1892}
Current function value: 1.1015392585058367E9
s**********************************************: 3
Current result: {1440,1501,1502,1503,1504,1567}
Current function value: 1.16362435189041E9
s**********************************************: 2
Current result: {1302,1365,1366,1429}
Current function value: 1.1595488445789967E9
s**********************************************: 13
Current result: {1307,1308,1309,1310,1362,1363,1364,1365,1371,1415,1426,1429,1430,1431,1432,1433,1434,1435,1479,1484,1485,1486,1487,1488,1489,1490,1492,1493,1543,1544,1545,1546,1547,1548}
Current function value: 1.1146197918074293E9
s**********************************************: 5
Current result: {1307,1308,1309,1310,1372,1374,1375,1439,1440,1504}
Current function value: 1.1427803252490294E9
s**********************************************: 4
Current result: {1299,1300,1301,1302,1303,1304,1305,1306,1307,1363,1371,1372,1373,1374,1375,1439,1440,1441,1442,1506,1507,1571,1635}
Current function value: 1.1245891106346703E9
------------------------------ test ends --------------------------------
