
------------------------------ test starts ------------------------------ 
s**********************************************: 9
Current result: {13,15,16,17,18,38,39,40,41,43,44,45,46,47,48,49,50,51,52,53,71,72,73,74,75,77,78,81,85,102,103,104,110,112,113,114,115,136,144,147,148,179,211,241,242,243,271,274,303,304,305,306,307,335,336,337,339}
Current function value: 86495.29053333333
s**********************************************: 10
Current result: {82,111,112,113,114,143,144,176,206,207,208,239,271,272,303,304,335,336,337,369,370,402,434,466,498,530,562,563,595,626,627,657,658,659,660,667,669,688,689,692,699,700,701,720,724,725,726,727,728,729,730,731,758,759,760,762,788,789,790,792,793,794,815,816,817,818,819,820,826,846,847,849,850,852,875,876,877,878,881,907,938,939}
Current function value: 174647.03580917136
s**********************************************: 11
Current result: {377,379,381,382,383,408,409,410,411,412,413,414,441,442,444,445,473,505,506,507,530,533,534,535,536,537,562,565,567,593,594,597,626,629,630,657,658,659,660,662,667,668,669,670,671,689,692,694,699,700,702,719,720,721,724,725,726,727,728,730,731,732,753,759,760,761,762,763,764,765,793,794,824,825,852,853,854,855,856,884}
Current function value: 150107.30344398113
s**********************************************: 12
Current result: {7,8,19,38,39,43,50,51,52,71,72,74,75,76,82,104,105,106,108,109,110,111,114,115,136,137,143,144,145,146,147,169,175,201,206,207,233,239,268,271,273,300,301,302,303,304,305,307,333,336,338,339,368,369,370,373,374,375,376,377,378,379,380,381,402,403,404,405,408,412,413,434,437,445,466,477,478,509,510,511,541,543,573,605,637,659,660,667,668,669,692,698,699,701,723,724,730,731,732,755,762,763,787,788,789,790,791,792,793,794,820,821,824,825,856}
Current function value: 280541.28458103194
s**********************************************: 13
Current result: {8,15,16,17,18,40,41,42,43,44,45,46,47,49,72,75,77,79,81,104,105,110,111,113,136,137,142,169,174,201,202,206,207,208,233,234,239,240,241,242,273,305,337,338,370,371,379,380,381,382,383,402,403,406,407,409,410,411,414,415,434,437,438,439,440,441,443,444,446,466,469,474,476,478,498,501,505,506,507,508,510,530,533,537,539,541,542,543,562,563,564,565,569,593,594,595,601,626,627,633,659,660,664,665,689,696,697,698,721,728,753,760,761,785,792,793,816,817,818,819,824,847,848,851,852,853,854,856,880,881,884,886,887,888}
Current function value: 424231.4093417821
s**********************************************: 14
Current result: {15,16,17,34,35,36,38,40,41,42,43,44,45,46,47,49,50,51,65,66,68,69,70,71,72,77,83,96,97,98,99,102,109,112,113,114,115,131,143,144,147,148,149,150,162,163,175,182,194,206,207,208,214,225,226,238,240,242,246,258,268,269,270,272,273,274,290,291,292,293,300,301,303,304,306,325,327,335,337,338,339,355,356,357,358,359,366,367,369,375,377,385,386,387,395,396,397,398,401,402,403,407,408,409,410,417,427,430,433,440,442,443,444,449,462,474,476,481,482,493,494,500,501,502,503,504,505,506,513,514,515,525,526,527,532,537,544,545,559,560,561,562,568,569,576,593,594,595,596,597,600,608,627,629,630,631,632,640,659,660,672,673,676,677,680,681,692,695,699,704,709,712,724,725,726,727,728,729,730,731,732,736,737,738,739,740,741,743,744,745,757,760,771,773,774,775,776,777,786,787,788,789,792,793,794,808,819,821,824,826,853,854,856}
Current function value: 786361.3985838292
s**********************************************: 15
Current result: {6,7,32,33,34,35,36,37,38,39,55,68,71,73,81,82,87,88,102,103,104,105,110,111,112,113,114,120,137,142,143,144,146,147,148,149,150,152,169,174,182,183,184,193,201,202,206,207,214,225,233,239,240,241,257,258,265,271,272,273,274,290,291,292,293,297,304,305,306,307,325,327,328,329,336,337,338,339,356,357,358,359,360,369,371,377,378,379,380,381,383,390,392,401,403,404,405,408,409,410,411,413,414,415,422,432,433,434,437,440,442,446,454,466,469,478,486,500,501,505,506,508,509,510,511,514,515,516,517,518,533,537,538,539,540,549,565,568,569,581,597,598,600,613,630,632,633,637,642,644,645,657,658,659,660,662,663,664,665,667,668,669,670,671,673,674,675,676,689,692,697,699,708,709,717,718,719,720,721,724,725,726,727,728,729,730,731,732,740,741,743,744,745,746,747,748,749,753,760,761,762,773,774,775,777,778,780,781,785,791,792,793,812,816,817,824,844,846,876,877,878,909,910,911,943}
Current function value: 951696.0614928525
s**********************************************: 16
Current result: {17,18,25,27,31,33,34,35,36,38,39,40,41,42,43,44,45,46,47,48,49,50,51,57,59,60,61,62,63,65,68,69,70,71,75,82,87,88,89,90,91,93,96,97,101,103,104,105,114,118,119,128,129,133,146,147,148,149,150,163,164,165,178,182,195,202,210,214,216,227,233,234,239,240,241,242,246,247,248,258,259,266,267,271,272,274,280,291,292,299,300,304,306,307,312,324,332,333,334,335,336,338,339,344,356,357,364,368,370,376,377,378,379,380,389,390,394,396,397,398,402,410,421,422,426,427,428,432,433,434,440,441,442,443,444,445,454,459,465,474,478,486,497,506,507,508,509,510,517,518,529,537,538,539,561,562,594,595,626,658,659,660,669,670,692,693,694,695,696,701,702,703,726,728,729,730,731,732,733,761,763,764,765,791,792,793,794,812,815,818,820,824,844,845,846,847,848,849,850,851,852,853,854,855,856,875,876,877,878,881,884,907,910}
Current function value: 857530.6883178098
s**********************************************: 17
Current result: {15,16,17,18,37,38,39,46,47,48,49,50,68,69,70,73,77,78,81,102,103,104,105,106,107,108,109,112,113,114,136,137,144,146,147,148,169,170,180,181,182,193,196,202,214,225,226,227,228,232,233,234,246,247,248,249,257,259,260,264,281,282,283,289,290,292,293,295,296,315,321,322,324,325,326,327,347,350,351,353,356,359,379,382,385,386,387,388,397,411,414,415,418,420,421,422,423,424,425,426,427,428,429,430,441,442,443,446,447,452,461,474,476,479,484,493,506,507,508,509,510,511,514,515,516,525,526,527,528,530,531,532,541,546,559,560,561,562,564,565,578,594,595,597,598,610,626,627,630,633,641,642,646,653,657,658,662,663,665,666,667,668,673,678,679,680,681,685,688,689,695,697,699,705,710,713,717,718,719,720,726,727,728,729,730,737,739,740,741,742,745,749,759,760,762,763,764,765,769,770,771,776,777,790,791,795,802,803,820,822,835,852,853,854,855}
Current function value: 820107.4258739146
sRESULT**********************************************: 
result subgraph is: [13, 15, 16, 17, 18, 38, 39, 40, 41, 43, 44, 45, 46, 47, 48, 49, 50, 51, 52, 53, 71, 72, 73, 74, 75, 77, 78, 81, 85, 102, 103, 104, 110, 112, 113, 114, 115, 136, 144, 147, 148, 179, 211, 241, 242, 243, 271, 274, 303, 304, 305, 306, 307, 335, 336, 337, 339]
------------------------------ test ends --------------------------------
