
------------------------------ test starts ------------------------------ 
s**********************************************: 9
Current result: {2,34,35,37,38,39,40,67,68,69,70,71,100,101,102,103,134,135,136,165,166}
Current function value: 11925.035377777776
s**********************************************: 10
Current result: {32,33,35,64,65,66,67,68,96,98,100,128,129,130,132,133,160,161,162,163,164,193,194,195,196,224,225,226,227}
Current function value: 22944.482622222222
s**********************************************: 11
Current result: {64,67,68,96,97,98,99,100,101,128,129,130,132,162,163,164,165,166,196,197,198,199,200,201,226,228,229,230,231,232,258,260,289,290,291,292,321,323,324,325,353,354,355,385,417,418,419,420,450,452}
Current function value: 74231.62582222222
s**********************************************: 12
Current result: {24,25,26,27,54,55,59,60,61,62,85,86,88,89,92,93,94,118,119,120,121,122,123,124,126,150,151,152,153,156,158,183,184,185,186,190,218,247,249,250,251,279,280,281,283,284,285,312,313,315,316,317,345,346,377,378,379,380,409,412,441,442,443,475,507}
Current function value: 94163.41030374623
s**********************************************: 13
Current result: {322,354,355,357,358,359,387,389,390,391,419,420,421,422,423,424,425,453,483,485,486,514,515,516,517,518,547,550,579}
Current function value: 25461.17952239194
s**********************************************: 14
Current result: {28,29,31,61,62,63,94,126,127,157,158,159,191,220,221,222,223,253,254,283,284,285,315,317,318,350,351,383,409,410,415,442,444,445,446,447,474,475,478,506,508,509,510,538,539,540,541,542,570}
Current function value: 61043.69853333334
s**********************************************: 15
Current result: {21,23,24,25,26,27,28,53,54,55,58,59,60,61,87,90,118,119,121,151,152,153,184,216,248,249,279,280,281,312}
Current function value: 23108.227555555557
s**********************************************: 16
Current result: {11,41,42,43,73,74,76,104,105,106,107,108,109,131,132,134,135,136,138,139,140,163,164,166,168,169,170,196,197,198,201,228,233,260,292,293,294,322,323,324,326,327,355,357,359,387,388,389,391,392,418,421,422,424,425,450,452,453,454,457,463,482,483,484,488,489,491,494,495,496,497,498,514,516,520,523,524,525,526,527,528,529,530,531,545,546,547,552,553,554,555,562,563,578,587,593,594,609,610,626}
Current function value: 289313.6491111112
s**********************************************: 17
Current result: {285,316,317,346,349,376,378,379,380,381,382,407,408,409,410,411,412,440,441,442,444,445,446,447,476,478,508,539,540,569,570,571,572,574,575,603,604,605,606,607,636,637,639,668,669,670,700,702,732,734,765,766,797,799,829,830,831,861,862,894,895}
Current function value: 87465.82977371127
sRESULT**********************************************: 
result subgraph is: [2, 34, 35, 37, 38, 39, 40, 67, 68, 69, 70, 71, 100, 101, 102, 103, 134, 135, 136, 165, 166]
------------------------------ test ends --------------------------------
