
------------------------------ test starts ------------------------------ 
s**********************************************: 9
Current result: {49,65,75,80,81,87,89,96,97,99,106,107,108,109,110,111,112,113,119,120,121,122,123,124,125,128,129,130,131,132,134,135,138,145,146,147,148,152,157,158,160,162,163,164,165,166,167,168,169,170,178,180,181,182,183,184,186,190,191,198,216,217,218,219,230,231,251,262,272,273,283,293,294,302,303,304,312,313,314,315,316,317,318,319,325,326,327,334,336,342,343,344,345,351,359,360,365,366,368,371,373,374,377,392,397,399,400,402,403,404,405,406,407,424,429,432,433,434,461,493,494,495,521,527,528,529,532,552,553,554,555,561,563,564,584,586,593,594,595,615,616,618,626,646,647,650,654,658,659,678,685,686,687,688,689,690,691,692,693,694,710,718,723,724,726,727,728,733,734,738,739,740,741,742,750,760,765,766,767,773,774,789,792,797,799,805,806,821,822,823,824,828,829,837,851,852,853,856,860,862,867,869,883,888,889,890,891,892,894,899,900,901,908,909,910,911,912,913,914,915,916,924,925,926,930,931,933,934,935,936,937,938,939,940,941,942,946,956,957,958,959}
Current function value: 881440.430762033
s**********************************************: 10
Current result: {272,275,304,305,306,307,336,339,371,403,434,435,436,467,468,498,499,529,530,531,532,562,563,564,595,627,658,659,689,690,691,692,721,722,723,724,754}
Current function value: 59860.694266666665
s**********************************************: 11
Current result: {45,49,77,81,94,96,97,100,101,109,110,111,113,114,115,120,122,123,124,125,126,129,130,131,132,133,134,135,136,143,144,145,147,149,150,151,152,153,154,157,163,167,168,175,177,178,179,180,181,182,183,186,189,199,208,209,231,240,260,263,265,272,273,289,290,291,292,293,294,295,296,297,298,299,300,301,302,303,304,321,326,327,332,336,358,368,390,398,399,400,420,421,422,452,484,515,516,548,549,550,551,552,553,554,584,586,618,647,650,678,679,682,710,711,712,713,714,738,739,740,741,742,744,746,770,773,776,801,802,834,866,867,899,900,931,932,933,934}
Current function value: 339085.6663609185
s**********************************************: 12
Current result: {42,43,59,66,75,77,78,81,89,90,91,92,96,97,98,100,103,104,107,108,109,110,111,112,113,114,115,119,120,121,122,128,130,131,132,133,134,135,136,139,145,146,147,148,149,150,151,154,155,160,165,166,168,169,170,171,179,186,200,218,219,232,251,260,264,283,289,290,291,292,293,295,296,314,315,316,317,318,319,325,326,327,346,350,359,377,378,410,411,443,474,475,504,506,507,536,537,538,539,540,542,567,568,569,570,571,573,574,575,598,599,601,603,604,605,606,626,627,630,633,635,636,658,659,662,663,690,691,692,693,694,695,727,738,739,740,758,759,760,761,762,766,767,770,772,773,774,790,794,795,796,797,798,802,806,807,808,809,822,829,830,831,834,841,842,854,860,861,866,874,882,883,884,886,892,898,906,907,908,909,910,912,913,914,916,917,918,919,922,923,924,925,926,930,938,940,942,943,944,950,954}
Current function value: 559076.6634179158
s**********************************************: 13
Current result: {59,89,90,91,92,112,113,114,115,119,120,121,122,124,147,148,151,152,154,156,157,158,179,180,181,182,183,184,189,190,216,217,246,247,248,249,278,310,342,372,373,374,403,404,435,436,467,498,499,530,531,536,537,539,542,543,552,553,563,567,568,570,571,572,575,584,594,595,598,599,600,601,602,603,604,605,606,607,616,626,627,628,629,630,648,653,654,657,658,659,662,680,681,682,686,689,694,695,696,707,708,709,710,711,712,714,718,719,720,721,722,723,724,728,740,742,746,747,748,749,750,754,759,760,772,773,774,775,778,779,791}
Current function value: 352963.9017329112
s**********************************************: 14
Current result: {42,65,66,74,75,76,77,78,87,96,97,98,101,102,103,106,107,110,111,112,113,114,115,119,130,131,132,133,135,136,139,144,147,148,149,150,151,152,162,165,168,169,170,171,175,176,179,184,200,203,208,209,230,231,232,241,246,248,249,262,272,273,278,279,280,281,292,293,294,302,303,304,305,306,307,310,313,314,334,336,339,342,344,345,346,365,366,371,372,373,374,378,397,403,404,410,411,412,429,435,442,461,467,474,490,491,492,493,499,505,506,522,524,531,532,537,554,563,567,568,569,570,571,572,573,574,586,595,601,602,606,607,618,626,627,629,630,650,658,659,662,681,682,691,692,693,694,695,705,706,707,708,709,710,712,713,723,724,727,739,740,742,743,744,758,759,760,773,774,775,791,807,823,824,839,856,868,869,870,871,888,889,890,891,900,905,906,923,924,925,926,932,933,934,935,936,937,954,955,957}
Current function value: 799060.8414825535
s**********************************************: 15
Current result: {59,65,66,91,92,97,98,99,100,104,107,108,109,110,111,112,123,128,129,131,132,136,137,138,139,144,145,146,155,156,160,162,163,169,170,171,178,186,187,194,201,203,209,210,217,218,226,233,249,258,265,280,281,289,290,297,298,299,302,303,304,305,306,307,313,314,321,331,336,339,344,345,353,354,355,359,360,361,362,363,364,368,371,372,377,378,379,382,383,387,388,389,390,392,396,397,398,399,400,403,411,415,420,422,423,424,435,443,446,447,452,467,468,475,479,483,484,498,499,507,508,511,515,529,530,531,538,539,540,543,547,549,562,563,564,570,575,579,580,581,595,601,602,603,604,605,606,607,613,614,615,627,636,639,647,658,659,660,670,671,678,679,689,690,692,693,694,695,702,709,710,721,722,727,733,734,741,742,743,744,754,759,765,767,774,776,785,786,789,791,797,798,799,807,808,821,822,823,828,831,837,838,839,853,855,860,861,862,863,869,874,887,888,889,890,892,894,898,901,904,905,906,907,908,909,910,911,918,919,922,924,930,931,932,933,934,935,936,940,954,955,956}
Current function value: 912279.5251217746
s**********************************************: 16
Current result: {66,86,87,89,90,98,119,120,121,129,130,131,132,133,134,135,136,146,147,148,149,151,152,167,168,178,181,182,183,184,200,209,210,214,228,229,230,231,232,242,246,260,264,272,273,274,275,278,289,290,291,292,293,296,297,298,299,300,301,302,303,304,307,310,321,331,336,339,342,343,344,353,354,363,371,372,374,376,377,385,386,395,403,409,410,411,412,418,427,443,450,475,482,507,508,514,539,540,542,545,546,547,552,553,572,574,575,577,579,580,581,582,583,584,585,586,604,605,606,607,609,616,618,639,641,647,648,650,679,682,709,710,711,714,740,741,742,746,772,774,778,779,806,811,837,838,839,866,867,869,899,900,901,930,931,933}
Current function value: 473223.84407650854
s**********************************************: 17
Current result: {93,122,123,124,125,126,151,152,153,154,157,158,184,189,190,191,216,217,221,249,281,304,305,306,307,313,314,339,345,346,371,372,373,374,375,376,377,403,404,435,467,499,530,531,562,574,575,594,606,607,626,639,658,659,662,671,691,692,693,694,703,723,724,726,727,728,732,733,734,735,758,760,761,762,763,764,765,766,767,798}
Current function value: 141588.63844656694
sRESULT**********************************************: 
result subgraph is: [272, 275, 304, 305, 306, 307, 336, 339, 371, 403, 434, 435, 436, 467, 468, 498, 499, 529, 530, 531, 532, 562, 563, 564, 595, 627, 658, 659, 689, 690, 691, 692, 721, 722, 723, 724, 754]
------------------------------ test ends --------------------------------
