
------------------------------ test starts ------------------------------ 

------------------------------ test starts ------------------------------ 

------------------------------ test starts ------------------------------ 
s**********************************************: 9
Current result: {144,174,175,176,205,206,208,209,210,211,212,213,236,237,244,268,276,300,301,302,334,366,369,371,398,399,400,401,403,405,406,430,433,434,435,436,437,438,462,470,493,494,501,502,522,523,524,525,533,554,555,557,565,586,589,597,618,621,622,650,653,654,655,687,688,719,750,751,767,780,781,782,795,796,797,798,799,812,813,819,820,821,822,823,824,825,826,827,830,845,850,851,857,858,862,863,877,878,882,910,911,912,913,914}
Current function value: 177437.25346581172
s**********************************************: 10
Current result: {176,177,178,204,205,206,207,208,210,211,212,236,243,268,299,300,331,340,341,363,365,366,367,368,369,370,371,372,373,395,396,397,405,406,428,429,430,438,462,468,469,470,494,525,526,556,557,586,588,616,617,618,619,620,621,627,648,653,659,660,661,679,680,685,693,694,711,725,726,727,743,744,757,776,777,778,779,780,781,782,789,807,808,812,814,819,820,821,839,846,851,871,878,881,882,883,902,903,910,911,912,913,934,935}
Current function value: 178127.1704770162
s**********************************************: 11
Current result: {363,364,365,366,367,394,395,397,398,399,426,429,430,431,432,433,434,435,436,458,460,461,463,467,468,490,493,522,523,554,555,586}
Current function value: 36548.21106666667
s**********************************************: 12
Current result: {366,368,369,370,371,397,398,399,400,402,429,431,434,435,436,458,461,462,466,467,468,490,492,493,522,523,524,554,555,586,588,589,618,619,620}
Current function value: 45758.596614971284
s**********************************************: 13
Current result: {365,366,369,370,397,398,400,401,429,430,431,432,433,462,463,465,466,467,468,469,470,501,533,564,565,596,597,598,628}
Current function value: 34394.34374370675
s**********************************************: 14
Current result: {174,176,177,205,206,207,208,209,210,211,212,213,236,237,245,268,300,332,364,365,366,367,369,371,372,373,396,399,400,401,403,405,428,433,434,435,436,437,438,439,460,466,470,471,492,493,501,502,524,525,533,565,596,597,627,628,629,660,661,662,663,694,695,696,727,759,780,781,791,798,799,813,819,820,821,822,823,829,830,831,845,846,851,855,856,857,858,859,860,861,862,877,878,879,880,881,882,883,889,910,911,912,913,921}
Current function value: 195644.75517817543
s**********************************************: 15
Current result: {299,300,332,364,365,366,367,394,399,401,426,431,432,433,435,458,459,460,461,462,463,465,466,467,490,522,554,555,586,618,619,650}
Current function value: 34189.41022222222
s**********************************************: 16
Current result: {173,174,175,176,204,205,211,236,243,244,268,276,299,300,308,331,340,341,363,364,365,366,370,371,372,373,374,394,395,397,399,400,401,402,406,426,429,430,431,433,438,458,463,465,466,470,471,490,491,523,555,556,588,620,621,653,685,717,735,749,765,766,767,780,781,782,786,797,813,818,819,820,829,830,831,845,846,851,857,858,859,860,861,878,880,881,882,883,884,885,886,887,888,889,910,911,912}
Current function value: 171098.4279019119
s**********************************************: 17
Current result: {212,213,244,245,276,307,308,339,363,367,369,370,371,372,373,394,395,396,397,398,399,400,401,402,403,405,426,428,429,430,431,434,435,458,460,461,463,466,467,468,469,470,490,493,501,522,525,533,554,557,565,588,589,597,621,622,627,628,629,653,654,659}
Current function value: 109040.66987893017
sRESULT**********************************************: 
result subgraph is: [299, 300, 332, 364, 365, 366, 367, 394, 399, 401, 426, 431, 432, 433, 435, 458, 459, 460, 461, 462, 463, 465, 466, 467, 490, 522, 554, 555, 586, 618, 619, 650]
------------------------------ test ends --------------------------------
