
------------------------------ test starts ------------------------------ 
s**********************************************: 9
Current result: {185,213,216,217,245,246,247,249,251,278,279,280,281,282,283,311,312,314,315,344,346,378,379}
Current function value: 13577.122622222225
s**********************************************: 10
Current result: {64,65,66,67,98,130,160,161,162,193,225,226,258,290,293,295,322,323,324,325,326,327,355,356,358,388,389,420,449,450,451,452,453,481,482,483,485,486,513,514,516,517,518,545,547,548,576,577,579,580,608,640}
Current function value: 71415.58453333334
s**********************************************: 11
Current result: {4,5,6,7,8,9,10,11,13,14,15,16,17,23,24,33,34,35,36,43,44,45,49,52,53,54,55,56,57,58,65,66,67,68,71,76,81,82,84,85,90,92,97,99,102,103,107,108,114,115,116,121,122,123,124,130,131,135,156,162,163,164,167,183,188,189,196,197,198,199,200,201,202,214,215,216,217,219,221,230,233,234,235,246,247,248,251,252,253,261,262,267,268,269,279,280,281,282,283,293,298,299,300,310,311,313,314,323,325,330,332,333,341,342,343,344,346,355,356,357,358,364,375,376,378,379,383,388,389,390,408,409,411,414,415,421,441,443,444,445,446,447,453,454,455,475,478,479,486}
Current function value: 473076.9850385932
s**********************************************: 12
Current result: {667,668,669,700,732,733,734,735,765,766,794,795,796,797,798,799,827,829,831,859,860,861,862,890,891,892,894,924,925,926,955,956,958}
Current function value: 20236.626622222226
s**********************************************: 13
Current result: {2,3,4,7,13,14,16,19,20,22,33,34,35,38,39,44,45,48,52,53,54,66,67,68,69,70,71,76,77,78,79,80,81,82,84,85,100,101,102,103,109,112,114,115,116,117,135,136,144,164,165,167,171,172,173,174,175,176,177,178,195,196,197,198,199,200,204,207,226,228,236,237,238,239,258,259,260,261,268,269,289,290,292,293,295,296,297,298,299,300,301,322,324,325,327,333,355,357,358,359,386,387,389,419,420,421,451,453,483,485,486,515,518,519,545,546,547,576,577,578,579,580,581,608,609,613,614,644,645,677,709,710,741,772,773,804,805}
Current function value: 446224.523688889
s**********************************************: 14
Current result: {39,67,68,70,71,72,100,101,102,104,134,166,167,168,169,198,199,201,202,224,225,229,230,233,234,256,258,259,262,288,289,290,293,294,295,321,322,323,324,325,326,327,357,359,389}
Current function value: 60489.794799999996
s**********************************************: 15
Current result: {247,249,278,279,280,281,282,284,312,313,314,315,316,317,346,348,350,351,377,378,380,381,383,410,411,413,414,415,440,441,442,445}
Current function value: 25865.2068
s**********************************************: 16
Current result: {21,22,23,51,52,53,55,69,74,81,83,87,100,101,102,103,104,105,106,107,108,109,112,113,114,115,117,118,119,120,132,134,140,144,151,164,165,171,172,173,174,175,176,177,178,183,194,195,196,197,204,205,210,214,215,224,225,226,236,244,245,246,248,249,250,251,256,277,279,282,288,309,310,311,312,313,314,320,322,341,343,345,352,353,354,373,376,377,378,379,384,385,404,405,407,408,417,437,440,441,469,473,501,502,503,535,567,570,599,600,601,602,603,604,635,666,667,699,700,702,732,733,734,766,767,796,797,798,828,829,830,861,862,894,926}
Current function value: 364225.6564888889
s**********************************************: 17
Current result: {188,189,212,216,219,220,244,245,248,249,250,251,252,253,254,277,278,279,280,282,284,286,287,310,315,316,319,341,342,343,344,373,375,376,407,408,439,440}
Current function value: 36610.15182222222
sRESULT**********************************************: 
result subgraph is: [185, 213, 216, 217, 245, 246, 247, 249, 251, 278, 279, 280, 281, 282, 283, 311, 312, 314, 315, 344, 346, 378, 379]
------------------------------ test ends --------------------------------
