
------------------------------ test starts ------------------------------ 
s**********************************************: 9
Current result: {140,171,172,204,233,235,236,237,261,263,264,265,266,267,268,293,294,295,298,299,326,358,386,389,390,391,417,418,419,420,421,451,483,515,547,579,580,612,613,614,615,616,645,646,648,649,650,651,652,656,684,685,686,687,688,689,718,721,722,750,753,754,782,785,813,814,815,817,845,849,850,851,877,878,880,881,883,884}
Current function value: 122414.93222222224
s**********************************************: 10
Current result: {154,186,217,218,249,276,279,280,281,282,283,298,299,308,311,312,329,330,331,340,341,343,359,360,361,362,363,372,374,375,389,390,391,404,405,406,407,408,409,410,411,418,419,420,421,436,438,441,451,460,470,471,483,491,492,503,515,517,523,535,547,548,549,551,555,564,567,580,581,582,583,586,587,588,589,596,597,598,599,614,618,620,621,622,627,628,631,646,654,656,657,658,659,663,678,686,687,688,689,690,710,711,712,713,714,715,716,717,718,741,742,743,746,750,773,778,782,783,810,815,819,842,847,848,851,873,874,880,881,882,883,905,914}
Current function value: 332156.52364774555
s**********************************************: 11
Current result: {329,331,360,361,362,363,387,388,389,392,395,396,419,421,424,428,451,453,456,460,483,485,486,487,488,491,492,515,518,519,523,547,555,579,586,587,611,612,614,618,619,620,621,644,645,646,650,652,678,682,710,714,715,742,743,746,777,778}
Current function value: 70468.7905273265
s**********************************************: 12
Current result: {209,210,211,212,241,244,276,277,309,311,312,341,342,343,372,373,374,380,381,406,409,410,411,412,413,414,415,438,439,440,441,470,488,502,503,516,519,520,534,548,549,551,566,581,582,583,586,587,588,589,595,596,597,598,599,613,615,618,620,621,622,627,644,645,646,647,648,649,650,651,652,654,659,678,686,687,688,689,690,691,718,721,750,753,754,781,782,785,813,817,819,845,849,850,851,877,880,881,882,883,913}
Current function value: 244971.39450198898
s**********************************************: 13
Current result: {21,22,51,52,53,84,116,148,149,154,155,181,182,186,212,213,218,236,244,250,267,268,269,270,276,280,281,282,283,298,299,302,303,308,313,316,317,329,330,334,340,341,342,345,349,358,359,360,361,362,363,364,366,372,374,375,376,377,381,382,386,387,388,389,390,392,393,394,396,398,399,404,405,409,410,411,412,413,414,415,416,417,418,421,424,428,435,436,437,438,446,448,455,456,460,467,470,480,481,491,492,499,502,503,513,523,534,545,555,566,567,577,578,579,587,599,609,611,612,613,619,620,621,631,644,645,646,651,652,656,657,658,663,664,665,678,684,685,686,687,688,690,691,692,693,694,695,696,710,711,716,717,721,722,728,746,747,748,749,754,778,781,782,814,815,839,840,841,845,846,871,873,874,875,876,877,878,879,880,881,883,884,885,886,887,888,903,908,913,914,915,919,935}
Current function value: 682265.6744109472
s**********************************************: 14
Current result: {13,14,19,44,45,46,51,78,79,80,81,82,83,109,110,111,112,140,141,144,171,172,176,206,207,208,209,210,211,238,241,243,253,254,255,262,264,265,266,267,270,275,276,277,278,279,280,281,282,283,284,285,294,295,296,298,299,302,307,308,309,311,317,326,331,332,333,334,335,340,343,358,366,367,368,369,375,388,389,390,391,396,397,398,401,421,422,423,424,427,428,432,433,436,451,453,455,456,459,465,466,467,468,469,470,483,484,485,491,499,502,517,523,534,549,551,555,566,576,577,578,579,580,581,582,583,587,589,590,595,596,597,598,609,610,611,613,614,618,619,620,621,626,627,646,651,652,657,658,677,678,684,686,687,688,689,710,711,716,721,722,748,749,777,778,781,809,813,814,839,840,841,842,846,873,874,875,876,878,879,880,881,884,885,886,887,888,905,908,909,910,913,914,915,916,919,951}
Current function value: 621107.2499611236
s**********************************************: 15
Current result: {627,656,657,658,659,686,687,688,690,718,722,750,782,814,819,846,848,849,850,851,877,878,879,880,882,883,884,909,910,914,916,941}
Current function value: 34356.09697777778
s**********************************************: 16
Current result: {20,21,22,52,83,84,116,140,148,149,150,158,171,172,173,181,182,189,190,191,204,205,206,212,213,221,236,238,244,252,253,268,270,271,276,277,279,281,282,283,284,299,300,303,309,310,311,312,313,329,331,335,341,343,361,362,363,367,368,372,373,375,376,380,381,382,393,394,400,403,404,405,408,409,410,411,412,413,414,415,425,432,433,434,435,440,441,446,447,456,457,460,488,491,492,520,523,549,551,552,555,581,582,583,586,587,590,615,616,618,620,621,622,648,649,650,651,652,684,714,715,716,746,747,778,779,811,843,845,874,875,877,907,908,909,939,941}
Current function value: 317556.6462222222
s**********************************************: 17
Current result: {19,20,21,22,51,52,53,82,83,115,147,148,149,150,182,186,187,188,189,190,191,205,210,211,213,214,223,236,237,243,244,245,255,265,266,267,268,269,276,281,282,283,284,285,286,287,299,301,302,308,309,313,331,340,345,359,360,361,362,363,367,369,370,371,372,377,380,381,382,386,387,388,389,390,391,392,393,394,395,396,397,398,399,400,401,404,409,410,411,412,414,417,418,419,421,424,427,428,432,436,438,439,440,441,446,447,451,456,459,464,468,469,470,486,487,488,491,496,516,517,518,520,523,547,548,549,555,566,576,577,578,579,581,587,590,598,599,600,603,604,605,606,608,611,612,613,614,618,619,620,621,622,631,632,633,634,635,637,646,649,650,651,657,658,659,660,661,662,663,664,665,677,678,682,690,693,696,697,710,722,728,742,743,754,775,777,778,785,786,807,809,817,839,840,841,845,849,856,871,873,874,875,877,878,879,880,881,882,883,884,885,886,887,888,905,907,908,909,910,916}
Current function value: 714034.5381592643
sRESULT**********************************************: 
result subgraph is: [627, 656, 657, 658, 659, 686, 687, 688, 690, 718, 722, 750, 782, 814, 819, 846, 848, 849, 850, 851, 877, 878, 879, 880, 882, 883, 884, 909, 910, 914, 916, 941]
------------------------------ test ends --------------------------------
