
------------------------------ test starts ------------------------------ 
s**********************************************: 9
Current result: {527,531,557,559,560,561,562,563,564,565,589,590,591,592,596,597,598,601,602,603,623,624,629,630,631,632,633,634,655,662,663}
Current function value: 30313.44093333333
s**********************************************: 10
Current result: {338,339,371,372,373,374,375,403,407,435,439,470,471,503,504,505,506,507,508,509,525,530,531,532,539,540,557,558,560,561,562,564,565,572,579,580,581,589,591,592,596,597,598,600,601,602,603,604,605,606,612,613,614,615,620,621,623,629,630,631,632,633,636,638,647,650,651,652,653,655,662,663,679,680,681,682,685,686,687,711,719,751,752,782,783,784,815,846,847,872,873,877,878,879,880,905,906,907,908,909,938,941}
Current function value: 234859.04946666668
s**********************************************: 11
Current result: {263,274,275,295,306,307,308,327,328,338,340,341,343,360,363,364,365,366,370,373,374,375,391,392,393,394,395,397,398,399,401,402,403,407,431,432,433,439,463,470,471,472,495,524,525,527,557,559,589,590,591,621,623,624,654,655,687,718,719,750,751,752,784}
Current function value: 108710.6525228496
s**********************************************: 12
Current result: {263,295,297,327,328,329,360,361,392,393,425,457,458,459,490,491,492,522,524,525,526,548,554,557,558,559,580,581,583,586,590,612,613,614,615,616,617,618,621,622,623,648,649,650,654,682,683,712,713,714,746,778,779,780,812,844,845,846,847,876,878,879,880,909,910}
Current function value: 102274.96115555557
s**********************************************: 13
Current result: {457,458,459,474,490,506,507,508,509,521,522,523,524,525,526,538,539,550,553,554,557,570,581,582,583,584,585,589,590,601,602,613,615,621,631,632,633,634,653,655,662,663,684,685,686,687,688,689,690,691,692,693,694,695,716,719,726,727,748}
Current function value: 80836.03004379399
s**********************************************: 14
Current result: {200,231,232,263,265,295,296,297,298,299,327,328,331,360,361,365,366,391,392,393,394,395,398,423,426,429,430,457,458,461,490,491,492,493,497,504,522,524,525,526,527,528,529,530,531,535,536,554,557,558,568,584,585,586,590,597,600,601,602,603,605,615,616,618,621,622,629,630,634,635,636,637,647,650,662,663,666,679,680,682,683,684,694,698,711,714,716,726,727,728,729,730,731,743,756,757,758,774,775,776,788,789,808,809,810,821,826,841,847,848,849,850,851,852,853,857,858,872,873,874,878,879,883,884,885,888,889,905,906,907,908,909,910,917,921,937,939,949,950,951,952,953,954}
Current function value: 365655.99901950976
s**********************************************: 15
Current result: {237,238,269,298,299,301,302,303,331,334,340,363,364,365,366,367,368,369,372,373,374,375,396,397,401,402,403,404,407,428,433,435,439,459,460,471,472,490,491,504,505,506,507,508,509,510,511,521,522,526,527,528,529,536,540,543,550,554,559,561,562,568,572,579,582,583,585,586,591,600,604,606,610,611,612,613,614,615,616,618,623,631,632,634,635,636,637,638,648,649,650,655,656,657,662,663,682,683,684,687,689,690,714,716,718,719,748,751,777,778,779,780,783,784,810,812,815,844,846,847,873,874,875,876,877,878,879,905,906,907,937}
Current function value: 378797.8632728769
s**********************************************: 16
Current result: {365,366,367,368,369,371,397,398,401,402,403,430,431,433,435,461,462,463,465,495,497,524,525,526,527,529,530,531,558,559,561,562,589,590,592,621,622,623,624,653,685,717,718,719,751,752,784,815,816,844,847,875,876,877,878,879,907,909,937,938,939}
Current function value: 134143.5955386592
s**********************************************: 17
Current result: {585,586,615,616,617,618,621,622,648,650,653,654,655,680,682,683,684,685,687,711,712,714,719,745,746,750,751,752,776,777,778,784,810,815,816,823,824,825,826,842,846,847,852,853,854,855,857,858,873,874,878,879,880,885,887,905,906,909,910,911,914,915,916,917,919,937,938,941,943,944,945,946,947,951}
Current function value: 122101.73004364321
sRESULT**********************************************: 
result subgraph is: [527, 531, 557, 559, 560, 561, 562, 563, 564, 565, 589, 590, 591, 592, 596, 597, 598, 601, 602, 603, 623, 624, 629, 630, 631, 632, 633, 634, 655, 662, 663]
------------------------------ test ends --------------------------------
