
------------------------------ test starts ------------------------------ 
s**********************************************: 9
Current result: {453,454,482,484,486,513,514,515,516,517,518,528,548,550,554,557,558,560,561,576,580,582,583,585,586,588,589,590,591,593,594,608,611,612,613,615,616,617,618,619,623,624,625,626,640,642,643,647,648,649,651,655,672,673,674,681,683,687,713,719,744,745,751,771,776,783,784,802,803,804,805,806,807,808,809,810,811,813,814,815,816,834,835,841,843,844,845,866,868,876,877,898,899,900}
Current function value: 183881.99130746143
s**********************************************: 10
Current result: {13,14,15,16,17,21,22,23,24,25,26,29,45,49,50,51,52,53,58,59,60,61,76,77,82,84,85,108,140,164,172,196,197,198,199,202,203,204,205,206,226,227,228,231,232,233,234,235,237,238,239,240,259,260,265,266,271,290,291,292,298,303,304,333,335,364,365,366,367,387,399,419,420,431,432,433,450,451,465,481,482,483,484,485,486,497,518,528,529,550,558,560,561,580,581,582,583,588,589,590,591,592,593,615,616,617,620,623,625,646,647,649,650,651,652,657,684,716,748,780,781,782,811,812,813,816,818,842,843,845,848,849,850,875,877,878,879,880,907}
Current function value: 441118.19729232404
s**********************************************: 11
Current result: {459,491,522,523,554,564,565,581,582,586,588,589,590,591,596,597,598,610,611,612,613,614,615,618,619,620,621,630,631,637,638,644,647,648,651,652,661,662,663,666,667,668,669,680,681,682,683,684,694,695,696,697,698,700,701,702,703,713,716,717,725,726,745,749,758,763,769,770,771,775,776,777,781,789,790,792,794,795,800,801,802,803,804,805,806,808,812,813,814,815,816,817,818,819,820,821,823,824,825,826,838,839,840,844,845,849,852,853,854,855,858,859,860,870,876,881,884,885,892,917,924,925,949}
Current function value: 287514.8550508719
s**********************************************: 12
Current result: {161,165,193,197,198,199,200,212,225,226,227,228,229,232,242,243,244,245,257,258,259,264,265,270,271,274,277,278,279,290,291,296,297,303,304,306,309,311,322,328,335,338,343,358,359,360,367,368,369,370,375,388,389,390,391,407,408,419,420,438,439,440,449,450,451,452,453,459,470,472,482,485,486,491,502,513,514,518,522,523,524,533,534,535,550,554,556,557,561,564,565,566,580,581,582,585,586,589,590,591,592,593,594,595,596,610,611,612,613,615,616,617,621,625,628,629,631,637,642,643,645,646,647,649,650,651,661,662,663,667,668,669,670,671,675,681,683,684,694,695,696,697,698,699,713,716,717,725,726,744,745,749,758,760,761,768,769,770,771,775,776,780,781,787,788,790,791,792,793,794,795,800,803,809,810,812,813,814,815,818,819,820,822,824,826,827,828,835,836,840,841,842,843,844,845,847,848,849,850,854,859,860,868,869,870,871,872,879,880,881,885,886,887,898,899,900}
Current function value: 808825.2547555555
s**********************************************: 13
Current result: {527,528,557,560,561,587,588,589,590,591,592,615,617,618,619,621,624,625,647,648,649,657,681,713,745,775,776,777,808,840,841,872}
Current function value: 36237.62036703342
s**********************************************: 14
Current result: {564,596,597,598,600,601,628,629,630,631,632,633,634,635,637,660,661,662,667,669,670,694,695,698,699,700,701,702,703,727,759,760,792,795,824,825,826,827,828,856,857,889}
Current function value: 36283.99438613822
s**********************************************: 15
Current result: {212,238,239,244,271,276,303,304,308,335,337,338,339,340,367,368,369,401,418,419,420,421,432,433,449,450,451,465,481,483,484,485,496,497,513,514,517,528,549,558,559,560,561,581,585,586,587,590,591,593,597,598,613,616,617,618,619,625,626,627,628,629,631,632,645,646,647,648,651,652,661,663,680,681,684,693,694,695,696,713,716,717,725,727,728,729,749,750,758,759,761,762,763,781,782,783,784,787,790,794,795,813,816,817,818,819,820,821,822,825,826,827,835,836,840,841,842,843,844,845,847,848,849,851,854,855,857,858,859,866,867,868,872,875,876,877,879,880,883,884,885,886,889,898,900,901,902,903,904,907,930}
Current function value: 520144.6634880398
s**********************************************: 16
Current result: {364,365,395,396,427,459,491,522,523,554,557,558,559,585,586,587,588,590,591,592,593,616,617,618,620,621,622,624,625,649,652,657,681,713}
Current function value: 43827.21911111111
s**********************************************: 17
Current result: {2,5,6,8,12,13,14,15,16,17,18,20,21,22,23,24,25,26,27,28,29,32,33,34,36,37,38,39,40,44,46,47,50,51,52,58,66,67,68,71,72,73,74,75,76,79,83,84,99,103,131,163,164,196,197,201,202,203,206,207,222,223,227,228,233,235,236,237,238,239,240,253,254,259,265,266,269,270,271,286,290,291,296,297,301,318,323,324,328,332,333,349,350,355,356,365,377,378,379,380,381,387,396,397,407,408,409,412,413,418,419,427,428,439,445,451,459,470,471,480,481,482,483,491,502,503,505,512,522,523,535,536,537,544,554,568,569,576,582,583,584,585,586,587,588,589,599,600,601,608,614,619,620,621,631,633,634,635,640,641,642,644,646,651,665,667,670,673,674,675,676,677,678,679,680,695,696,697,699,700,701,702,703,712,713,727,728,729,731,745,761,763,776,777,784,795,808,809,810,811,812,813,814,815,816,817,818,825,826,827,828,840,843,844,845,849,850,855,856,857,860,872,881,885,886,887,913,917,945,946,947,948,949}
Current function value: 841626.0971982694
sRESULT**********************************************: 
result subgraph is: [527, 528, 557, 560, 561, 587, 588, 589, 590, 591, 592, 615, 617, 618, 619, 621, 624, 625, 647, 648, 649, 657, 681, 713, 745, 775, 776, 777, 808, 840, 841, 872]
------------------------------ test ends --------------------------------
