
------------------------------ test starts ------------------------------ 
s**********************************************: 9
Current result: {12,42,43,44,45,69,70,73,74,75,76,87,89,90,99,100,101,102,103,104,105,108,109,118,119,120,121,123,130,131,134,135,152,153,154,155,156,161,162,167,185,193,199,207,212,213,214,215,216,217,224,225,239,240,241,242,243,244,257,271,273,289,303,321,325,326,332,333,334,335,353,354,355,358,359,360,364,365,385,387,390,395,396,398,418,419,420,421,422,423,426,427,428,429,430,452,455,456,457,458,462,487,488,493,494,520,525,555,556,557,587,618,619,620,647,648,649,650,652,653,654,655,679,682,687,688,714,720,721,745,746,753,754,782,783,784,785,811,813,814,842,843,844,845,846}
Current function value: 434918.053820205
s**********************************************: 10
Current result: {33,34,37,41,44,66,67,68,69,71,72,73,74,75,76,81,82,92,101,102,103,105,108,112,113,114,115,121,122,124,133,135,143,144,145,152,153,155,156,165,166,167,174,175,177,178,180,182,183,184,185,186,187,188,189,190,191,196,197,199,207,209,210,211,212,213,214,216,220,222,223,228,239,241,245,252,260,271,273,284,292,302,303,316,324,333,334,335,336,344,346,348,356,359,360,361,363,364,365,366,375,376,377,378,380,388,392,395,398,410,411,412,417,419,420,421,422,424,425,426,427,429,430,443,449,450,451,452,454,455,456,457,458,462,486,518,549,550,551,552,553,554,555,556,557,584,587,589,590,616,619,622,647,648,653,654,667,668,669,670,671,676,677,680,685,686,687,699,700,708,712,719,720,721,722,723,724,725,731,740,741,742,743,744,745,746,753,754,757,761,762,763,776,778,789,790,791,792,793,794,806,807,808,824,837,838,839,840,841,842,870,871,903}
Current function value: 832367.9600027415
s**********************************************: 11
Current result: {9,10,11,12,41,43,45,55,71,72,73,75,76,77,78,79,80,81,82,83,84,86,87,88,89,90,94,101,102,103,107,108,109,112,113,116,118,119,122,125,126,133,134,135,140,144,148,149,150,154,155,156,157,164,165,167,168,169,172,177,181,182,188,191,193,194,195,196,199,209,210,211,212,213,220,221,222,223,240,241,244,245,260,261,269,270,271,272,291,292,293,302,325,326,334,357,358,359,360,361,364,365,366,389,393,394,396,420,421,425,426,428,452,453,456,457,458,459,460,461,485,486,488,490,491,493,494,520,525,557,587,589,618,619,620,621,648,649,650,653,662,663,664,665,666,667,679,680,685,686,687,693,694,696,699,700,711,719,720,721,723,724,725,728,736,738,739,740,741,742,743,744,753,754,755,759,760,762,763,768,769,770,774,775,787,792,793,794,800,806,808,824,826,837,838,839,840,841,842,843,844,856,857,858,859,870,874,891,892,893,922,923,925,926,927,955}
Current function value: 923325.9108595484
s**********************************************: 12
Current result: {9,10,11,12,33,34,41,44,45,64,65,66,67,68,69,72,73,77,78,79,80,90,97,98,101,102,103,104,112,120,121,122,123,133,134,135,144,152,154,155,156,175,176,177,183,184,207,209,210,211,215,239,240,241,243,244,245,246,247,270,271,273,303,325,326,331,332,334,335,353,354,356,357,358,359,360,361,362,363,364,365,366,385,386,387,388,389,392,396,397,421,422,423,429,430,454,462,467,493,494,495,496,497,498,499,528,560,592,593,594,595,627,659,690,691,722,723,724,725,754,782,786,813,814,815,816,817,818,819,820,846,848,849,880,881}
Current function value: 408399.23699595866
s**********************************************: 13
Current result: {43,68,72,73,75,76,77,81,82,90,92,93,99,100,101,103,104,105,106,107,108,112,113,114,115,118,119,120,121,122,123,124,125,126,132,133,134,135,138,147,148,153,154,158,161,162,164,170,171,172,177,180,184,185,188,189,190,191,192,193,194,195,196,202,208,209,210,211,212,213,214,215,216,220,223,234,235,241,248,252,267,268,269,270,271,272,273,302,303,304,333,334,335,365,397}
Current function value: 204516.88416760636
s**********************************************: 14
Current result: {1,11,12,33,44,45,61,62,64,65,66,67,68,77,78,79,80,81,82,83,84,85,86,87,92,93,97,98,100,101,102,107,108,109,110,113,116,117,118,119,120,121,123,124,125,126,129,134,135,140,145,146,149,153,154,155,156,157,160,161,166,176,177,178,181,182,187,188,189,190,192,193,194,195,207,208,209,213,214,220,222,224,233,234,239,245,252,256,264,265,266,267,268,269,270,271,272,273,284,288,289,290,296,315,316,322,328,344,346,347,348,354,355,356,358,359,360,361,375,376,377,378,379,386,388,389,390,409,411,412,413,414,415,418,440,441,443,447,449,450,473,481,505,513,514,537,545,569,601,620,633,647,652,653,655,665,666,667,679,684,685,686,687,688,697,699,700,711,714,715,716,718,719,729,740,742,743,744,745,746,750,757,758,759,760,761,770,771,772,774,776,782,784,788,789,790,804,805,806,814,815,816,818,819,820,837,838,839,840,841,842,848,849,850,871,874,880,881,903,935}
Current function value: 911698.7528217718
s**********************************************: 15
Current result: {1,12,13,21,33,41,42,43,44,45,51,52,53,65,67,69,73,74,75,77,78,81,82,83,85,86,87,88,97,98,99,100,101,102,104,105,107,108,110,111,112,113,115,120,121,123,124,125,126,129,131,133,135,136,137,140,143,144,153,154,155,157,161,162,164,165,166,167,169,170,172,175,185,186,188,189,190,192,193,202,207,208,217,224,233,234,239,270,271,301,302,303,332,333,334,335,366,398,429,430,462,493,494,525,557,589,621,652,653,685,686,687,719,720,721,753,785,786,787,818}
Current function value: 359702.5530577816
s**********************************************: 16
Current result: {12,26,44,55,58,62,67,68,69,70,71,72,74,75,76,77,78,79,80,81,86,87,90,93,94,98,99,100,102,103,104,105,106,108,110,112,113,114,118,119,120,121,122,123,124,125,130,131,133,134,135,140,144,153,155,156,157,160,161,162,176,177,178,179,180,185,189,190,193,194,195,196,207,209,210,212,213,214,215,216,217,222,223,228,239,240,241,246,247,255,258,269,270,271,285,286,287,290,291,302,303,313,314,315,316,317,323,325,331,332,333,334,335,345,349,355,356,357,358,359,360,361,363,366,375,376,377,378,381,387,390,393,394,395,397,398,407,409,410,413,417,418,419,420,425,426,427,428,429,445,446,449,459,460,461,462,481,482,490,491,493,494,513,514,523,555,587,619,620,651,672,673,674,675,683,705,706,712,713,714,715,738,739,740,741,742,743,744,772,773,776}
Current function value: 649709.944927705
s**********************************************: 17
Current result: {17,18,19,20,21,33,34,35,36,41,43,49,53,55,66,67,68,69,71,73,74,75,76,80,81,82,85,86,87,88,89,99,101,102,103,105,106,108,109,112,114,115,116,120,121,132,133,137,140,144,146,148,160,161,162,163,164,167,168,169,172,173,174,176,178,180,192,196,206,207,208,211,212,213,228,240,241,244,260,261,269,270,271,272,293,301,325,331,332,333,343,357,358,362,363,365,366,375,376,390,391,394,396,397,398,405,406,407,408,422,423,425,426,429,430,433,434,437,440,441,454,456,457,458,462,465,466,467,468,469,485,486,487,488,490,491,493,494,495,496,498,516,517,528,529,530,549,550,560,582,583,584,616,620,647,648,652,653,654,656,675,676,677,678,679,683,684,686,687,688,707,711,714,715,716,719,720,721,739,740,743,744,745,746,748,753,754,758,759,760,761,769,770,771,776,778,782,783,784,785,786,787,789,790,793,794,808,813,814,818,819,820,821,826,845,858,890,891,922,923}
Current function value: 947953.8341990891
sRESULT**********************************************: 
result subgraph is: [43, 68, 72, 73, 75, 76, 77, 81, 82, 90, 92, 93, 99, 100, 101, 103, 104, 105, 106, 107, 108, 112, 113, 114, 115, 118, 119, 120, 121, 122, 123, 124, 125, 126, 132, 133, 134, 135, 138, 147, 148, 153, 154, 158, 161, 162, 164, 170, 171, 172, 177, 180, 184, 185, 188, 189, 190, 191, 192, 193, 194, 195, 196, 202, 208, 209, 210, 211, 212, 213, 214, 215, 216, 220, 223, 234, 235, 241, 248, 252, 267, 268, 269, 270, 271, 272, 273, 302, 303, 304, 333, 334, 335, 365, 397]
------------------------------ test ends --------------------------------
