
------------------------------ test starts ------------------------------ 
s**********************************************: 9
Current result: {24,25,26,27,28,29,58,61,92,93,94,124,126,127,158,190,221,222,253,254,255,284,285,317,348,349,378,380,410,411,412,444,445,476,477,478,508,509,540,572,604,607,634,635,636,638,639,668,669,670,701,733,765,797,798,829,830,859,860,861,892}
Current function value: 76299.55495770308
s**********************************************: 10
Current result: {14,15,16,22,23,24,29,40,46,47,48,55,60,61,72,73,76,77,78,80,81,85,86,87,88,89,92,105,106,107,108,109,113,114,115,116,117,118,119,121,124,125,138,147,153,156,157,185,187,188,212,216,217,219,243,244,245,246,247,248,249,250,251,276,277,278,283,284,310,316,317,349,350,351,379,380,381,382,410,411,441,442,443,444,447,464,466,467,468,471,472,473,475,476,477,478,479,494,495,496,497,498,500,501,502,503,504,505,508,511,526,532,533,558,559,564,587,591,592,596,617,618,619,623,628,629,649,651,654,655,656,661,683,684,685,686,690,691,693,714,715,716,723,725,748,753,754,755,756,757,780,784,785,787,812,813,817,818,819,820}
Current function value: 598864.5589355218
s**********************************************: 11
Current result: {6,7,8,14,16,23,36,37,38,40,46,47,48,49,54,55,65,66,67,68,70,72,75,76,77,81,86,87,88,96,97,98,99,104,105,106,107,113,114,115,116,117,118,119,128,136,137,148,160,168,178,179,180,192,200,201,202,203,210,212,213,224,225,226,227,228,235,241,242,244,245,246,247,248,249,265,267,274,277,278,281,297,298,299,313,323,330,331,345,346,355,356,359,361,362,378,388,389,391,393,394,407,408,409,410,411,420,423,425,438,439,441,443,452,455,457,465,466,468,469,470,471,472,475,476,484,485,486,487,489,491,492,493,494,495,496,497,498,499,500,501,504,506,507,508,516,519,520,521,522,523,526,532,533,538,548,551,564,565,570,580,602,603,604,610,611,612,634,636,638,641,642,643,666,668,669,670,673,675,701,702,705,707,708,734,737,766,768,769,770,771,772,793,794,796,797,798,799,801,826,827,828,829,861,862,893,925,957}
Current function value: 810459.5484115531
s**********************************************: 12
Current result: {86,114,115,116,117,118,147,167,168,169,179,180,195,199,201,202,203,204,210,212,225,226,227,228,229,230,231,233,234,236,237,238,239,240,241,242,243,244,245,246,265,266,274,275,276,295,297,308,309,310,326,327,328,329,330,339,340,342,343,344,345,346,347,355,356,357,358,362,379,388,393,394,411,412,426,441,443,444,445,454,455,456,457,458,473,474,475,477,478,486,488,490,504,505,506,510,511,519,520,521,536,538,553,554,564,566,567,568,570,579,580,581,586,587,596,597,598,602,603,604,611,613,614,615,616,617,618,628,629,636,637,638,639,641,642,643,645,646,654,661,668,669,671,683,684,685,686,690,691,692,693,700,703,716,718,723,732,735,747,748,750,751,752,753,754,755,764,767,779,780,785,786,787,788,797,798,799,812,818,819,820,828,829,830,831,861,862,889,890,891,892,893,894,921,922,924,926}
Current function value: 756519.0653728873
s**********************************************: 13
Current result: {15,16,17,47,48,75,78,79,107,110,139,141,142,171,172,173,201,203,205,206,207,232,233,235,237,238,265,266,267,268,297,299,331,361,362,363,393,425,426,456,457,458,488,490,520,522,551,552,554,583}
Current function value: 67301.32942797232
s**********************************************: 14
Current result: {9,41,46,65,66,67,69,70,71,72,73,74,76,77,78,97,98,99,100,101,104,106,107,108,128,129,130,133,137,138,139,161,162,163,195,198,199,200,201,202,226,227,228,229,230,233,260,261,265,266,297,298,329,330,331}
Current function value: 83844.86215073288
s**********************************************: 15
Current result: {5,16,17,18,19,20,21,36,37,46,47,48,52,68,69,77,78,79,98,99,100,101,104,109,131,136,137,141,163,164,168,171,172,173,174,175,196,199,200,201,203,204,205,207,228,231,232,233,234,236,237,239,240,260,261,262,263,265,266,267,268}
Current function value: 102035.01822891938
s**********************************************: 16
Current result: {17,18,19,20,21,22,25,26,54,55,56,57,58,85,86,90,117,118,119,122,123,142,155,174,175,177,187,207,208,209,210,211,212,213,215,216,218,219,242,245,246,247,248,249,250,251,253,279,283,284,285,316,348,351,379,380,381,382,383,414}
Current function value: 73814.8820056065
s**********************************************: 17
Current result: {9,12,13,14,15,40,41,44,46,47,72,73,74,75,76,78,104,105,106,137,169,198,199,200,201,202,231,232,263,266,267,295,296,297,298,299,331}
Current function value: 35980.14975786671
sRESULT**********************************************: 
result subgraph is: [9, 12, 13, 14, 15, 40, 41, 44, 46, 47, 72, 73, 74, 75, 76, 78, 104, 105, 106, 137, 169, 198, 199, 200, 201, 202, 231, 232, 263, 266, 267, 295, 296, 297, 298, 299, 331]
------------------------------ test ends --------------------------------
