
------------------------------ test starts ------------------------------ 
s**********************************************: 9
Current result: {361,385,386,393,405,418,421,422,425,437,450,452,453,454,455,456,457,468,469,481,482,483,485,489,491,499,500,502,514,515,516,517,519,521,522,523,531,532,533,534,551,552,553,555,557,563,566,585,587,588,589,595,598,599,617,621,622,626,627,631,632,648,649,654,655,658,659,664,665,680,687,690,697,698,699,712,719,720,721,722,730,731,739,741,742,743,744,753,754,755,761,762,770,771,773,787,788,793,803,804,805,806,807,825,839,840,856,857,871,872,873,888,904,905}
Current function value: 325409.9217617229
s**********************************************: 10
Current result: {393,418,419,421,422,425,426,451,452,453,454,455,456,457,458,487,490,491,519,522,523,550,551,552,555,556,582,583,584,588,620,621,622,623,652,655,658,659,684,687,689,690,719,720,721,722,725,726,753,757,758,785,787,788,789,813,817,818,819,844,845,846,847,848,849,850,851,879,880,912,913,914,915}
Current function value: 148514.09813093362
s**********************************************: 11
Current result: {409,417,440,441,442,443,444,445,446,449,450,451,468,472,481,483,484,487,488,490,500,504,513,514,516,517,518,520,521,522,531,532,533,534,535,536,550,551,552,557,563,566,568,582,584,585,588,589,590,594,595,600,617,620,622,627,631,632,647,648,649,650,651,652,654,658,659,663,664,680,682,684,686,687,690,696,697,698,699,711,712,719,720,721,722,728,730,731,743,744,745,754,755,761,762,763,776,777,778,787,788,789,793,808,818,819,825,839,840,845,846,847,848,849,850,855,856,857,872,873,880,888,889,904,905,920,921}
Current function value: 339237.5899773232
s**********************************************: 12
Current result: {19,46,47,48,49,50,51,78,81,82,109,110,113,140,141,145,146,147,148,154,155,170,171,172,180,181,182,183,184,187,188,201,202,216,219,220,234,248,252,280,281,282,283,284,315,347,361,368,374,375,379,393,394,400,405,406,411,412,418,419,420,426,432,437,440,443,444,449,450,454,455,457,458,464,469,470,472,474,476,482,483,485,486,487,488,489,490,491,496,499,500,501,502,503,504,505,506,507,508,515,516,517,518,521,522,523,526,527,528,531,533,534,538,550,555,557,558,559,563,564,566,582,586,587,589,590,595,598,617,618,620,621,624,625,627,630,631,632,647,648,649,652,655,656,657,658,659,663,664,679,682,683,684,687,690,695,697,698,699,711,712,714,720,721,722,727,728,729,731,743,744,746,747,748,749,754,768,771,776,777,778,780,781,786,800,801,802,803,804,805,807,808,813,818,837,838,839,845,846,847,848,850,851,869,870,871,872,880,882,902,904,912,913,914,944,945}
Current function value: 857235.2930034572
s**********************************************: 13
Current result: {19,20,21,49,50,51,52,53,80,81,83,85,110,111,112,113,117,118,139,140,141,142,145,150,169,170,171,182,201,202,212,213,214,234,235,244,276,308,340,361,372,373,374,375,393,400,405,406,411,412,413,425,432,437,438,440,441,442,443,445,446,447,451,452,455,456,457,464,468,469,471,472,478,479,484,485,488,495,496,497,498,499,500,502,503,511,514,515,516,517,519,520,521,526,527,531,533,534,543,546,549,551,552,553,554,555,556,557,558,562,563,564,565,578,581,582,583,585,594,610,617,618,626,642,648,649,655,658,659,674,675,680,687,690,697,698,699,707,711,712,719,720,721,722,728,729,731,739,740,741,743,744,745,746,747,748,749,761,762,775,776,778,781,794,808,813,826,839,840,844,845,846,851,856,857,858,870,871,872,873,878,879,880,881,882,883,884,885,886,887,888,889,904,905,914,917,921,936,951,952,953,954,955}
Current function value: 736396.0946340583
s**********************************************: 14
Current result: {271,272,303,335,336,368,400,432,464,495,496,497,498,527,530,531,532,533,559,560,563,564,593,594,595,625,627,656,658,659,687,688,689,690,719,720,721,753,785,817,847,848,849,879,881,882,883,913,914,915}
Current function value: 97521.27402996135
s**********************************************: 15
Current result: {464,495,496,499,500,527,531,532,533,558,559,560,564,589,590,594,595,596,622,625,626,654,655,656,657,658,687,690,721,722,753,785,786,787,818,819,846,849,850,851,878,879,880,881,882,911,914,915,943}
Current function value: 98379.54077466282
s**********************************************: 16
Current result: {631,632,663,695,725,726,727,728,729,730,755,757,761,762,763,787,788,789,794,818,819,825,826,849,850,856,857,879,880,881,889,912}
Current function value: 27794.89189780969
s**********************************************: 17
Current result: {456,488,518,519,520,521,522,551,552,553,563,584,585,595,616,617,625,626,627,648,656,657,658,659,680,681,682,688,689,714,719,720,721,746,747,748,749,753,754,781,786,813,818,819,839,844,845,846,851,870,871,872,873,874,875,876,878,879,880,881,882,883,902,904,913}
Current function value: 114909.35860130383
sRESULT**********************************************: 
result subgraph is: [631, 632, 663, 695, 725, 726, 727, 728, 729, 730, 755, 757, 761, 762, 763, 787, 788, 789, 794, 818, 819, 825, 826, 849, 850, 856, 857, 879, 880, 881, 889, 912]
------------------------------ test ends --------------------------------
