
------------------------------ test starts ------------------------------ 
s**********************************************: 9
Current result: {668,669,701,702,733,734,766,797,798,799,825,826,827,828,829,830,831,858,859,863,890}
Current function value: 8194.854533333331
s**********************************************: 10
Current result: {14,15,16,17,34,38,44,45,46,47,65,66,67,70,71,72,73,74,76,79,80,81,88,89,90,92,97,98,99,100,101,102,105,106,107,108,111,121,122,123,124,125,126,127,132,133,137,143,145,153,156,159,163,164,169,171,175,176,177,185,194,195,196,201,202,203,204,208,217,225,226,227,234,240,247,248,249,258,272,273,274,278,279,289,290,305,306,310,321,338,342,370,371,374,401,402,403,406,433,438,465,466,469,470,471,472,477,497,498,501,504,505,506,507,508,509,510,511,530,532,533,536,539,540,543,561,562,563,564,574,575,607,639,660,668,669,670,671,692,693,700,701,702,724,732,733,734,735,755,756,757,764,765,766,767,787,788,794,795,796,797,819,820,821,822,826,827,828,851,853,854,858,883,889,890,915,917,920,921,922,947,948,949,950,951,952,953,954}
Current function value: 611664.6811196686
s**********************************************: 11
Current result: {59,60,74,75,76,78,79,80,81,92,94,107,108,110,113,124,125,126,127,138,139,141,142,145,146,151,155,156,157,159,167,168,169,170,171,172,173,178,183,187,199,200,202,204,210,215,216,218,219,232,242,243,244,245,246,247,248,249,250,264,278,282,296,298,299,314,328,329,330,331,346,347,348,349,350,363,364,379,395,426,427,428,429,430,431,457,458,461,463,464,465,466,471,472,473,476,478,488,489,490,496,497,498,504,505,506,507,508,509,510,511,522,530,531,536,540,543,553,554,555,556,559,562,563,564,574,575,584,585,588,591,592,593,594,596,597,607,624,625,629,630,639,655,656,661,662,663,664,665,666,668,669,670,671,687,691,692,693,698,700,703,719,723,730,731,732,733,734,735,751,752,754,755,763,783,784,787,788,791,795,796,797,819,820,821,822,823,827,828,829,830,831,851,858,859,861,862,863,883,884,885,889,890,892,893,917,920,921,924,925,948,949,956,957}
Current function value: 832331.3842455865
s**********************************************: 12
Current result: {201,202,203,234,266,298,330,331,363,364,365,366,367,368,399,431,454,457,463,469,470,471,472,473,474,475,476,477,479,486,487,488,489,490,494,495,496,501,504,509,510,511,518,521,527,529,530,531,532,533,536,540,550,553,554,555,556,557,558,559,560,561,564,565,568,569,570,571,572,578,579,580,581,582,586,587,588,592,593,594,596,597,602,603,610,625,628,641,642,660,672,673,691,692,693,705,722,723,724,737,738,756,768,769,770,771,788,795,796,797,801,803,820,821,822,823,824,825,826,827,828,835,836,837,853,858,859,860,868,885,892,893,898,899,900,902,903,904,916,917,923,925,926,931,932,933,934,935,936,937,949,950,955,956,957,958,959}
Current function value: 467366.024301508
s**********************************************: 13
Current result: {469,470,471,472,473,477,504,505,508,509,530,532,537,538,539,540,562,563,564,565,566,567,568,569,570,572,573,593,594,597,598,600,602,603,624,625,653,654,655,656,684,685,686,687,698,719,723,730,731,737,738,749,750,751,752,754,755,756,757,763,768,769,770,771,772,779,780,781,784,786,787,788,793,794,795,796,797,799,800,801,802,804,805,812,816,817,818,820,821,822,823,824,825,828,830,831,834,837,844,860,861,862,863,866,869,876,892,898,899,901,902,903,904,905,906,907,908,924,933,934,937}
Current function value: 294063.2946178269
s**********************************************: 14
Current result: {371,401,402,403,433,465,466,496,497,498,530,531,561,562,563,564,594,595,596,597,628,660,670,692,702,724,734,752,754,755,756,766,784,786,788,795,796,798,799,816,817,818,820,821,822,825,827,828,829,830,831,854,855,856,857,858,859,860,889,890,892,893,924,925,926}
Current function value: 104251.84979091842
s**********************************************: 15
Current result: {27,28,60,85,86,87,88,89,90,91,92,95,113,114,115,116,117,119,121,124,125,126,127,145,151,159,183,191,215,220,221,222,223,246,247,253,278,310,342,374,406,407,438,465,469,470,471,472,473,474,475,494,495,496,497,498,501,504,507,508,530,531,533,540,561,562,563,564,565,566,571,572,592,593,595,597,602,603,624,629,634,653,656,661,666,673,685,686,691,692,693,698,701,704,705,718,724,730,733,734,736,737,738,748,749,750,751,752,755,756,757,762,766,767,769,770,771,779,780,784,786,787,794,798,802,803,804,805,806,807,808,809,810,811,812,816,817,818,819,820,821,826,827,828,829,830,834,837,840,853,858,860,866,867,872,882,883,885,889,890,892,893,898,901,902,903,904,905,915,916,917,922,924,925,930,931,932,934,937,946,947,948,949,953,954}
Current function value: 581159.1291345382
s**********************************************: 16
Current result: {473,505,531,536,537,538,539,561,562,563,564,565,566,567,568,571,572,573,593,594,597,605,625,628,629,637,660,668,669,670,671,690,691,692,700,701,702,722,734,750,751,752,753,754,764,765,766,767,783,796,797,799,815,828,831,847,858,859,860,861,863,879,889,890,911,912,913,922,923,926,945,955,956,957,958}
Current function value: 107440.73802775545
s**********************************************: 17
Current result: {561,564,591,592,593,594,595,596,597,628,660,684,685,686,691,692,693,717,722,723,725,749,750,751,754,757,758,783,784,786,790,791,792,794,796,816,817,818,824,825,826,827,828,829,847,848,860,861,862,879,889,890,892,911,912,913,916,917,922,923,924,926,944,945,946,947,948,956,957,958}
Current function value: 135616.97528888885
sRESULT**********************************************: 
result subgraph is: [668, 669, 701, 702, 733, 734, 766, 797, 798, 799, 825, 826, 827, 828, 829, 830, 831, 858, 859, 863, 890]
------------------------------ test ends --------------------------------
