
------------------------------ test starts ------------------------------ 
s**********************************************: 2
Current result: {467,468,469,470,471,503,504,505,506,538,570,601,602}
Current function value: 6146144.394091177
s**********************************************: 3
Current result: {173,174,175,207,208,209}
Current function value: 1.0572572731531285E7
s**********************************************: 4
Current result: {707,708,739,771,803,835,865,866,867}
Current function value: 9841203.299849534
s**********************************************: 5
Current result: {707,708,709,739,770,771,801,802,833,864,865}
Current function value: 9618777.246262863
s**********************************************: 6
Current result: {205,206,207,208,236,237,268,298,299,300,332}
Current function value: 9844175.86092165
s**********************************************: 7
Current result: {175,205,206,207,208,237,269,299,300,301,331,363,395}
Current function value: 9786786.212088035
s**********************************************: 8
Current result: {267,268,299,331,362,363,395,427,459,460,461,462,463,464,465,466}
Current function value: 3949260.661296713
s**********************************************: 9
Current result: {267,298,299,330,362,394,426,458,490,522,554,584,585,586,616,646,647,648}
Current function value: 7763356.244870897
s**********************************************: 10
Current result: {232,233,234,238,266,270,298,299,300,301,302,331,363,395,396,428,429,461,462}
Current function value: 4794423.72096474
s**********************************************: 11
Current result: {143,144,145,171,172,173,174,175,203,235,266,267,268,298,300,301,330,362,363}
Current function value: 8625926.334364641
s**********************************************: 12
Current result: {236,268,300,332,364,396,428,429,430,431,432,433,434,435,436,437,462,469,501,502,534,535,536,537,538}
Current function value: 3549884.042181727
s**********************************************: 13
Current result: {174,206,236,237,238,268,298,299,300,330,359,360,361,362,363,364,391,396,397,420,421,422,423,429,430,431,452,463,484,516,548,580,611,612,643,675,707,739,740,772}
Current function value: 4420061.462593022
s**********************************************: 14
Current result: {362,394,395,396,397,398,399,400,401,427,429,430,431,433,458,459,463,464,465,466,467,490,520,521,522,551,552,583,615,644,645,646,647,676,707,708}
Current function value: 2948536.8209541813
s**********************************************: 15
Current result: {236,237,266,267,268,299,330,331,362,394,426,458,490,522,554,586,618,646,647,648,649,650,674,675,676,677,678,709,741,773}
Current function value: 4466693.193465102
s**********************************************: 16
Current result: {395,427,428,429,461,493,522,525,554,555,556,557,586,588,589,618,647,648,649,650,679,707,708,709,710,711,739,771,802,803,834,866}
Current function value: 4467474.286972785
s**********************************************: 17
Current result: {235,236,237,267,299,300,301,302,303,331,335,338,362,363,367,370,390,391,392,393,394,399,400,401,402,422,432,433,434,435,436,437,465,469,497,501,529,561}
Current function value: 4990297.80255144
sRESULT**********************************************: 
result subgraph is: [362, 394, 395, 396, 397, 398, 399, 400, 401, 427, 429, 430, 431, 433, 458, 459, 463, 464, 465, 466, 467, 490, 520, 521, 522, 551, 552, 583, 615, 644, 645, 646, 647, 676, 707, 708]
------------------------------ test ends --------------------------------
