
------------------------------ test starts ------------------------------ 
s**********************************************: 2
Current result: {458,489,490,517,518,519,520,521}
Current function value: 6777507.344333321
s**********************************************: 3
Current result: {742,743,771,772,773,774}
Current function value: 9543145.025840437
s**********************************************: 4
Current result: {642,643,672,673,674,704,736,768}
Current function value: 9539939.002720224
s**********************************************: 5
Current result: {370,402,434,459,460,461,462,463,464,465,466,490,491}
Current function value: 1231371.8167354788
s**********************************************: 6
Current result: {321,322,323,353,355,385}
Current function value: 1.0503123409110295E7
s**********************************************: 7
Current result: {401,433,460,461,462,463,464,465,488,489,490,491,492,517,518,519,520,549,550,582,614}
Current function value: 1837517.6989407497
s**********************************************: 8
Current result: {463,464,485,486,487,488,489,490,491,492,493,494,495,496,516,517,547,548,579,611}
Current function value: 1822928.7015073393
s**********************************************: 9
Current result: {273,305,306,338,370,402,433,434,451,452,453,454,455,456,457,458,464,465,490,491,492,493,494,495,496}
Current function value: 1824505.0916599045
s**********************************************: 10
Current result: {455,456,457,458,485,486,487,490,514,515,516,517,544,545,546,576,608,640,672,704,736,768,800,832,833}
Current function value: 5666655.488033304
s**********************************************: 11
Current result: {422,423,424,425,454,457,458,459,460,484,485,486,516,548,580,611,612,643,644,674,675,706,738,768,769,770}
Current function value: 2930907.9390321756
s**********************************************: 12
Current result: {238,239,240,241,270,271,273,302,331,332,333,334,363,364,366,367,396,399,422,423,424,425,426,427,428,431,454,459,460,463,486,518,550,582,612,613,614,615,644,672,673,674,675,676,704}
Current function value: 3289458.118305931
s**********************************************: 13
Current result: {295,327,338,359,370,391,402,423,431,432,433,434,453,454,455,456,457,458,459,460,461,462,463,481,482,483,484,485,513,545,546,578,610,611,643,675,707,736,737,738,739}
Current function value: 1944762.2580792694
s**********************************************: 14
Current result: {354,355,356,357,358,386,390,391,418,423,424,425,426,449,450,458,459,460,480,481,491,513,545,577,609,610,611,643,675,707}
Current function value: 2651635.7106501916
s**********************************************: 15
Current result: {299,331,363,364,365,395,427,448,449,450,451,452,459,480,484,485,486,487,488,489,490,491,512,544,576,608,640,672,704,736}
Current function value: 3847349.9272745727
s**********************************************: 16
Current result: {240,241,271,272,273,303,335,367,399,431,455,456,457,458,459,460,461,462,463,486,487,518,550,580,581,582,611,612,643,672,673,674,675,704,736}
Current function value: 3014232.1323596304
s**********************************************: 17
Current result: {240,241,273,300,301,302,303,304,305,306,332,364,396,428,457,458,459,460,483,484,485,486,487,488,489,515,547,579,611,642,643,672,673,674,704,736}
Current function value: 2472123.034199083
sRESULT**********************************************: 
result subgraph is: [370, 402, 434, 459, 460, 461, 462, 463, 464, 465, 466, 490, 491]
------------------------------ test ends --------------------------------
