
------------------------------ test starts ------------------------------ 
s**********************************************: 2
Current result: {429,430,431,432,464,496,497}
Current function value: 1946789.552827951
s**********************************************: 3
Current result: {228,229,230,231,234,235,263,264,265,266}
Current function value: 8242092.725178713
s**********************************************: 4
Current result: {298,330,362,394,426,427,459,460,461,462,463,464}
Current function value: 2081401.5303091826
s**********************************************: 5
Current result: {395,396,428,429,430,431,432,461,464,493}
Current function value: 1455571.2121964467
s**********************************************: 6
Current result: {395,427,429,430,431,432,459,460,461,464,465,497}
Current function value: 1225417.5142454642
s**********************************************: 7
Current result: {230,231,263,295,296,297,298,330,362,394,395,427,428,429}
Current function value: 3420696.682069243
s**********************************************: 8
Current result: {388,389,390,422,423,424,425,426,427,428,429,430,431,432,459,464}
Current function value: 1223503.7572917987
s**********************************************: 9
Current result: {426,427,428,432,458,460,461,462,463,464,465,489,490,496,497,518,519,520,521}
Current function value: 2444362.690426181
s**********************************************: 10
Current result: {330,354,360,361,362,363,386,387,388,389,390,391,392,395,396,428,429,430,431,432,460,464}
Current function value: 1391158.232389498
s**********************************************: 11
Current result: {261,262,263,264,265,266,298,330,331,363,395,396,428,429,431,432,460,461,462,463,464,465,495,496,497}
Current function value: 4221200.315690255
s**********************************************: 12
Current result: {263,264,296,297,298,299,300,332,364,396,428,429,430,431,432,433,460,461,464,465,493,494,497,526,529,561,593,625,657,689,721,753,785,817}
Current function value: 1475711.7974093314
s**********************************************: 13
Current result: {425,426,427,428,429,457,461,489,518,519,520,521,553,585,617,649,681,713,745,777,809,841,873,874,906}
Current function value: 2383327.414105894
s**********************************************: 14
Current result: {298,324,330,356,362,388,389,394,395,396,397,421,422,423,424,425,426,427,428,429,430,431,432,460,461,464,465,496,497}
Current function value: 4497553.042237211
s**********************************************: 15
Current result: {103,104,136,168,200,232,264,265,266,298,330,358,359,360,361,362,363,395,396,397,427,429,430,431,432,433,459,463,464,465,496,497,498}
Current function value: 6880449.941320147
s**********************************************: 16
Current result: {330,362,363,395,396,428,429,431,432,460,461,462,463,464,465,495,496,497,529,561,562,594,595,596,597,598,630,662,694,726,758,790,822,850,851,852,853,854,882}
Current function value: 7686734.765686593
s**********************************************: 17
Current result: {298,299,331,363,395,396,401,427,428,429,432,433,450,451,452,453,454,455,456,457,458,459,460,461,462,463,464,465,482,496,497,514,528,546,560,578,592,610,624,656,688,720,752,784,816,817,849}
Current function value: 9402570.116369082
sRESULT**********************************************: 
result subgraph is: [388, 389, 390, 422, 423, 424, 425, 426, 427, 428, 429, 430, 431, 432, 459, 464]
------------------------------ test ends --------------------------------
