
------------------------------ test starts ------------------------------ 
s**********************************************: 2
Current result: {427,428,460,461}
Current function value: 4066318.823410821
s**********************************************: 3
Current result: {395,397,398,399,400,401,402,427,428,429,433,434,460}
Current function value: 1462121.3839172497
s**********************************************: 4
Current result: {397,398,399,400,401,402,429,434,460,461}
Current function value: 1616258.3549025978
s**********************************************: 5
Current result: {362,363,395,401,402,427,428,429,430,431,432,433}
Current function value: 1484882.9388624723
s**********************************************: 6
Current result: {323,355,387,400,419,427,428,429,430,431,432,433,434,435,436,437,451,459,461,469,470,471,472,473,474,483,491,506,515,523,547,552,553,554,555,579,583,584,611,612,613,614,615,647}
Current function value: 2516921.726938819
s**********************************************: 7
Current result: {331,363,395,397,398,399,400,401,402,427,428,429,434,461}
Current function value: 2034758.2152415821
s**********************************************: 8
Current result: {398,399,400,402,423,424,425,426,427,428,429,430,432,433,434,455,460,487,519}
Current function value: 1406796.323527142
s**********************************************: 9
Current result: {370,395,400,401,402,427,429,430,431,432,433,459,460,461,492,524,556,588,620,652,683,684,715,745,746,747,776,777,806,807,808,839,871,903,935}
Current function value: 3197411.3779610586
s**********************************************: 10
Current result: {339,370,371,397,398,399,400,401,402,428,429,434,460,492,524,556,588,619,620,650,651,682,714,746,778,810,838,839,842,871,874,903,905,906,935,936,937}
Current function value: 1495090.7936943125
s**********************************************: 11
Current result: {398,399,400,429,430,432,433,434,456,457,458,459,460,461,480,481,482,483,484,485,486,487,488,512,519,544,551,583,615,647,679,711,743}
Current function value: 1879523.8824570165
s**********************************************: 12
Current result: {370,395,396,397,398,399,400,401,402,425,426,427,429,434,455,456,457,461,485,486,487,517,549,581,613,645}
Current function value: 2675202.891146817
s**********************************************: 13
Current result: {306,307,338,370,392,393,394,395,396,397,398,400,401,402,423,424,429,430,431,432,433,455,461,485,486,487}
Current function value: 2118587.2474619634
s**********************************************: 14
Current result: {327,328,329,330,331,359,390,391,400,401,402,422,423,424,429,430,431,432,433,453,454,456,457,458,459,460,461,485}
Current function value: 3781481.750768445
s**********************************************: 15
Current result: {307,323,324,325,326,327,328,329,330,338,339,355,362,363,364,370,387,396,397,398,399,400,402,419,429,432,433,434,451,483,515,547,579,611,643,675,676,677,709,741,773,805,837,838,839,869,871,872,904,935,936,937}
Current function value: 3894790.133358296
s**********************************************: 16
Current result: {302,334,335,364,365,366,395,396,427,428,429,459,461,491,518,519,520,521,522,523,524,549,550,581,613,645,675,676,677,707,739,771}
Current function value: 3463368.420066528
s**********************************************: 17
Current result: {307,339,357,358,359,360,361,362,369,370,371,388,389,394,395,396,397,398,399,400,401,402,420,427,428,432,434,452,483,484,515,547,579,611,642,643,674,704,705,706,736,768}
Current function value: 1692455.8592016415
sRESULT**********************************************: 
result subgraph is: [398, 399, 400, 402, 423, 424, 425, 426, 427, 428, 429, 430, 432, 433, 434, 455, 460, 487, 519]
------------------------------ test ends --------------------------------
