
------------------------------ test starts ------------------------------ 
s**********************************************: 2
Current result: {428,460,461}
Current function value: 6534227.214418359
s**********************************************: 3
Current result: {400,401,433,460,461,462,463,464,465}
Current function value: 2366960.4546860615
s**********************************************: 4
Current result: {397,429,461,462,463,464,465,466}
Current function value: 3124982.853909831
s**********************************************: 5
Current result: {397,401,402,428,429,430,431,432,433,465}
Current function value: 1458198.2104873315
s**********************************************: 6
Current result: {397,398,399,400,428,429,430,432,433,460,461,465,497,529,561}
Current function value: 1805776.7569270353
s**********************************************: 7
Current result: {395,396,397,398,420,421,422,423,424,425,426,427,429,450,451,452,461,482,514,546}
Current function value: 2022426.6443767305
s**********************************************: 8
Current result: {396,397,398,399,400,424,425,426,427,428,432,433,434,455,456,487,517,518,519,545,546,547,548,549,578}
Current function value: 1675483.0610235492
s**********************************************: 9
Current result: {388,389,390,391,392,393,394,396,397,398,399,400,401,420,426,427,428,429,433,452,461,482,483,484,514}
Current function value: 1320347.1414416707
s**********************************************: 10
Current result: {397,401,428,429,430,431,432,433,465,466,467,468,469,501,502,503,504,535,567,568,600,601,602,603,635,667,699,731,763}
Current function value: 1366674.9648338517
s**********************************************: 11
Current result: {192,193,194,195,196,197,224,229,230,231,232,233,256,265,288,297,298,299,300,320,332,352,364,384,396,398,399,400,416,428,429,430,432,433,434,435,436,437,438,439,440,441,442,443,448,449,461,475,481,513,545,546}
Current function value: 1342812.766043547
s**********************************************: 12
Current result: {394,395,396,397,398,399,400,401,402,424,425,426,429,456,488,513,514,515,516,517,518,519,520,546,578}
Current function value: 1496362.9297330244
s**********************************************: 13
Current result: {396,397,398,399,400,401,402,403,404,405,406,407,408,428,429,433,440,461,472,504,536,537,569,570,602,634,666,698,699,731,763,764,765,766,798,830,831,863,895,927}
Current function value: 1792739.8127175628
s**********************************************: 14
Current result: {369,370,402,428,429,430,431,432,433,434,435,436,437,465,469,472,501,502,503,504,536,568,600,632,664,669,695,696,701,727,733,759,761,762,763,764,765,791,792,793}
Current function value: 2739915.3279215153
s**********************************************: 15
Current result: {233,264,265,266,290,291,292,293,294,295,296,298,322,330,354,362,363,386,395,396,397,398,399,400,401,416,417,418,428,433,448,480,512,544,576}
Current function value: 1424602.3825322078
s**********************************************: 16
Current result: {369,401,402,403,404,405,406,438,470,502,503,535,567,599,605,606,631,637,663,669,695,701,727,732,733,759,760,761,762,763,764,765,797}
Current function value: 2874237.891942893
s**********************************************: 17
Current result: {375,398,399,400,407,428,429,430,432,433,434,439,443,444,459,460,466,467,468,471,472,473,474,475,476,489,490,491,500,501,502,503,504,508,521,540,553,572,578,579,580,581,582,583,584,585,604,636,637,669,700,701,732,764,765}
Current function value: 1867111.0146647568
sRESULT**********************************************: 
result subgraph is: [388, 389, 390, 391, 392, 393, 394, 396, 397, 398, 399, 400, 401, 420, 426, 427, 428, 429, 433, 452, 461, 482, 483, 484, 514]
------------------------------ test ends --------------------------------
