
------------------------------ test starts ------------------------------ 
s**********************************************: 2
Current result: {369,401,402,403}
Current function value: 6492914.598514658
s**********************************************: 3
Current result: {669,701,733,765,796,797}
Current function value: 1.1085558237995902E7
s**********************************************: 4
Current result: {195,227,258,259,289,290,321,353,385,417,449,481,482,483}
Current function value: 8751220.40422213
s**********************************************: 5
Current result: {456,488,517,518,519,520,547,548,549,579,611,643,675}
Current function value: 9909906.807535848
s**********************************************: 6
Current result: {697,698,699,700,701,727,728,729,730,733,762,765}
Current function value: 1.1235675469933234E7
s**********************************************: 7
Current result: {163,164,193,194,195,225,257,258,259,260,261,289,320,321,352,384,416,417,449,481}
Current function value: 8186860.756796317
s**********************************************: 8
Current result: {169,200,201,232,257,258,259,260,261,262,263,264,289,295,321,327,359,391,423,455,456,457,487,519,551,583,613,614,615,645,677,704,705,706,707,708,709,736,768,800,832,864}
Current function value: 7270028.159870606
s**********************************************: 9
Current result: {161,162,163,164,165,166,167,199,231,263,295,327,328,329,330,331,359,363,364,365,366,391,420,421,422,423,452,483,484,515,547,579,611,643,675,707,739,771,803,832,833,834,835,864}
Current function value: 5426130.674796049
s**********************************************: 10
Current result: {365,366,367,368,369,395,396,397,401,402,425,426,427,434,456,457,466,483,488,498,499,500,501,502,503,514,515,516,517,518,519,520,535,536,568,569,601,633,665,666,667,698,730}
Current function value: 1722518.868635207
s**********************************************: 11
Current result: {362,363,364,365,366,367,368,369,370,393,394,402,403,404,405,425,437,455,456,457,469,482,486,487,501,514,515,516,517,518,533,565,566,598,599,600,632,633,665,666}
Current function value: 4174248.5811071284
s**********************************************: 12
Current result: {547,576,577,578,579,609,610,641,673,705,709,737,738,739,740,741,769,801,833,834,866,896,897,898}
Current function value: 8051248.390722982
s**********************************************: 13
Current result: {512,544,545,576,577,608,609,610,611,643,644,676,708,740,771,772,800,801,802,803,832,833,865,897,929}
Current function value: 1.00382015680366E7
s**********************************************: 14
Current result: {311,339,340,341,342,343,366,367,368,369,370,371,375,391,392,393,394,395,396,397,398,407,422,423,439,440,452,453,454,472,473,474,475,483,484,507,512,515,539,540,544,547,572,576,579,604,608,609,610,611,636,668,700,732,733,764}
Current function value: 3143591.766514104
s**********************************************: 15
Current result: {293,294,295,325,327,328,357,360,389,392,393,394,395,396,397,398,399,400,401,421,433,434,452,453,466,482,483,484,514,546,578,610,642,674,706,738,770,771,772}
Current function value: 3754836.569047222
s**********************************************: 16
Current result: {327,328,329,330,331,332,333,365,366,367,368,369,370,371,372,373,374,406,407,439,471,503,504,505,537,538,539,540,572,604,636,665,666,667,668,696,697,700,732}
Current function value: 3666942.203829252
s**********************************************: 17
Current result: {289,321,353,354,355,356,357,358,359,360,361,362,363,364,365,366,367,368,369,370,371,387,403,419,435,450,451,467,468,469,470,471,472,482,504,505,514,537,546,569,578,601,609,610,633,635,665,666,667,697,698}
Current function value: 2362753.9895855184
sRESULT**********************************************: 
result subgraph is: [365, 366, 367, 368, 369, 395, 396, 397, 401, 402, 425, 426, 427, 434, 456, 457, 466, 483, 488, 498, 499, 500, 501, 502, 503, 514, 515, 516, 517, 518, 519, 520, 535, 536, 568, 569, 601, 633, 665, 666, 667, 698, 730]
------------------------------ test ends --------------------------------
