
------------------------------ test starts ------------------------------ 
s**********************************************: 2
Current result: {431,432,433,434,435}
Current function value: 7941806.876758961
s**********************************************: 3
Current result: {739,771,803,835,865,866,867}
Current function value: 9640292.295280676
s**********************************************: 4
Current result: {430,462,463,494,495,526}
Current function value: 2248033.7025432894
s**********************************************: 5
Current result: {208,209,241,242,274,306,338,370,402,434,463,466,493,494,495,496,497,498,499,526}
Current function value: 1483142.0552662422
s**********************************************: 6
Current result: {238,239,269,270,301,333,334,366,367,399,431,463,464,496,497,498,499}
Current function value: 2829164.330556643
s**********************************************: 7
Current result: {335,367,399,431,461,463,467,493,494,495,496,497,498,499}
Current function value: 1964349.8381632015
s**********************************************: 8
Current result: {206,207,208,238,240,269,270,301,333,365,397,429,461,493,494,495}
Current function value: 3186397.746998353
s**********************************************: 9
Current result: {431,434,435,463,467,493,494,495,496,497,498,499,500,526,529,561,593,625,657,689,721,753}
Current function value: 4187755.5539220283
s**********************************************: 10
Current result: {241,242,273,304,305,336,368,399,400,431,434,462,463,464,465,466,493,494,498,499,500}
Current function value: 1771621.1189918348
s**********************************************: 11
Current result: {241,242,243,272,273,304,336,337,369,401,402,403,432,433,434,435,461,462,463,464,467,493,498,499}
Current function value: 2414716.306628731
s**********************************************: 12
Current result: {207,208,209,239,241,273,305,337,369,401,432,433,434,435,463,464,467,494,495,498,499,500,530,562,594,626,657,658,689}
Current function value: 1555949.1428912021
s**********************************************: 13
Current result: {238,239,240,241,242,243,270,302,303,335,367,399,431,461,463,464,465,493,494,495,497,498,499,500,525,526,527}
Current function value: 6996075.858765125
s**********************************************: 14
Current result: {239,240,241,242,269,270,271,274,275,300,301,331,332,363,395,427,428,429,461,462,463,494,495,496,497,498,499,500,526}
Current function value: 2126838.8818631466
s**********************************************: 15
Current result: {238,239,240,241,270,302,303,335,367,399,431,435,463,464,465,466,467,494,495,498,499,500,530,562,594,625,626,657,658,688,689,720,752}
Current function value: 4000898.0595600177
s**********************************************: 16
Current result: {430,434,435,462,463,467,481,482,483,484,485,486,487,488,489,490,491,492,493,494,495,496,497,498,499,500,513,526,529,561,593,625,656,657}
Current function value: 9402361.314766508
s**********************************************: 17
Current result: {463,464,486,487,488,489,490,491,492,493,494,495,518,519,526,551,583,615,642,643,644,645,646,647,673,674,704,705,736,768,769,801,833,865,897,928,929,930}
Current function value: 1829107.4271755964
sRESULT**********************************************: 
result subgraph is: [208, 209, 241, 242, 274, 306, 338, 370, 402, 434, 463, 466, 493, 494, 495, 496, 497, 498, 499, 526]
------------------------------ test ends --------------------------------
