
------------------------------ test starts ------------------------------ 
s**********************************************: 2
Current result: {466,494,495,496,497,498}
Current function value: 5949795.283761735
s**********************************************: 3
Current result: {460,462,463,464,465,492,493,494}
Current function value: 2475253.2266627736
s**********************************************: 4
Current result: {432,433,461,462,463,464,465,466,498}
Current function value: 4141422.824484689
s**********************************************: 5
Current result: {433,462,463,464,465,466,498,530,562,594}
Current function value: 4051761.279740731
s**********************************************: 6
Current result: {433,461,462,463,464,465,466,493,497,498,525,526,530,562}
Current function value: 2273062.3909901837
s**********************************************: 7
Current result: {461,466,493,494,495,496,497,498,528,560,592,624,656}
Current function value: 3032858.3631196497
s**********************************************: 8
Current result: {430,433,434,435,460,461,462,463,464,465,466,492,494,526,557,558,584,585,586,587,588,589,612,613,614,615,616,642,643,644,672,673,674,704,736,768,800,801}
Current function value: 2166641.1983438763
s**********************************************: 9
Current result: {206,207,208,238,270,302,334,366,398,430,433,460,461,462,463,464,465,492,494,497}
Current function value: 1795594.7464177085
s**********************************************: 10
Current result: {460,461,462,493,494,526,558,562,590,594,622,626,654,655,656,657,658,659,686,718}
Current function value: 1802605.6413905667
s**********************************************: 11
Current result: {461,462,465,493,494,497,525,529,557,560,561,589,590,592,622,623,624,625,626,627,628,629,661,693,694,695,696,697}
Current function value: 2584123.101311313
s**********************************************: 12
Current result: {357,389,421,433,453,462,463,464,465,485,486,487,488,489,490,491,492,493,494,525,557,589,590,591,623,654,655,686}
Current function value: 2717009.9657341773
s**********************************************: 13
Current result: {460,461,462,466,486,487,488,489,490,491,492,493,494,495,498,518,527,530,550,559,560,561,562,582,611,612,613,614,643}
Current function value: 2051105.6985279662
s**********************************************: 14
Current result: {205,206,237,269,301,333,365,397,429,433,460,461,462,463,464,465,466,467,493,494,498,525,557,589,621,648,649,650,651,652,653,684,685,717,749,781,813,845,877,878,879,880}
Current function value: 2555730.456248981
s**********************************************: 15
Current result: {452,453,454,455,456,457,458,459,460,461,462,463,464,465,466,484,494,498,512,515,516,526,544,545,546,547,576,608,640,672,704}
Current function value: 2163650.178117443
s**********************************************: 16
Current result: {302,334,366,398,430,431,432,433,460,462,464,465,466,488,489,490,491,492,493,494,495,496,497,498,513,514,519,520,529,546,547,548,549,550,551,561,582,583,593,625,656,657}
Current function value: 8516336.229124423
s**********************************************: 17
Current result: {433,460,461,462,463,464,465,466,467,493,494,497,529,561,592,593,624,656,688,718,719,720,750,782,814,846,847,848,849,879,881}
Current function value: 2950209.105259978
sRESULT**********************************************: 
result subgraph is: [206, 207, 208, 238, 270, 302, 334, 366, 398, 430, 433, 460, 461, 462, 463, 464, 465, 492, 494, 497]
------------------------------ test ends --------------------------------
