
------------------------------ test starts ------------------------------ 
s**********************************************: 2
Current result: {407,439,471,472}
Current function value: 1.0529903538358776E7
s**********************************************: 3
Current result: {395,426,427,428,458,460}
Current function value: 4077633.183990134
s**********************************************: 4
Current result: {343,375,376,408,440,472,504,505,537,569,570,602,634,635}
Current function value: 1.0150326608854484E7
s**********************************************: 5
Current result: {395,396,397,398,399,427,431,463,464,465}
Current function value: 4198331.691782454
s**********************************************: 6
Current result: {360,390,391,392,393,394,395,396,422,427,459}
Current function value: 3797821.3090544115
s**********************************************: 7
Current result: {424,425,426,454,455,456,458,481,485,486,513,514,515,516,517}
Current function value: 6251127.333571169
s**********************************************: 8
Current result: {399,426,427,428,431,432,460,461,462,463,464,465,466,467,499,500}
Current function value: 3423639.6098227394
s**********************************************: 9
Current result: {395,422,423,424,425,426,427,453,454,458,485,517,548,549,580,581,613,645,677,678,679,711,743}
Current function value: 5361176.682536084
s**********************************************: 10
Current result: {398,399,429,430,431,432,453,454,455,456,457,458,459,460,461,481,482,483,484,485,513}
Current function value: 3483206.568385604
s**********************************************: 11
Current result: {482,513,514,546,547,578,579,580,610,611,612,613,645,677,709,739,740,741,771,802,803,834}
Current function value: 8786331.147580385
s**********************************************: 12
Current result: {363,395,396,397,398,399,400,422,427,432,454,455,456,457,458,459,464,486,515,516,517,518,545,546,547,577}
Current function value: 3563683.259639212
s**********************************************: 13
Current result: {396,397,398,399,400,426,427,428,432,433,434,435,458,460,461,464,467,468,469,470,502,508,534,540,566,567,568,569,570,571,572,603,635,667}
Current function value: 2165782.1125324415
s**********************************************: 14
Current result: {236,266,267,268,269,297,298,330,362,363,366,395,396,397,398,399,427,430,431,432,455,456,457,458,459,464,483,484,485,486,487,515,547,578,579,610}
Current function value: 3899419.793465495
s**********************************************: 15
Current result: {330,362,366,367,394,395,396,397,398,426,429,430,431,432,433,458,481,482,483,484,489,490,515,516,517,518,519,520,521,546,547,578,610}
Current function value: 3347944.873799427
s**********************************************: 16
Current result: {196,197,198,199,200,201,202,203,204,228,235,236,237,260,269,292,301,324,333,356,363,364,365,388,395,398,399,420,426,427,428,429,430,431,452,458,459,463,483,484,491,495,496,497,498,499,500,501,515,533,538,539,547,548,565,566,567,568,569,570,571,580,603,612,635,636,644,667,676,677,678,697,698,699,710,742}
Current function value: 4298386.964017035
s**********************************************: 17
Current result: {394,395,396,397,398,399,420,421,422,423,424,425,426,431,432,439,451,452,458,459,464,465,466,467,468,469,470,471,483,491,514,515,547,579,611,612}
Current function value: 2857901.659385563
sRESULT**********************************************: 
result subgraph is: [396, 397, 398, 399, 400, 426, 427, 428, 432, 433, 434, 435, 458, 460, 461, 464, 467, 468, 469, 470, 502, 508, 534, 540, 566, 567, 568, 569, 570, 571, 572, 603, 635, 667]
------------------------------ test ends --------------------------------
