
------------------------------ test starts ------------------------------ 
s**********************************************: 2
Current result: {865,866,898,899}
Current function value: 1.0696812382591387E7
s**********************************************: 3
Current result: {841,842,874,875,907}
Current function value: 1.02895004239281E7
s**********************************************: 4
Current result: {864,865,866,867,868,896,928}
Current function value: 1.0878403625743212E7
s**********************************************: 5
Current result: {806,807,808,835,836,837,838,840,872,873}
Current function value: 9760188.234533163
s**********************************************: 6
Current result: {630,662,694,726,758,759,789,790,821,822,823,855}
Current function value: 8669515.40737132
s**********************************************: 7
Current result: {820,821,822,852,854,855,857,884,887,888,889,916,948,949}
Current function value: 8462142.141210463
s**********************************************: 8
Current result: {801,832,833,840,841,842,864,865,866,867,868,869,870,871,872,874,906,907,939}
Current function value: 9026343.343906669
s**********************************************: 9
Current result: {712,744,745,777,805,806,807,808,809,837,839,841,866,867,868,869,872,873}
Current function value: 7830018.487086636
s**********************************************: 10
Current result: {671,702,703,734,759,760,761,762,763,764,765,766,794,825,826,857,884,885,886,888,889,916,918,919,920,948}
Current function value: 6573921.7340471065
s**********************************************: 11
Current result: {806,821,822,823,824,825,826,827,828,829,830,831,837,838,839,840,854,863,868,869,872,886,904,905,906,907,908,909,910,911,912,913,914,915,916,917,918}
Current function value: 9128524.399451654
s**********************************************: 12
Current result: {645,646,678,710,742,774,806,838,839,840,841,842,843,854,875,884,885,886,907,915,916,939,940,941,942,943,944,945,946,947}
Current function value: 8069551.1109343525
s**********************************************: 13
Current result: {365,366,367,389,390,391,392,393,394,395,396,397,399,400,421,427,428,453,485,516,517,548,580,612,644,676,708,740,772,804,834,835,836,864,865,866}
Current function value: 1781263.366607986
s**********************************************: 14
Current result: {700,732,764,796,820,821,822,823,824,825,826,827,828,829,830,831,852,863,882,883,884,907,908,909,910,911,912,913,914,939}
Current function value: 6865732.958340988
s**********************************************: 15
Current result: {745,746,772,778,804,805,806,807,808,809,810,836,842,865,866,867,868,874,875,884,896,897,907,908,909,910,911,912,913,914,915,916}
Current function value: 6794178.636281023
s**********************************************: 16
Current result: {362,394,395,427,459,491,521,522,523,551,552,553,583,615,647,679,711,712,744,776,808,840,866,872,898,904,930,931,932,933,934,935,936,937,938,939}
Current function value: 2016523.6663096629
s**********************************************: 17
Current result: {598,630,662,663,664,696,728,758,759,760,788,789,790,822,854,855,887,889,890,891,892,908,909,910,911,912,913,914,915,916,917,918,919,920,921,951}
Current function value: 4890719.796883458
sRESULT**********************************************: 
result subgraph is: [365, 366, 367, 389, 390, 391, 392, 393, 394, 395, 396, 397, 399, 400, 421, 427, 428, 453, 485, 516, 517, 548, 580, 612, 644, 676, 708, 740, 772, 804, 834, 835, 836, 864, 865, 866]
------------------------------ test ends --------------------------------
