
------------------------------ test starts ------------------------------ 
s**********************************************: 2
Current result: {14,15,47}
Current function value: 1.0450557822279498E7
s**********************************************: 3
Current result: {398,399,400,401,428,429,430,433,460,461}
Current function value: 2298269.9098219555
s**********************************************: 4
Current result: {764,765,766,798,830,862,863,895,927}
Current function value: 8648217.610963555
s**********************************************: 5
Current result: {397,398,429,430,431,432,433,434,451,452,453,454,455,456,457,458,459,460,461,483,513,514,515,545,577,609,640,641,672,704,736,768,800,801,802,803,804,836,868}
Current function value: 3100979.6703915875
s**********************************************: 6
Current result: {432,433,434,435,465,467,499,531,563,595,627,659,691,692,724,756,788,789,790,791,792,824,825,857,889,890,891,923,924,925,957}
Current function value: 2333811.0950204334
s**********************************************: 7
Current result: {397,398,399,400,401,427,428,429,432,433,434,455,456,457,458,459,484,485,486,487,516}
Current function value: 1880942.2999976417
s**********************************************: 8
Current result: {302,334,335,336,366,397,398,427,428,429,430,431,432,433,434,457,458,459,465,466}
Current function value: 2716887.0841475674
s**********************************************: 9
Current result: {356,357,358,359,391,392,393,394,395,396,397,398,399,429,431,433,434,435,463,464,465,467,499,531,563,595,627,659,691,723,724,725,726,727,728,760,792,824,856,857,858,890,891,892,893,894,895,925,927}
Current function value: 2735839.8490921888
s**********************************************: 10
Current result: {401,428,429,430,431,432,433,434,465,466,498,530,562,594,626,627,659,660,692,693,694,695,696,697,729,761,793,825,857,889,891,892,921,923,953,954,955}
Current function value: 2137171.441557627
s**********************************************: 11
Current result: {14,15,16,46,78,110,142,174,206,238,270,297,302,329,334,361,362,366,394,397,398,399,400,426,427,429,432,433,434,459,460,461,466,491,522,523,554,586,618}
Current function value: 2945598.895816407
s**********************************************: 12
Current result: {385,386,418,427,450,456,457,458,459,460,461,482,483,484,485,486,487,488,517,549,581,582,614,646}
Current function value: 2743889.9940126366
s**********************************************: 13
Current result: {298,299,300,301,333,365,396,397,398,399,400,401,427,428,429,433,434,435,436,437,461,469,501,533,534,566,567,599,631,663,695,727,759,791,823,855,887,889,890,891,892,893,919,920,921,925,926,951,952}
Current function value: 2364980.0402765204
s**********************************************: 14
Current result: {759,791,822,823,824,825,826,827,831,852,853,854,857,859,860,861,862,863,886,892,894,895,924,926,927}
Current function value: 5800528.253417896
s**********************************************: 15
Current result: {398,399,400,417,418,419,420,421,422,423,424,425,426,427,428,429,430,432,433,434,435,449,481,513,545,577,609,610,611,643,644,675,706,707,738,768,769,770,800,832,864,865,897,898,899,931,932,933}
Current function value: 2240256.0316536757
s**********************************************: 16
Current result: {236,237,238,239,240,268,300,301,333,365,369,396,397,401,426,427,428,429,430,431,432,433,434,458,465,489,490,517,518,519,520,521,547,548,549,579,611,643,675,707}
Current function value: 3136757.244233478
s**********************************************: 17
Current result: {240,272,302,303,304,333,334,364,365,396,427,428,429,459,460,461,482,483,484,485,486,487,488,489,490,491,514,545,546,547,579,611,643,675,707,739,740,772,804,836,867,868}
Current function value: 3285381.437829539
sRESULT**********************************************: 
result subgraph is: [397, 398, 399, 400, 401, 427, 428, 429, 432, 433, 434, 455, 456, 457, 458, 459, 484, 485, 486, 487, 516]
------------------------------ test ends --------------------------------
