
------------------------------ test starts ------------------------------ 
s**********************************************: 2
Current result: {397,398,428,429}
Current function value: 2949416.527536858
s**********************************************: 3
Current result: {701,731,732,733,734,764}
Current function value: 1.0866196566406911E7
s**********************************************: 4
Current result: {397,400,429,430,431,432,433,434}
Current function value: 1636308.0272611608
s**********************************************: 5
Current result: {400,401,402,428,429,430,431,432,434,460}
Current function value: 1663447.4591573474
s**********************************************: 6
Current result: {397,398,399,400,401,402,433,434,466,467,468,469,470,471,472,504,536,537,569,601,633,634,635,667,699,731,763,764,765,797}
Current function value: 1684626.6509970254
s**********************************************: 7
Current result: {307,337,338,339,369,370,398,402,429,430,431,432,433,434}
Current function value: 1700432.2890236063
s**********************************************: 8
Current result: {389,390,391,392,393,394,395,396,419,420,421,428,429,430,431,432,433,450,451,460,461,481,482,513,545,577,609,641,672,673,705,706}
Current function value: 1859722.0149909758
s**********************************************: 9
Current result: {396,423,424,425,426,427,428,429,430,431,432,433,455,487,519,548,549,550,551,580,610,611,612,642,643,675}
Current function value: 1424452.420587978
s**********************************************: 10
Current result: {362,363,364,365,390,391,392,393,394,397,422,429,430,431,432,433,454,486,518,550,580,581,582,611,612,643,675,704,705,706,707,739}
Current function value: 1922617.027538804
s**********************************************: 11
Current result: {402,429,430,431,432,433,434,435,467,499,531,563,564,565,566,598,630,631,663,695,696,697,698,699,731,732,764,765,766}
Current function value: 2129313.8268518476
s**********************************************: 12
Current result: {397,398,399,400,420,421,422,423,424,425,426,427,428,429,432,452,484,516,547,548,579,610,611,642,674,706,737,738}
Current function value: 2224501.007851209
s**********************************************: 13
Current result: {366,367,388,389,390,391,392,393,398,399,400,417,418,419,420,425,426,427,428,429,430,432,433,434,449,481,513,545,577,609,610,642,643}
Current function value: 2356353.070496196
s**********************************************: 14
Current result: {268,300,332,360,361,362,363,364,389,390,391,392,396,421,428,429,453,482,483,484,485,513,514,546,578,610,611,643,675,707}
Current function value: 2839783.123935607
s**********************************************: 15
Current result: {396,398,399,400,401,425,426,427,428,429,430,432,433,434,435,436,437,438,439,440,441,442,443,444,445,456,457,477,478,488,510,515,516,517,518,519,520,542,547,574,575,579,607,608,609,610,611,639,640,669,671,672,701,702,703,732,733,734}
Current function value: 4057148.6079814336
s**********************************************: 16
Current result: {270,300,301,302,303,335,336,368,394,395,396,397,400,401,402,426,429,430,431,432,433,458,489,490,521,548,549,550,551,552,553,579,580,611,641,642,643,675,707,739}
Current function value: 3031136.97191621
s**********************************************: 17
Current result: {390,391,392,393,394,395,396,397,398,399,400,401,402,422,430,433,434,452,453,454,465,484,497,516,529,548,561,578,579,580,593,608,610,625,640,641,642,657,674,689,706,721,753,785,817,849,881,913,942,943,944,945}
Current function value: 1951413.1683265353
sRESULT**********************************************: 
result subgraph is: [396, 423, 424, 425, 426, 427, 428, 429, 430, 431, 432, 433, 455, 487, 519, 548, 549, 550, 551, 580, 610, 611, 612, 642, 643, 675]
------------------------------ test ends --------------------------------
