
------------------------------ test starts ------------------------------ 
s**********************************************: 2
Current result: {399,400,401,402,429,430,431}
Current function value: 4023626.7521892544
s**********************************************: 3
Current result: {398,399,400,401,402,434}
Current function value: 2933075.6616721144
s**********************************************: 4
Current result: {402,430,431,432,433,434,466,467}
Current function value: 1575248.348599696
s**********************************************: 5
Current result: {121,153,180,181,182,183,184,185,186,211,212,243,275,307,339,371,398,399,400,401,402,403}
Current function value: 4678516.76809133
s**********************************************: 6
Current result: {398,399,400,401,402,434,435,436,437,438,466,467}
Current function value: 1582282.1086613862
s**********************************************: 7
Current result: {337,338,339,340,341,342,343,369,398,399,400,401,429,430,461,462}
Current function value: 1618813.840308827
s**********************************************: 8
Current result: {401,402,430,431,432,433,434,461,462,466,493,525,557,587,588,589,619,651,683,715,747,779,811,812}
Current function value: 1580322.462822902
s**********************************************: 9
Current result: {416,434,448,449,450,451,452,453,454,455,456,457,458,459,460,461,462,463,464,465,466,480,481,513,545}
Current function value: 2071448.4161605765
s**********************************************: 10
Current result: {397,398,399,400,401,402,416,417,418,419,420,421,422,423,424,425,426,427,428,429,433,434,448,466,480,512,544}
Current function value: 2223196.091974221
s**********************************************: 11
Current result: {347,379,397,398,399,400,401,402,410,411,429,430,434,442,466,467,468,469,470,471,472,473,474,501,502}
Current function value: 2601441.2918857285
s**********************************************: 12
Current result: {399,430,431,434,461,462,463,464,465,466,467,468,469,490,491,492,493,501,522,554,586,618,650,682,714,743,744,745,746,777,778}
Current function value: 1589744.741968134
s**********************************************: 13
Current result: {399,400,401,402,430,431,434,435,455,456,457,458,459,460,461,462,467,485,486,487,515,516,517,544,545,546,547}
Current function value: 2267561.235856658
s**********************************************: 14
Current result: {347,379,397,398,399,400,401,402,403,404,405,406,407,408,409,410,411,434,443,466,467,475,507,539,571,603,604,636,637,669,701,733,765,797,829,830,861}
Current function value: 1683046.1190680906
s**********************************************: 15
Current result: {384,398,399,400,401,402,416,429,430,448,461,480,493,512,525,544,557,576,589,608,621,640,653,672,685,704,717,736,749,768,769,781,801,802,803,804,805,806,807,808,809,810,811,813,843,844,845}
Current function value: 4063777.197289166
s**********************************************: 16
Current result: {397,398,399,400,401,429,430,433,434,435,436,437,438,461,466,467,470,502,534,535,567,599,631,632,664,665,666,667,699,700,701,733,765,797}
Current function value: 4378007.000110762
s**********************************************: 17
Current result: {371,398,403,426,427,428,429,430,431,432,433,435,458,465,466,467,490,522,554,586,618,648,649,650,680,712,743,744,745,746,747,748,780,781,782,814,846,878,879,880,881,882,883}
Current function value: 2681487.1288874177
sRESULT**********************************************: 
result subgraph is: [402, 430, 431, 432, 433, 434, 466, 467]
------------------------------ test ends --------------------------------
