
------------------------------ test starts ------------------------------ 
s**********************************************: 2
Current result: {882,885,886,887,888,914,915,916,917}
Current function value: 9104287.800531736
s**********************************************: 3
Current result: {819,820,821,822,849,850,851,880,881,912}
Current function value: 9053044.604899481
s**********************************************: 4
Current result: {428,429,430,462,463,464,465,466,498}
Current function value: 2620179.4446373153
s**********************************************: 5
Current result: {856,857,884,885,886,887,888,909,910,911,912,913,914,915,916}
Current function value: 7781620.946366771
s**********************************************: 6
Current result: {819,849,850,851,852,878,879,880,881}
Current function value: 8393431.329754842
s**********************************************: 7
Current result: {846,847,848,849,850,878,905,906,910,938,939,940,941,942}
Current function value: 7886305.913399474
s**********************************************: 8
Current result: {878,881,882,905,906,907,908,909,910,911,912,913,944}
Current function value: 6108811.906947786
s**********************************************: 9
Current result: {462,463,464,465,466,467,493,494,498,530,562,594,626,658,689,690,721,753,785,813,814,815,816,817,842,843,844,845,873,874,877,903,904,905,935}
Current function value: 2365389.7335395687
s**********************************************: 10
Current result: {334,358,359,366,391,392,393,394,398,401,426,427,428,430,433,460,461,462,463,464,465,466,467,499}
Current function value: 2060294.229651077
s**********************************************: 11
Current result: {428,460,461,462,463,464,465,466,498,530,562,594,626,658,690,722,754,786,818,849,850,881,913,944,945}
Current function value: 4146069.9934143377
s**********************************************: 12
Current result: {846,847,848,849,850,851,852,853,882,885,886,887,888,889,890,914,922,923,924,946,956}
Current function value: 6823445.777377178
s**********************************************: 13
Current result: {369,398,399,400,401,430,433,434,462,466,498,530,562,594,626,658,690,722,754,755,756,788,814,815,816,817,818,819,820,821,822,846,877,878,909}
Current function value: 2719832.6123557985
s**********************************************: 14
Current result: {428,429,430,460,462,463,464,465,466,498,499,529,530,531,561,593,625,657,689,719,720,721,750,751,782,814,846,873,878,905,906,907,908,909,910}
Current function value: 2136860.0041077826
s**********************************************: 15
Current result: {466,498,530,562,594,626,658,690,722,750,751,752,753,754,781,782,813,843,844,845,873,874,875,903,904,905,906}
Current function value: 3845106.389354786
s**********************************************: 16
Current result: {428,430,460,461,462,492,494,495,496,497,498,529,530,531,561,563,564,593,596,597,624,625,656,688,718,719,720,751,783,815,847,879}
Current function value: 2712652.0575982905
s**********************************************: 17
Current result: {460,461,462,463,464,465,466,492,497,529,561,593,625,629,657,661,689,690,691,692,693,694,721,726,758,790,822,854,881,884,885,886,913,914,915,916,945}
Current function value: 2799962.670722903
sRESULT**********************************************: 
result subgraph is: [334, 358, 359, 366, 391, 392, 393, 394, 398, 401, 426, 427, 428, 430, 433, 460, 461, 462, 463, 464, 465, 466, 467, 499]
------------------------------ test ends --------------------------------
