
------------------------------ test starts ------------------------------ 
s**********************************************: 2
Current result: {400,432,464,465}
Current function value: 4044956.6667010207
s**********************************************: 3
Current result: {458,459,460,461,491,492}
Current function value: 4880021.560758276
s**********************************************: 4
Current result: {400,428,429,430,431,432,460,492}
Current function value: 2514939.910826863
s**********************************************: 5
Current result: {458,461,462,463,464,465,490,491,492,493}
Current function value: 2599218.449621205
s**********************************************: 6
Current result: {642,643,644,645,673,674,705,706,738,770,802,834,866}
Current function value: 8604504.135195818
s**********************************************: 7
Current result: {269,270,301,302,333,364,365,396,428,429,430,431,432,433,460,486,487,488,489,490,491,492,493,518,550,582,614,645,646}
Current function value: 2565545.6402188186
s**********************************************: 8
Current result: {646,678,707,710,739,740,741,742,770,771,772,800,801,802,832,864,896}
Current function value: 9899000.90261666
s**********************************************: 9
Current result: {368,396,397,398,399,400,401,402,403,404,405,406,407,408,409,410,411,428,432,443,444,445,446,447,460,479,492,511,543,575,607,639,670,671,702,734,766,798,830,862,894,926,958}
Current function value: 2288904.319392415
s**********************************************: 10
Current result: {269,301,333,365,396,397,398,399,400,429,432,433,434,460,461,491,492,522,523,551,552,553,554,583,611,612,613,614,615,642,643,673,674,705,737,769,800,801,832,864,896}
Current function value: 4396106.65617047
s**********************************************: 11
Current result: {301,333,334,364,365,396,397,398,399,400,401,427,428,433,451,452,453,454,455,456,457,458,459,465,466,467,468,469,470,471,472,483,504,515,536,537,538,539,547,571,572,579,604,605,608,609,610,611,637,643,669,675,701,707,733,739,765,771,772,797,799,804,829,830,831,836,865,866,867,868}
Current function value: 2766248.1116435747
s**********************************************: 12
Current result: {428,460,461,491,492,493,523,555,587,619,651,682,683,706,707,708,709,710,711,712,713,714,738,770,801,802,832,833,864}
Current function value: 4164110.17462082
s**********************************************: 13
Current result: {333,365,397,398,399,400,428,429,432,433,460,465,466,467,468,469,470,471,472,473,474,475,507,539,571,603,635,667,668,700,732,733,765,766,797,798}
Current function value: 1988676.549043829
s**********************************************: 14
Current result: {237,238,239,240,272,302,303,304,333,334,366,367,395,396,397,398,399,428,429,431,432,433,460,465,466,467,468,469,470,471,472,492,504,505,506,507,539,571,603,635,667,668,669,670,671,703,733,734,735,765,797,829,830,862,863,895}
Current function value: 5777302.004659448
s**********************************************: 15
Current result: {380,381,398,399,400,401,402,411,412,428,429,430,434,443,460,466,467,468,469,470,471,472,473,474,475,492,507,539,540,572,604,636,668,700,732,733,765,797,798,799,831,863,895,927}
Current function value: 2386764.61627408
s**********************************************: 16
Current result: {237,269,301,302,333,364,365,366,367,368,396,400,428,429,432,433,459,460,465,466,467,468,488,489,490,491,500,501,502,503,517,518,519,520,535,536,537,549,569,570,571,572,581,604,613,636,637,638,639,645,671,677,703,705,706,707,708,709,735,737,767,769,799,801,831,833,862,863,865,897,898}
Current function value: 3193918.659746671
s**********************************************: 17
Current result: {269,301,333,334,365,366,397,429,430,431,432,433,434,460,461,464,465,489,490,491,492,521,552,553,584,615,616,642,643,644,645,646,647,674,706,738,770,801,802,833,865}
Current function value: 2371473.824295238
sRESULT**********************************************: 
result subgraph is: [333, 365, 397, 398, 399, 400, 428, 429, 432, 433, 460, 465, 466, 467, 468, 469, 470, 471, 472, 473, 474, 475, 507, 539, 571, 603, 635, 667, 668, 700, 732, 733, 765, 766, 797, 798]
------------------------------ test ends --------------------------------
