
------------------------------ test starts ------------------------------ 
s**********************************************: 9
Current result: {474,506,538,570,602,634,666,698,730,762,763,764,765,797,828,829,860,861,862}
Current function value: 53.47731376199536
s**********************************************: 10
Current result: {545,577,609,641,673,705,737,738,770,802,834,835,866,897,898,928,929}
Current function value: 53.27078459828062
s**********************************************: 11
Current result: {416,417,418,448,450,480,512,544,545,577,609,641,673,705,718,737,738,739,740,741,742,743,744,745,746,747,748,749,750,769,782,801,814,833,865}
Current function value: 81.8927352069607
s**********************************************: 12
Current result: {249,250,282,314,343,344,345,346,347,375,407,439,471,503,535,567,599,631,663,694,695,726,758,790,797,822,828,829,854,860,886,892,918,919,920,921,922,923,924}
Current function value: 57.32694610245358
s**********************************************: 13
Current result: {41,42,43,44,45,46,47,48,49,50,80,82,83,84,112,116,117,144,149,150,151,152,176,184,185,208,240,272,304,336,368,400}
Current function value: 58.618714618011545
s**********************************************: 14
Current result: {184,185,186,187,188,216,220,252,284,316,348,379,380,411,443,473,474,475,505,537,567,568,569,599,600,632,664,696,697,698,699,700,732,764,796,828,829}
Current function value: 57.815334658565014
s**********************************************: 15
Current result: {336,337,338,339,340,341,342,343,344,345,346,347,368,400,432,464,496,528,560,592,622,623,624,653,654,685,717,746,747,748,749}
Current function value: 44.17562370632114
s**********************************************: 16
Current result: {91,122,123,154,186,218,250,282,283,284,316,348,380,411,412,443,475,507,539,571,603,635,667,699,731,763,764,796,826,827,828,857,858,889,921}
Current function value: 50.12787135377045
s**********************************************: 17
Current result: {54,55,56,84,85,86,88,114,115,116,120,141,142,143,144,145,146,152,184,216,248,280,312,313,314,346,347,379,411,443,444,445,446,478,510,542,574,606,607,639,671,703,733,734,735,763,765,795,796,797,798,830,862}
Current function value: 70.02939640092211
sRESULT**********************************************: 
result subgraph is: [336, 337, 338, 339, 340, 341, 342, 343, 344, 345, 346, 347, 368, 400, 432, 464, 496, 528, 560, 592, 622, 623, 624, 653, 654, 685, 717, 746, 747, 748, 749]
------------------------------ test ends --------------------------------

------------------------------ test starts ------------------------------ 
