
------------------------------ test starts ------------------------------ 
s**********************************************: 9
Current result: {186,218,250,282,314,346,378,410,442,474,506,538,570,602,634,635,667,699,731,763,764,796,797,798,830,862}
Current function value: 33.45767607247471
s**********************************************: 10
Current result: {59,91,123,155,186,187,218,250,282,313,314,343,344,345,364,365,366,367,368,369,370,371,372,373,374,375,384,385,386,387,388,389,390,391,392,393,394,395,396,416,448,480,512,544,545,546,578,610,642,672,673,674,704,736,768,800,832,864,865}
Current function value: 25.15027938962896
s**********************************************: 11
Current result: {749,777,778,779,780,781,782,814,815,847,848,880,912,913,914,915,916,917,918,919,920,921,922,923,924,925}
Current function value: 49.75361480059651
s**********************************************: 12
Current result: {448,449,481,482,514,546,578,610,642,674,706,738,770,802,834,835,836,837,838,839,840,841,842,843,844,845,866,877,878,879,880,881}
Current function value: 71.46910961512822
s**********************************************: 13
Current result: {491,523,524,556,557,589,621,653,685,717,718,750,751,752,753,754,755,756,757,758,759,760,761,762,763,764,796,797,798,799,831}
Current function value: 126.73561346434451
s**********************************************: 14
Current result: {56,59,88,89,90,91,121,153,185,217,249,281,313,345,377,409,441,473,474,506,538,570,602,603,635,636,668,700,732,733,765,788,789,790,791,792,793,797,798,801,802,803,804,805,806,807,820,825,830,833,839,840,841,842,843,844,845,846,847,848,849,851,852,857,858,859,860,861,862,864,865,881,883,913,914,915}
Current function value: 96.99555358256367
s**********************************************: 15
Current result: {185,217,218,226,227,228,229,230,231,232,233,234,235,236,237,238,239,240,241,242,243,244,245,246,247,248,249,250,258,282,290,313,314,322,345,354,385,386,417,448,449,480,512,544,576,608,640,672,704,736,768,800,832,864,865,866,867,868,869,870,871,872,873,874,875,876,877,878,879}
Current function value: 59.154435404669044
s**********************************************: 16
Current result: {272,304,336,337,338,339,340,341,342,343,344,375,407,439,471,472,473,474,475,476,508,509,510,542,574,575,607,639,671,703,732,733,734,735,764,765}
Current function value: 45.73499378761589
s**********************************************: 17
Current result: {186,218,219,251,283,315,347,348,380,412,444,476,508,513,540,544,545,546,547,572,579,604,611,636,643,668,675,676,700,708,709,710,711,712,713,714,715,716,717,718,719,720,721,722,723,724,725,726,727,728,729,730,731,732}
Current function value: 49.20721578434587
sRESULT**********************************************: 
result subgraph is: [59, 91, 123, 155, 186, 187, 218, 250, 282, 313, 314, 343, 344, 345, 364, 365, 366, 367, 368, 369, 370, 371, 372, 373, 374, 375, 384, 385, 386, 387, 388, 389, 390, 391, 392, 393, 394, 395, 396, 416, 448, 480, 512, 544, 545, 546, 578, 610, 642, 672, 673, 674, 704, 736, 768, 800, 832, 864, 865]
------------------------------ test ends --------------------------------
