
------------------------------ test starts ------------------------------ 
s**********************************************: 9
Current result: {568,569,570,571,572,573,599,600,605,631,637,663,669,695,701,732,733,764,796,828,860}
Current function value: 55.95057853990928
s**********************************************: 10
Current result: {186,218,250,282,314,346,347,378,410,442,474,506,538,570,602,634,666,698,730,762,763}
Current function value: 42.26647682916815
s**********************************************: 11
Current result: {384,416,417,448,449,480,481,512,544,545,577,609,641,673,674,706,738,770,802,803,804,805,806,807,808,809,810,842,874,875,876,877,878,879,880}
Current function value: 55.45245344470318
s**********************************************: 12
Current result: {1,2,3,4,33,36,65,68,69,70,97,128,129,160,192,224,256,288,320,352,384,416,448,480,512}
Current function value: 38.93769063779387
s**********************************************: 13
Current result: {34,35,36,37,38,39,66,97,98,129,161,193,225,257,289,321,353,385,417,449,481,513,514,546,578,610,642,674,688,706,720,738,752,770,784,802,803,804,816,836,848,868,869,870,880,902,903,904,912,936,937,938,939,940,941,942,943,944}
Current function value: 63.1336835835883
s**********************************************: 14
Current result: {698,715,716,717,718,719,720,721,722,729,730,746,747,754,755,756,757,758,759,760,761,778,793,810,825,842,857,858,859,860,861,862,865,868,869,870,871,872,873,874,893,896,897,898,900,930,931,932}
Current function value: 134.81472228557237
s**********************************************: 15
Current result: {480,512,544,545,577,609,641,642,674,706,738,770,801,802,832,833,865,897,898,899,900,901,902,903,904,905,906,907,908,909,928,929}
Current function value: 27.40800059854107
s**********************************************: 16
Current result: {259,260,292,304,324,336,354,355,356,357,358,359,360,361,368,385,386,393,394,395,396,397,398,399,400,417,449,481,513,545,577,609,641,673,705,737,769,773,801,802,803,804,805,833,865,897}
Current function value: 48.49565628853016
s**********************************************: 17
Current result: {56,74,75,76,77,78,79,80,81,82,83,84,85,86,87,88,106,120,138,151,152,170,183,184,202,216,234,248,249,266,281,298,313,330,345,362,377,394,409,420,421,422,423,424,425,426,441,452,473,482,483,484,505,513,514,537,544,545,569,570,571,576,603,608,635,640,667,672,699,704,731,736,758,759,760,761,762,763,764,765,766,768,790,798,800,832,864}
Current function value: 73.09775982816855
sRESULT**********************************************: 
result subgraph is: [480, 512, 544, 545, 577, 609, 641, 642, 674, 706, 738, 770, 801, 802, 832, 833, 865, 897, 898, 899, 900, 901, 902, 903, 904, 905, 906, 907, 908, 909, 928, 929]
------------------------------ test ends --------------------------------
