
------------------------------ test starts ------------------------------ 
s**********************************************: 9
Current result: {416,417,418,419,420,448,452,480,512,544,576,608,640,672,704,736,737,769,801,833,865}
Current function value: 17.93370167408828
s**********************************************: 10
Current result: {0,32,64,96,128,129,161,193,225,226,258,290,322,354,386,417,418,448,449,480,512}
Current function value: 65.57491714894039
s**********************************************: 11
Current result: {50,80,81,82,83,84,85,86,87,88,89,90,112,122,144,154,186,218,250,282,314,346,347,379,411,443,475,507,539,544,545,546,547,571,572,579,604,611,636,643,668,674,675,700,706,732,738,764,770,796,801,802,803,804,805,806,807,808,809,810,811,826,827,828,832,833,843,857,858,864,875,876,877,878,879,880,881,882,883,884,885,886,887,888,889,896,897,929}
Current function value: 88.06695012635835
s**********************************************: 12
Current result: {54,86,118,150,151,182,183,184,185,214,217,249,281,313,345,346,347,379,410,411,442,474,506,538,539,540,572,604,605,637,638,639,671,703,735,767,799}
Current function value: 47.34088213093059
s**********************************************: 13
Current result: {315,346,347,378,410,442,474,506,538,568,569,570,600,632,664,694,695,696,723,724,725,726,728,729,730,762,763,764,765,766,767,799,830,831,862}
Current function value: 84.2810659030895
s**********************************************: 14
Current result: {671,703,735,767,799,811,812,813,814,815,816,817,818,819,820,831,838,839,840,841,842,843,852,853,854,862,863,868,869,870,886,887,888,889,890,891,892,893,894}
Current function value: 45.67955134817644
s**********************************************: 15
Current result: {264,293,294,295,296,325,356,357,388,420,452,484,516,548,580,609,610,611,612,641,672,673,704,736,768,800,832,864,865,897}
Current function value: 27.94264922963912
s**********************************************: 16
Current result: {56,88,89,96,120,128,129,130,131,132,133,134,135,136,137,138,139,140,141,142,143,144,145,146,147,152,160,179,180,181,182,183,184,192,215,247,279,311,343,344,345,346,347,379,411,443,475,507,539,571,603,604,605,637,669,701,733,765,797,829,861}
Current function value: 79.99099617820893
s**********************************************: 17
Current result: {538,539,570,602,634,666,698,705,706,730,731,732,737,760,761,762,768,769,786,787,788,789,790,791,792,800,812,813,814,815,816,817,818,832,834,835,836,837,838,839,840,841,842,843,844,864,865,866}
Current function value: 83.53725028060758
sRESULT**********************************************: 
result subgraph is: [416, 417, 418, 419, 420, 448, 452, 480, 512, 544, 576, 608, 640, 672, 704, 736, 737, 769, 801, 833, 865]
------------------------------ test ends --------------------------------
