
------------------------------ test starts ------------------------------ 
s**********************************************: 9
Current result: {448,480,481,482,483,484,512,513,544,576,608,640,672,704,736,768,800,832,864}
Current function value: 24.01797580376974
s**********************************************: 10
Current result: {764,790,791,792,793,794,795,796,819,820,821,822,838,839,840,841,842,843,844,845,846,847,848,849,850,851,864,865,866,867,868,869,870,896}
Current function value: 42.91389099679794
s**********************************************: 11
Current result: {67,99,131,163,195,225,226,227,259,291,323,355,387,419,449,450,451,452,481,512,513,544,576,608,609,641,642,674,706,738,770,801,802,833,864,865}
Current function value: 39.08368718387866
s**********************************************: 12
Current result: {448,480,512,544,576,608,640,641,642,674,706,707,738,770,800,801,802,832,864,868,896,897,898,899,900,929}
Current function value: 21.94245864102061
s**********************************************: 13
Current result: {59,91,123,155,187,215,216,217,218,219,247,279,311,343,375,407,439,471,503,535,567,599,631,663,695,726,727,758,763,764,765,790,791,792,793,794,795,797,819,820,821,822,829,851,861,883,893,897,898,899,900,901,902,903,904,905,906,907,908,909,910,911,912,913,914,915}
Current function value: 90.99569346175527
s**********************************************: 14
Current result: {110,111,112,113,114,115,116,117,135,136,137,138,139,140,141,142,149,167,181,199,213,214,217,218,230,231,246,247,248,249,262,281,293,294,313,325,345,356,357,377,388,409,420,441,449,450,451,452,473,481,505,506,513,538,545,570,571,572,577,604,605,606,607,609,639,641,671,673,703,705,712,735,737,744,767,769,776,801,807,808,833,834,835,836,837,838,839,865,897,929}
Current function value: 164.53229436103646
s**********************************************: 15
Current result: {3,4,5,6,35,38,39,40,67,99,131,163,195,226,227,259,291,323,354,355,384,385,386,416,448,480,512,544,545,577,609,610,642,674,706,738,770,801,802,833,864,865}
Current function value: 78.01561948611833
s**********************************************: 16
Current result: {272,273,304,305,306,307,308,336,340,341,342,343,344,345,346,347,348,368,380,400,412,413,414,432,446,464,478,496,510,528,542,560,574,592,605,606,624,625,637,656,669,688,700,701,732,764,796,828,829,861,893}
Current function value: 70.65439993120293
s**********************************************: 17
Current result: {39,48,49,50,51,52,53,54,55,56,71,80,88,103,104,105,106,107,108,109,110,111,112,120,152,183,184,215,247,279,311,343,375,407,439,467,468,469,470,471,498,499,530,562,594,625,626,641,657,672,673,674,689,704,721,736,753,768,785,800,801,817,832,833,849,865,866,867,868,869,870,871,872,873,874,875,876,877,878,879,880,881}
Current function value: 146.86929380932247
sRESULT**********************************************: 
result subgraph is: [448, 480, 512, 544, 576, 608, 640, 641, 642, 674, 706, 707, 738, 770, 800, 801, 802, 832, 864, 868, 896, 897, 898, 899, 900, 929]
------------------------------ test ends --------------------------------
