
------------------------------ test starts ------------------------------ 
s**********************************************: 9
Current result: {480,512,544,576,608,640,641,642,672,704,736,768,800,832,864,896,897,929}
Current function value: 34.120362352440765
s**********************************************: 10
Current result: {27,56,57,58,59,91,123,155,156,157,158,159,189,190,191,221,253,283,284,285,315,347,368,369,370,371,372,373,374,375,376,377,378,379,400,432,464,496,513,528,545,560,577,592,609,610,622,623,624,642,653,654,674,685,706,707,708,709,710,711,712,713,714,715,716,717,737,738,769,801,833,865,897,929,930}
Current function value: 89.73626070209221
s**********************************************: 11
Current result: {176,177,178,179,180,181,182,183,184,185,186,208,218,240,250,264,265,266,267,268,269,270,271,272,282,291,292,293,294,295,296,314,322,323,346,353,354,378,385,410,416,417,442,448,474,480,506,512,538,539,544,545,546,547,571,576,579,603,604,608,611,636,637,640,669,672,701,702,704,734,766,798,829,830,831,861,863,895,927}
Current function value: 45.88372476808384
s**********************************************: 12
Current result: {71,103,135,167,199,231,263,291,292,293,294,295,323,355,387,419,451,483,513,514,515,545,577,609,641,673,705,737,769,801,833,865,896,897}
Current function value: 20.4496494129161
s**********************************************: 13
Current result: {244,276,308,309,341,373,405,437,469,501,512,533,544,545,546,564,565,578,596,610,628,642,656,657,658,659,660,674,688,706,707,708,712,713,714,715,716,717,718,719,720,738,740,741,742,743,744,770,775,776,802}
Current function value: 89.99447054709665
s**********************************************: 14
Current result: {0,1,2,3,4,5,6,7,8,9,41,73,74,75,76,77,78,79,80,81,82,83,84,85,86,87,88,106,107,120,121,153,185,217,249,250,281,282,313,343,344,345}
Current function value: 40.711224722353876
s**********************************************: 15
Current result: {345,377,409,441,473,480,505,506,507,508,509,510,512,513,542,545,574,577,606,609,610,611,638,641,670,673,702,705,732,733,734,737,754,755,756,757,758,759,760,761,762,763,764,769,777,778,779,780,781,782,783,784,785,786,801,802,803,804,805,806,807,808,809,833,864,865,896,928}
Current function value: 42.78220016473392
s**********************************************: 16
Current result: {716,745,746,747,748,749,750,751,752,753,754,778,786,787,788,789,790,791,792,793,794,795,796,797,810,829,830,831,842,863,874,906}
Current function value: 65.39034611978747
s**********************************************: 17
Current result: {226,227,258,290,322,354,386,417,418,449,481,513,544,545,546,578,610,642,674,706,738,770,802,803,804,805,806,807,808,809,834,835,841,842,843,844,864,865,866,867,876,877,878,879,880}
Current function value: 84.88426778447212
sRESULT**********************************************: 
result subgraph is: [71, 103, 135, 167, 199, 231, 263, 291, 292, 293, 294, 295, 323, 355, 387, 419, 451, 483, 513, 514, 515, 545, 577, 609, 641, 673, 705, 737, 769, 801, 833, 865, 896, 897]
------------------------------ test ends --------------------------------
