
------------------------------ test starts ------------------------------ 
s**********************************************: 9
Current result: {513,514,515,516,517,518,519,520,521,522,523,545,555,556,557,558,559,560,577,609,641,672,673,704,705,737,769,801}
Current function value: 26.050069534251037
s**********************************************: 10
Current result: {42,56,57,58,73,74,75,76,77,78,79,80,81,82,83,84,85,86,87,88,90,105,121,122,133,134,135,136,137,153,164,165,196,227,228,259,291,323,355,387,419,451,483,512,515,544,545,546,547,578,579,611}
Current function value: 43.8767226772983
s**********************************************: 11
Current result: {39,40,72,73,86,87,88,105,106,107,117,118,120,121,139,140,141,145,146,147,148,149,153,173,174,175,176,177,185,217,218,249,280,281,312}
Current function value: 43.89759409050814
s**********************************************: 12
Current result: {448,480,512,544,576,608,640,672,704,728,729,730,736,758,759,760,762,763,764,765,768,782,783,784,785,786,787,788,789,790,797,798,799,800,814,830,831,832,846,864,865,866,867,868,869,870,871,872,873,874,875,876,877,878,897}
Current function value: 53.359915963898644
s**********************************************: 13
Current result: {448,480,512,513,545,577,609,636,637,641,668,669,670,671,673,700,705,731,732,737,763,769,772,773,774,775,776,777,778,779,780,781,782,783,784,785,786,787,788,789,790,791,792,793,794,795,801,804,824,832,833,834,836,856,864,866,867,868}
Current function value: 71.39076352700275
s**********************************************: 14
Current result: {607,639,671,703,735,767,779,780,781,782,783,784,785,786,787,788,789,790,791,799,801,802,803,804,805,806,807,808,809,810,811,823,824,829,830,831,832,833,856,857,858,859,860,861,891,892}
Current function value: 42.30626882048446
s**********************************************: 15
Current result: {544,576,608,609,641,673,705,737,769,801,802,803,804,805,806,807,808,833,834,840,841,864,865,873,874,906,907,908,909,910,911}
Current function value: 83.7285802789508
s**********************************************: 16
Current result: {344,345,346,347,376,408,409,410,442,474,506,538,539,540,541,573,605,637,669,701,733,765,797,829,857,858,859,860,861,862,886,887,888,889}
Current function value: 42.26488042734093
s**********************************************: 17
Current result: {71,72,73,74,75,99,100,101,102,103,107,108,109,131,141,151,152,163,173,174,175,176,177,178,179,180,181,182,183,184,195,216,217,227,249,259,281,291,313,323,345,346,347,355,356,357,379,387,411,419,443,444,451,476,483,508,515,540,547,572,579,604,611,636,643,668,675,700,707,732,733,739,765,769,770,771,797,801,829,832,833,861,862,863,864,891,892,893,896,897,923,929}
Current function value: 143.34550795181704
sRESULT**********************************************: 
result subgraph is: [513, 514, 515, 516, 517, 518, 519, 520, 521, 522, 523, 545, 555, 556, 557, 558, 559, 560, 577, 609, 641, 672, 673, 704, 705, 737, 769, 801]
------------------------------ test ends --------------------------------
