
------------------------------ test starts ------------------------------ 
s**********************************************: 9
Current result: {250,251,283,315,347,379,411,443,474,475,506,538,570,602,634,666,698,730,762,794,795,796,797}
Current function value: 25.259215089373726
s**********************************************: 10
Current result: {448,449,450,451,452,480,512,513,545,577,609,613,641,645,672,673,674,675,676,677,704}
Current function value: 36.791947552458474
s**********************************************: 11
Current result: {37,38,39,40,41,42,43,44,45,46,47,68,69,79,84,99,100,111,112,113,114,115,116,117,118,119,120,121,131,153,163,185,186,195,218,227,250,258,259,290,322,352,353,354,384,416,448,480,481,513,545}
Current function value: 97.77385899085576
s**********************************************: 12
Current result: {272,273,305,306,307,308,309,310,342,343,375,376,377,409,441,473,505,537,569,601,633,665,666,698,730,762,794,795,796,797,798,799,826,828,829,831,858,863,890,894,895}
Current function value: 36.75530844703638
s**********************************************: 13
Current result: {480,481,513,545,577,609,641,673,705,737,766,769,777,778,779,780,781,782,783,784,785,786,787,788,789,790,791,792,793,794,795,798,801,802,803,804,805,806,807,808,809,827,828,829,830,831,833,865,897,898,930}
Current function value: 65.80039515801704
s**********************************************: 14
Current result: {417,448,449,480,512,544,576,608,640,672,704,734,736,737,766,767,769,797,798,799,801,829,830,831,833,834,835,836,837,838,839,840,841,842,843,844,845,846,847,848,849,850,851,852,853,854,855,856,857,858,859,860,861,862,863,865,897,898}
Current function value: 28.628888038981717
s**********************************************: 15
Current result: {36,37,38,39,40,41,42,43,44,45,46,47,48,49,50,51,52,67,68,84,99,116,117,131,163,195,227,259,291,323,355,386,387,417,418,448,449,480,512,544,545,577,609,610,642,674,706,738,770,801,802,832,833,864,896,928}
Current function value: 53.0502806876055
s**********************************************: 16
Current result: {84,85,117,149,181,213,245,277,309,341,373,405,437,469,501,533,534,535,536,537,538,539,544,545,546,571,578,579,603,611,635,643,667,675,676,689,690,691,692,693,694,695,696,697,698,699,700,705,706,707,708,709,721,732,737,741,742,743,748,749,750,751,752,753,764,769,775,776,777,778,779,780,801,833,864,865,896}
Current function value: 59.33845351460648
s**********************************************: 17
Current result: {38,39,40,41,42,68,69,70,74,75,76,77,78,100,110,142,143,175,207,239,271,272,304,336,368,400,432,464,496,528,560,592,624,656,688,720,752,784,816,848,880,881}
Current function value: 118.75326560519673
sRESULT**********************************************: 
result subgraph is: [250, 251, 283, 315, 347, 379, 411, 443, 474, 475, 506, 538, 570, 602, 634, 666, 698, 730, 762, 794, 795, 796, 797]
------------------------------ test ends --------------------------------
