
------------------------------ test starts ------------------------------ 
s**********************************************: 9
Current result: {57,84,89,90,113,114,115,116,117,118,120,121,122,143,144,145,150,151,152,183,184,216,248,279,280,311,343,375,407,439,471,502,503,534,566,598,630,662,694,695,696,697,698,699,731,763,795,796,797,829,830}
Current function value: 78.16386136785277
s**********************************************: 10
Current result: {635,636,668,694,695,696,697,700,726,729,730,731,732,757,758,764,765,797,829,861,893,894,926,958}
Current function value: 76.39826723045744
s**********************************************: 11
Current result: {39,40,71,103,135,166,167,197,198,229,259,260,261,291,323,355,387,418,419,450,482,514,546,578,610,642,643,674,675,706}
Current function value: 45.69446693541575
s**********************************************: 12
Current result: {85,117,118,119,151,183,215,216,217,218,250,282,313,314,343,344,345,346,347,379,411,443,475,507,512,539,544,545,546,547,548,549,550,551,552,553,554,555,556,557,558,559,560,561,562,563,564,565,566,567,568,569,570,571,577,609,610,642,674}
Current function value: 47.98509057972779
s**********************************************: 13
Current result: {152,184,216,248,249,281,282,314,315,347,379,411,443,475,507,539,571,603,635,667,699,725,726,727,728,729,730,731,757,761,784,785,786,787,788,789,793,794,795,796,797,798}
Current function value: 64.76667603808453
s**********************************************: 14
Current result: {416,417,418,419,448,451,452,453,480,512,544,576,608,640,641,642,650,651,652,653,654,655,656,674,682,688,706,707,708,709,710,711,712,713,714,720,738,752,770,784,785,800,801,802,817,832,849,864,881}
Current function value: 48.63793340533171
