#################################################################
#APDM Input Graph, this input graph includes 3 sections:
#section1 : general information
#section2 : nodes
#section3 : edges
#section4 : trueSubGraph (Optional)
#
#if nodes haven't information set weight to null
#################################################################
SECTION1 (General Information)
numNodes = 100
numEdges = 360
usedAlgorithm = Test
dataSource = PixelData
END
#################################################################
SECTION2 (Nodes Information)
NodeID GVal1 GVal2 GVal3 GVal4 GVal5 GVal6 GVal7 GVal8 GVal9 GVal10 GVal11 GVal12 
0 9.00 6.00 6.00 12.00 8.00 10.00 10.00 11.00 9.00 4.00 11.00 14.00
1 9.00 8.00 13.00 12.00 14.00 7.00 12.00 10.00 8.00 9.00 7.00 9.00
2 13.00 5.00 10.00 9.00 13.00 7.00 12.00 7.00 11.00 12.00 11.00 13.00
3 10.00 7.00 8.00 11.00 9.00 11.00 8.00 12.00 9.00 6.00 9.00 17.00
4 12.00 10.00 7.00 17.00 8.00 16.00 4.00 12.00 5.00 8.00 13.00 16.00
5 10.00 10.00 7.00 6.00 12.00 7.00 8.00 4.00 10.00 13.00 7.00 14.00
6 8.00 14.00 14.00 11.00 11.00 9.00 14.00 13.00 6.00 6.00 11.00 14.00
7 9.00 9.00 4.00 6.00 7.00 1.00 8.00 6.00 6.00 14.00 14.00 8.00
8 11.00 9.00 8.00 15.00 13.00 22.00 12.00 7.00 12.00 7.00 10.00 11.00
9 10.00 5.00 9.00 9.00 14.00 10.00 12.00 9.00 8.00 11.00 11.00 13.00
10 5.00 10.00 14.00 11.00 10.00 12.00 11.00 15.00 12.00 7.00 8.00 14.00
11 8.00 10.00 18.00 13.00 12.00 11.00 8.00 8.00 6.00 15.00 12.00 10.00
12 8.00 9.00 3.00 9.00 9.00 5.00 9.00 9.00 12.00 8.00 5.00 8.00
13 17.00 11.00 15.00 16.00 8.00 15.00 6.00 4.00 12.00 10.00 5.00 14.00
14 13.00 10.00 7.00 8.00 13.00 8.00 16.00 8.00 12.00 14.00 6.00 4.00
15 8.00 13.00 9.00 12.00 4.00 11.00 10.00 14.00 8.00 8.00 10.00 7.00
16 14.00 8.00 14.00 11.00 9.00 4.00 9.00 12.00 14.00 7.00 8.00 11.00
17 5.00 9.00 9.00 10.00 10.00 7.00 8.00 9.00 16.00 12.00 11.00 10.00
18 10.00 8.00 10.00 15.00 12.00 8.00 16.00 12.00 7.00 11.00 13.00 14.00
19 7.00 11.00 7.00 7.00 9.00 15.00 7.00 8.00 8.00 10.00 9.00 11.00
20 12.00 9.00 12.00 6.00 7.00 13.00 13.00 9.00 11.00 11.00 8.00 11.00
21 7.00 12.00 7.00 8.00 12.00 10.00 9.00 14.00 13.00 7.00 5.00 15.00
22 4.00 10.00 8.00 10.00 8.00 5.00 8.00 5.00 6.00 3.00 14.00 11.00
23 7.00 12.00 17.00 7.00 19.00 7.00 9.00 11.00 11.00 10.00 11.00 17.00
24 7.00 11.00 13.00 6.00 9.00 6.00 11.00 9.00 13.00 10.00 7.00 8.00
25 5.00 17.00 12.00 13.00 8.00 8.00 15.00 6.00 13.00 12.00 6.00 6.00
26 8.00 3.00 10.00 13.00 11.00 7.00 9.00 10.00 9.00 10.00 10.00 9.00
27 12.00 10.00 8.00 12.00 8.00 10.00 14.00 11.00 16.00 15.00 7.00 10.00
28 15.00 7.00 12.00 11.00 11.00 10.00 10.00 12.00 10.00 13.00 12.00 13.00
29 7.00 9.00 8.00 11.00 10.00 7.00 10.00 7.00 6.00 12.00 11.00 10.00
30 9.00 6.00 7.00 6.00 9.00 14.00 8.00 10.00 11.00 11.00 6.00 5.00
31 7.00 10.00 15.00 13.00 16.00 13.00 11.00 7.00 6.00 8.00 8.00 3.00
32 11.00 7.00 11.00 5.00 11.00 11.00 16.00 12.00 13.00 6.00 6.00 7.00
33 6.00 10.00 6.00 15.00 10.00 12.00 13.00 9.00 9.00 13.00 12.00 9.00
34 5.00 11.00 6.00 11.00 10.00 10.00 13.00 5.00 9.00 14.00 12.00 9.00
35 10.00 9.00 13.00 8.00 9.00 5.00 16.00 9.00 10.00 14.00 12.00 3.00
36 14.00 10.00 12.00 8.00 17.00 6.00 8.00 14.00 11.00 10.00 10.00 10.00
37 13.00 10.00 12.00 16.00 13.00 5.00 7.00 7.00 9.00 9.00 12.00 10.00
38 15.00 16.00 9.00 11.00 11.00 8.00 8.00 6.00 11.00 7.00 6.00 7.00
39 10.00 11.00 9.00 18.00 15.00 9.00 9.00 7.00 2.00 13.00 11.00 6.00
40 7.00 16.00 7.00 8.00 10.00 8.00 8.00 9.00 11.00 9.00 11.00 8.00
41 12.00 9.00 10.00 14.00 10.00 9.00 11.00 11.00 10.00 7.00 10.00 5.00
42 8.00 12.00 7.00 13.00 6.00 9.00 8.00 7.00 12.00 13.00 4.00 9.00
43 11.00 10.00 8.00 12.00 10.00 5.00 8.00 11.00 10.00 5.00 10.00 17.00
44 6.00 13.00 9.00 10.00 7.00 7.00 10.00 8.00 17.00 14.00 8.00 7.00
45 12.00 12.00 10.00 6.00 8.00 8.00 10.00 11.00 16.00 9.00 15.00 1.00
46 15.00 10.00 11.00 11.00 12.00 12.00 6.00 8.00 10.00 10.00 10.00 7.00
47 7.00 9.00 11.00 15.00 11.00 9.00 10.00 10.00 12.00 9.00 8.00 15.00
48 13.00 9.00 14.00 8.00 8.00 12.00 11.00 8.00 7.00 10.00 16.00 8.00
49 5.00 10.00 9.00 9.00 9.00 13.00 10.00 7.00 8.00 11.00 6.00 10.00
50 9.00 7.00 12.00 20.00 7.00 10.00 7.00 13.00 5.00 14.00 9.00 14.00
51 34.50 11.00 6.00 12.00 14.00 12.00 9.00 11.00 14.00 14.00 11.00 17.00
52 39.00 9.00 10.00 5.00 8.00 18.00 6.00 4.00 10.00 9.00 9.00 7.00
53 33.00 11.00 9.00 10.00 7.00 8.00 9.00 8.00 3.00 5.00 14.00 11.00
54 21.00 12.00 10.00 7.00 12.00 8.00 6.00 12.00 7.00 13.00 12.00 14.00
55 24.00 10.00 10.00 7.00 10.00 14.00 14.00 11.00 9.00 15.00 7.00 11.00
56 7.00 11.00 18.00 10.00 5.00 9.00 9.00 11.00 12.00 10.00 9.00 12.00
57 10.00 8.00 10.00 2.00 7.00 17.00 20.00 11.00 12.00 9.00 13.00 12.00
58 10.00 12.00 14.00 20.00 12.00 8.00 12.00 9.00 14.00 9.00 9.00 10.00
59 5.00 8.00 14.00 15.00 14.00 10.00 12.00 13.00 14.00 7.00 9.00 8.00
60 8.00 7.00 7.00 9.00 13.00 10.00 10.00 10.00 13.00 16.00 9.00 14.00
61 8.00 7.00 13.00 6.00 5.00 8.00 10.00 8.00 13.00 12.00 10.00 10.00
62 10.00 5.00 10.00 13.00 15.00 16.00 11.00 14.00 7.00 5.00 6.00 12.00
63 7.00 11.00 12.00 11.00 11.00 8.00 10.00 12.00 12.00 11.00 12.00 10.00
64 17.00 10.00 10.00 16.00 9.00 8.00 10.00 14.00 5.00 10.00 10.00 11.00
65 9.00 7.00 8.00 9.00 8.00 7.00 8.00 12.00 11.00 8.00 10.00 12.00
66 10.00 17.00 11.00 11.00 16.00 6.00 7.00 11.00 13.00 11.00 13.00 12.00
67 11.00 9.00 10.00 16.00 11.00 11.00 18.00 10.00 4.00 16.00 10.00 9.00
68 13.00 2.00 12.00 12.00 6.00 10.00 8.00 13.00 16.00 4.00 8.00 6.00
69 16.00 9.00 8.00 11.00 10.00 9.00 9.00 9.00 10.00 12.00 13.00 11.00
70 10.00 15.00 11.00 7.00 9.00 4.00 11.00 12.00 9.00 9.00 9.00 10.00
71 18.00 12.00 15.00 5.00 8.00 14.00 12.00 9.00 10.00 8.00 15.00 9.00
72 7.00 9.00 11.00 6.00 10.00 5.00 12.00 11.00 9.00 8.00 7.00 12.00
73 18.00 6.00 11.00 14.00 5.00 10.00 11.00 10.00 12.00 12.00 11.00 8.00
74 10.00 9.00 11.00 10.00 9.00 5.00 13.00 16.00 6.00 20.00 15.00 7.00
75 6.00 8.00 10.00 10.00 10.00 10.00 10.00 14.00 16.00 10.00 10.00 7.00
76 11.00 12.00 8.00 8.00 10.00 10.00 12.00 11.00 12.00 13.00 10.00 11.00
77 9.00 11.00 9.00 10.00 11.00 5.00 11.00 13.00 11.00 17.00 12.00 10.00
78 11.00 16.00 11.00 6.00 19.00 6.00 6.00 19.00 6.00 5.00 14.00 12.00
79 11.00 12.00 11.00 4.00 12.00 13.00 9.00 10.00 14.00 11.00 8.00 12.00
80 11.00 7.00 11.00 13.00 11.00 10.00 8.00 13.00 12.00 10.00 7.00 8.00
81 10.00 10.00 11.00 11.00 12.00 15.00 8.00 11.00 9.00 12.00 5.00 14.00
82 9.00 9.00 4.00 7.00 13.00 10.00 9.00 9.00 15.00 9.00 11.00 8.00
83 6.00 9.00 7.00 13.00 10.00 4.00 7.00 8.00 22.00 8.00 9.00 9.00
84 7.00 9.00 12.00 10.00 3.00 12.00 9.00 6.00 10.00 15.00 16.00 8.00
85 7.00 9.00 12.00 12.00 14.00 11.00 8.00 12.00 13.00 15.00 15.00 6.00
86 6.00 8.00 14.00 8.00 11.00 4.00 6.00 10.00 15.00 10.00 13.00 15.00
87 8.00 7.00 7.00 11.00 19.00 12.00 7.00 12.00 11.00 10.00 8.00 13.00
88 8.00 10.00 10.00 12.00 10.00 10.00 17.00 15.00 10.00 9.00 16.00 13.00
89 4.00 9.00 11.00 10.00 7.00 14.00 5.00 10.00 12.00 9.00 6.00 8.00
90 11.00 11.00 14.00 13.00 8.00 6.00 14.00 12.00 6.00 10.00 9.00 6.00
91 11.00 9.00 10.00 7.00 13.00 6.00 6.00 14.00 5.00 10.00 14.00 7.00
92 10.00 13.00 8.00 14.00 9.00 12.00 5.00 7.00 16.00 12.00 8.00 11.00
93 10.00 16.00 6.00 10.00 15.00 11.00 10.00 17.00 6.00 10.00 6.00 12.00
94 12.00 12.00 8.00 5.00 6.00 6.00 10.00 12.00 12.00 11.00 13.00 12.00
95 6.00 7.00 13.00 14.00 12.00 13.00 6.00 8.00 10.00 11.00 11.00 13.00
96 11.00 6.00 7.00 12.00 10.00 10.00 12.00 9.00 8.00 8.00 8.00 8.00
97 5.00 8.00 11.00 15.00 9.00 16.00 5.00 8.00 7.00 8.00 11.00 12.00
98 12.00 10.00 10.00 9.00 17.00 8.00 9.00 11.00 3.00 6.00 6.00 11.00
99 6.00 8.00 12.00 11.00 8.00 12.00 11.00 8.00 12.00 6.00 7.00 11.00
END
#################################################################
SECTION3 (Edges Information)
EndPoint0 EndPoint1 Weight
0 1 1.00
0 10 1.00
1 0 1.00
1 2 1.00
1 11 1.00
2 1 1.00
2 3 1.00
2 12 1.00
3 2 1.00
3 4 1.00
3 13 1.00
4 3 1.00
4 5 1.00
4 14 1.00
5 4 1.00
5 6 1.00
5 15 1.00
6 5 1.00
6 7 1.00
6 16 1.00
7 6 1.00
7 8 1.00
7 17 1.00
8 7 1.00
8 9 1.00
8 18 1.00
9 8 1.00
9 19 1.00
10 0 1.00
10 11 1.00
10 20 1.00
11 1 1.00
11 10 1.00
11 12 1.00
11 21 1.00
12 2 1.00
12 11 1.00
12 13 1.00
12 22 1.00
13 3 1.00
13 12 1.00
13 14 1.00
13 23 1.00
14 4 1.00
14 13 1.00
14 15 1.00
14 24 1.00
15 5 1.00
15 14 1.00
15 16 1.00
15 25 1.00
16 6 1.00
16 15 1.00
16 17 1.00
16 26 1.00
17 7 1.00
17 16 1.00
17 18 1.00
17 27 1.00
18 8 1.00
18 17 1.00
18 19 1.00
18 28 1.00
19 9 1.00
19 18 1.00
19 29 1.00
20 10 1.00
20 21 1.00
20 30 1.00
21 11 1.00
21 20 1.00
21 22 1.00
21 31 1.00
22 12 1.00
22 21 1.00
22 23 1.00
22 32 1.00
23 13 1.00
23 22 1.00
23 24 1.00
23 33 1.00
24 14 1.00
24 23 1.00
24 25 1.00
24 34 1.00
25 15 1.00
25 24 1.00
25 26 1.00
25 35 1.00
26 16 1.00
26 25 1.00
26 27 1.00
26 36 1.00
27 17 1.00
27 26 1.00
27 28 1.00
27 37 1.00
28 18 1.00
28 27 1.00
28 29 1.00
28 38 1.00
29 19 1.00
29 28 1.00
29 39 1.00
30 20 1.00
30 31 1.00
30 40 1.00
31 21 1.00
31 30 1.00
31 32 1.00
31 41 1.00
32 22 1.00
32 31 1.00
32 33 1.00
32 42 1.00
33 23 1.00
33 32 1.00
33 34 1.00
33 43 1.00
34 24 1.00
34 33 1.00
34 35 1.00
34 44 1.00
35 25 1.00
35 34 1.00
35 36 1.00
35 45 1.00
36 26 1.00
36 35 1.00
36 37 1.00
36 46 1.00
37 27 1.00
37 36 1.00
37 38 1.00
37 47 1.00
38 28 1.00
38 37 1.00
38 39 1.00
38 48 1.00
39 29 1.00
39 38 1.00
39 49 1.00
40 30 1.00
40 41 1.00
40 50 1.00
41 31 1.00
41 40 1.00
41 42 1.00
41 51 1.00
42 32 1.00
42 41 1.00
42 43 1.00
42 52 1.00
43 33 1.00
43 42 1.00
43 44 1.00
43 53 1.00
44 34 1.00
44 43 1.00
44 45 1.00
44 54 1.00
45 35 1.00
45 44 1.00
45 46 1.00
45 55 1.00
46 36 1.00
46 45 1.00
46 47 1.00
46 56 1.00
47 37 1.00
47 46 1.00
47 48 1.00
47 57 1.00
48 38 1.00
48 47 1.00
48 49 1.00
48 58 1.00
49 39 1.00
49 48 1.00
49 59 1.00
50 40 1.00
50 51 1.00
50 60 1.00
51 41 1.00
51 50 1.00
51 52 1.00
51 61 1.00
52 42 1.00
52 51 1.00
52 53 1.00
52 62 1.00
53 43 1.00
53 52 1.00
53 54 1.00
53 63 1.00
54 44 1.00
54 53 1.00
54 55 1.00
54 64 1.00
55 45 1.00
55 54 1.00
55 56 1.00
55 65 1.00
56 46 1.00
56 55 1.00
56 57 1.00
56 66 1.00
57 47 1.00
57 56 1.00
57 58 1.00
57 67 1.00
58 48 1.00
58 57 1.00
58 59 1.00
58 68 1.00
59 49 1.00
59 58 1.00
59 69 1.00
60 50 1.00
60 61 1.00
60 70 1.00
61 51 1.00
61 60 1.00
61 62 1.00
61 71 1.00
62 52 1.00
62 61 1.00
62 63 1.00
62 72 1.00
63 53 1.00
63 62 1.00
63 64 1.00
63 73 1.00
64 54 1.00
64 63 1.00
64 65 1.00
64 74 1.00
65 55 1.00
65 64 1.00
65 66 1.00
65 75 1.00
66 56 1.00
66 65 1.00
66 67 1.00
66 76 1.00
67 57 1.00
67 66 1.00
67 68 1.00
67 77 1.00
68 58 1.00
68 67 1.00
68 69 1.00
68 78 1.00
69 59 1.00
69 68 1.00
69 79 1.00
70 60 1.00
70 71 1.00
70 80 1.00
71 61 1.00
71 70 1.00
71 72 1.00
71 81 1.00
72 62 1.00
72 71 1.00
72 73 1.00
72 82 1.00
73 63 1.00
73 72 1.00
73 74 1.00
73 83 1.00
74 64 1.00
74 73 1.00
74 75 1.00
74 84 1.00
75 65 1.00
75 74 1.00
75 76 1.00
75 85 1.00
76 66 1.00
76 75 1.00
76 77 1.00
76 86 1.00
77 67 1.00
77 76 1.00
77 78 1.00
77 87 1.00
78 68 1.00
78 77 1.00
78 79 1.00
78 88 1.00
79 69 1.00
79 78 1.00
79 89 1.00
80 70 1.00
80 81 1.00
80 90 1.00
81 71 1.00
81 80 1.00
81 82 1.00
81 91 1.00
82 72 1.00
82 81 1.00
82 83 1.00
82 92 1.00
83 73 1.00
83 82 1.00
83 84 1.00
83 93 1.00
84 74 1.00
84 83 1.00
84 85 1.00
84 94 1.00
85 75 1.00
85 84 1.00
85 86 1.00
85 95 1.00
86 76 1.00
86 85 1.00
86 87 1.00
86 96 1.00
87 77 1.00
87 86 1.00
87 88 1.00
87 97 1.00
88 78 1.00
88 87 1.00
88 89 1.00
88 98 1.00
89 79 1.00
89 88 1.00
89 99 1.00
90 80 1.00
90 91 1.00
91 81 1.00
91 90 1.00
91 92 1.00
92 82 1.00
92 91 1.00
92 93 1.00
93 83 1.00
93 92 1.00
93 94 1.00
94 84 1.00
94 93 1.00
94 95 1.00
95 85 1.00
95 94 1.00
95 96 1.00
96 86 1.00
96 95 1.00
96 97 1.00
97 87 1.00
97 96 1.00
97 98 1.00
98 88 1.00
98 97 1.00
98 99 1.00
99 89 1.00
99 98 1.00
END
#################################################################
SECTION4 (TrueSubGraph Information)
EndPoint0 EndPoint1 Weight
55 54 1.0
54 53 1.0
53 52 1.0
52 51 1.0
END
#################################################################
