#################################################################
#APDM Input Graph, this input graph includes 3 sections:
#section1 : general information
#section2 : nodes
#section3 : edges
#section4 : trueSubGraph (Optional)
#
#if nodes haven't information set weight to null
#################################################################
SECTION1 (General Information)
numNodes = 25
numEdges = 80
usedAlgorithm = Test
dataSource = PixelData
END
#################################################################
SECTION2 (Nodes Information)
NodeID GVal1 GVal2 GVal3 GVal4 GVal5 GVal6 GVal7 GVal8 GVal9 GVal10 GVal11 GVal12 
0 339.00 3.00 10.00 9.00 15.00 7.00 5.00 13.00 12.00 7.00 15.00 9.00
1 318.00 6.00 2.00 10.00 14.00 11.00 4.00 4.00 10.00 7.00 8.00 16.00
2 337.50 6.00 13.00 8.00 16.00 12.00 9.00 11.00 14.00 9.00 10.00 10.00
3 334.50 9.00 17.00 9.00 8.00 16.00 10.00 13.00 6.00 7.00 13.00 4.00
4 321.00 8.00 10.00 16.00 7.00 11.00 11.00 9.00 9.00 7.00 18.00 9.00
5 13.00 8.00 11.00 11.00 9.00 8.00 8.00 8.00 13.00 9.00 6.00 3.00
6 9.00 8.00 5.00 14.00 9.00 16.00 15.00 8.00 9.00 5.00 7.00 16.00
7 10.00 11.00 8.00 11.00 5.00 6.00 10.00 10.00 7.00 9.00 16.00 9.00
8 10.00 8.00 11.00 15.00 8.00 9.00 14.00 5.00 10.00 9.00 14.00 11.00
9 5.00 11.00 11.00 8.00 7.00 19.00 14.00 14.00 9.00 7.00 13.00 15.00
10 5.00 8.00 8.00 10.00 14.00 10.00 8.00 14.00 18.00 9.00 15.00 13.00
11 9.00 14.00 5.00 3.00 12.00 9.00 14.00 10.00 6.00 10.00 5.00 8.00
12 12.00 9.00 4.00 8.00 8.00 9.00 10.00 10.00 7.00 9.00 7.00 10.00
13 9.00 9.00 7.00 6.00 17.00 12.00 8.00 7.00 13.00 5.00 10.00 11.00
14 12.00 11.00 7.00 10.00 6.00 12.00 6.00 9.00 9.00 13.00 8.00 4.00
15 14.00 8.00 10.00 10.00 12.00 9.00 12.00 15.00 11.00 7.00 14.00 10.00
16 11.00 7.00 11.00 11.00 7.00 11.00 15.00 18.00 11.00 9.00 17.00 11.00
17 11.00 6.00 11.00 11.00 10.00 5.00 10.00 9.00 10.00 9.00 12.00 10.00
18 10.00 11.00 12.00 16.00 13.00 4.00 13.00 8.00 15.00 9.00 3.00 14.00
19 13.00 10.00 8.00 17.00 6.00 15.00 15.00 11.00 13.00 9.00 11.00 13.00
20 12.00 13.00 11.00 11.00 7.00 9.00 4.00 8.00 6.00 10.00 10.00 15.00
21 16.00 10.00 7.00 9.00 9.00 14.00 6.00 7.00 13.00 12.00 11.00 11.00
22 12.00 16.00 6.00 9.00 10.00 8.00 10.00 7.00 11.00 10.00 11.00 7.00
23 7.00 8.00 10.00 4.00 13.00 15.00 19.00 6.00 8.00 11.00 8.00 12.00
24 11.00 10.00 9.00 4.00 12.00 14.00 10.00 16.00 9.00 6.00 14.00 12.00
END
#################################################################
SECTION3 (Edges Information)
EndPoint0 EndPoint1 Weight
0 1 1.00
0 5 1.00
1 0 1.00
1 2 1.00
1 6 1.00
2 1 1.00
2 3 1.00
2 7 1.00
3 2 1.00
3 4 1.00
3 8 1.00
4 3 1.00
4 9 1.00
5 0 1.00
5 6 1.00
5 10 1.00
6 1 1.00
6 5 1.00
6 7 1.00
6 11 1.00
7 2 1.00
7 6 1.00
7 8 1.00
7 12 1.00
8 3 1.00
8 7 1.00
8 9 1.00
8 13 1.00
9 4 1.00
9 8 1.00
9 14 1.00
10 5 1.00
10 11 1.00
10 15 1.00
11 6 1.00
11 10 1.00
11 12 1.00
11 16 1.00
12 7 1.00
12 11 1.00
12 13 1.00
12 17 1.00
13 8 1.00
13 12 1.00
13 14 1.00
13 18 1.00
14 9 1.00
14 13 1.00
14 19 1.00
15 10 1.00
15 16 1.00
15 20 1.00
16 11 1.00
16 15 1.00
16 17 1.00
16 21 1.00
17 12 1.00
17 16 1.00
17 18 1.00
17 22 1.00
18 13 1.00
18 17 1.00
18 19 1.00
18 23 1.00
19 14 1.00
19 18 1.00
19 24 1.00
20 15 1.00
20 21 1.00
21 16 1.00
21 20 1.00
21 22 1.00
22 17 1.00
22 21 1.00
22 23 1.00
23 18 1.00
23 22 1.00
23 24 1.00
24 19 1.00
24 23 1.00
END
#################################################################
SECTION4 (TrueSubGraph Information)
EndPoint0 EndPoint1 Weight
4 3 1.0
3 2 1.0
2 1 1.0
1 0 1.0
END
#################################################################
