#################################################################
#APDM Input Graph, this input graph includes 3 sections:
#section1 : general information
#section2 : nodes
#section3 : edges
#section4 : trueSubGraph (Optional)
#
#if nodes haven't information set weight to null
#################################################################
SECTION1 (General Information)
numNodes = 25
numEdges = 80
usedAlgorithm = Test
dataSource = PixelData
END
#################################################################
SECTION2 (Nodes Information)
NodeID GVal1 GVal2 GVal3 GVal4 GVal5 GVal6 GVal7 GVal8 GVal9 GVal10 GVal11 GVal12 
0 342.00 12.00 15.00 9.00 9.00 6.00 7.00 11.00 7.00 5.00 11.00 10.00
1 328.50 8.00 15.00 13.00 7.00 7.00 8.00 9.00 10.00 9.00 5.00 8.00
2 285.00 7.00 9.00 6.00 10.00 12.00 10.00 14.00 10.00 10.00 10.00 7.00
3 289.50 12.00 12.00 10.00 15.00 15.00 10.00 14.00 13.00 9.00 3.00 16.00
4 292.50 4.00 13.00 7.00 6.00 9.00 13.00 8.00 12.00 11.00 14.00 13.00
5 294.00 11.00 12.00 10.00 4.00 7.00 7.00 12.00 14.00 8.00 6.00 12.00
6 10.00 4.00 8.00 9.00 14.00 13.00 9.00 5.00 5.00 9.00 10.00 7.00
7 6.00 7.00 7.00 8.00 12.00 12.00 15.00 10.00 11.00 10.00 10.00 6.00
8 8.00 9.00 9.00 11.00 13.00 12.00 7.00 8.00 13.00 5.00 6.00 12.00
9 10.00 12.00 12.00 9.00 17.00 10.00 12.00 5.00 8.00 17.00 12.00 9.00
10 4.00 10.00 6.00 10.00 9.00 8.00 6.00 4.00 11.00 12.00 3.00 7.00
11 19.00 10.00 8.00 12.00 4.00 16.00 13.00 8.00 10.00 9.00 9.00 3.00
12 6.00 6.00 14.00 19.00 11.00 7.00 5.00 7.00 9.00 11.00 3.00 11.00
13 11.00 8.00 10.00 5.00 6.00 16.00 11.00 12.00 18.00 6.00 6.00 14.00
14 8.00 7.00 11.00 8.00 11.00 12.00 11.00 10.00 7.00 7.00 25.00 6.00
15 10.00 7.00 5.00 9.00 14.00 13.00 15.00 10.00 13.00 8.00 13.00 16.00
16 17.00 9.00 8.00 9.00 13.00 15.00 7.00 6.00 14.00 7.00 10.00 7.00
17 11.00 4.00 15.00 13.00 12.00 13.00 5.00 9.00 8.00 13.00 10.00 7.00
18 9.00 5.00 9.00 8.00 11.00 7.00 8.00 10.00 17.00 10.00 7.00 8.00
19 8.00 9.00 10.00 10.00 10.00 7.00 11.00 12.00 6.00 7.00 8.00 8.00
20 18.00 10.00 9.00 14.00 16.00 10.00 12.00 13.00 13.00 11.00 13.00 11.00
21 3.00 5.00 13.00 8.00 8.00 13.00 6.00 11.00 7.00 10.00 10.00 14.00
22 8.00 7.00 11.00 11.00 12.00 9.00 11.00 10.00 4.00 9.00 10.00 8.00
23 8.00 9.00 8.00 8.00 9.00 7.00 12.00 8.00 13.00 6.00 13.00 6.00
24 12.00 10.00 13.00 13.00 12.00 10.00 9.00 12.00 6.00 9.00 7.00 14.00
END
#################################################################
SECTION3 (Edges Information)
EndPoint0 EndPoint1 Weight
0 1 1.00
0 5 1.00
1 0 1.00
1 2 1.00
1 6 1.00
2 1 1.00
2 3 1.00
2 7 1.00
3 2 1.00
3 4 1.00
3 8 1.00
4 3 1.00
4 9 1.00
5 0 1.00
5 6 1.00
5 10 1.00
6 1 1.00
6 5 1.00
6 7 1.00
6 11 1.00
7 2 1.00
7 6 1.00
7 8 1.00
7 12 1.00
8 3 1.00
8 7 1.00
8 9 1.00
8 13 1.00
9 4 1.00
9 8 1.00
9 14 1.00
10 5 1.00
10 11 1.00
10 15 1.00
11 6 1.00
11 10 1.00
11 12 1.00
11 16 1.00
12 7 1.00
12 11 1.00
12 13 1.00
12 17 1.00
13 8 1.00
13 12 1.00
13 14 1.00
13 18 1.00
14 9 1.00
14 13 1.00
14 19 1.00
15 10 1.00
15 16 1.00
15 20 1.00
16 11 1.00
16 15 1.00
16 17 1.00
16 21 1.00
17 12 1.00
17 16 1.00
17 18 1.00
17 22 1.00
18 13 1.00
18 17 1.00
18 19 1.00
18 23 1.00
19 14 1.00
19 18 1.00
19 24 1.00
20 15 1.00
20 21 1.00
21 16 1.00
21 20 1.00
21 22 1.00
22 17 1.00
22 21 1.00
22 23 1.00
23 18 1.00
23 22 1.00
23 24 1.00
24 19 1.00
24 23 1.00
END
#################################################################
SECTION4 (TrueSubGraph Information)
EndPoint0 EndPoint1 Weight
0 5 1.0
4 3 1.0
3 2 1.0
2 1 1.0
1 0 1.0
END
#################################################################
