
------------------------------ test starts ------------------------------ 
s**********************************************: 2
Current result: {431,432,433,465,466,467}
Current function value: 6.839749876514627E7
s**********************************************: 3
Current result: {548,578,579,580,581,610}
Current function value: 7.242290173740572E7
s**********************************************: 4
Current result: {641,642,643,673,674,704,705,736,768}
Current function value: 7.303859217739958E7
s**********************************************: 5
Current result: {435,436,437,469}
Current function value: 6.987152942264307E7
s**********************************************: 6
Current result: {398,405,430,431,436,437,463,464,465,466,467,468}
Current function value: 6.566695626667424E7
s**********************************************: 7
Current result: {268,269,270,302,334,366,398,399,400,401,402,403,435,467,468,469,500}
Current function value: 6.6266388077418044E7
s**********************************************: 8
Current result: {268,269,270,271,272,273,274,306,338,368,369,370,400,430,431,432,433,434,435,467,468,469}
Current function value: 6.605232757163083E7
s**********************************************: 9
Current result: {362,394,404,405,426,430,431,432,433,434,435,436,458,462,468,469,490,491,492,493,494,522,554}
Current function value: 6.53542951169242E7
s**********************************************: 10
Current result: {234,235,236,237,238,239,240,241,242,243,244,245,266,277,298,309,310,311,343,375,405,406,407,431,432,433,434,435,436,437,463,467,468,494,495,500,524,525,526,556,582,583,584,585,586,587,588,609,613,614,641,644,645,673,674,675,676}
Current function value: 6.656433644651362E7
s**********************************************: 11
Current result: {504,505,537,569,570,602,634,666,667,699,700,732,764,765,797,798,799,831,863,895,927,959}
Current function value: 6.958996871033776E7
s**********************************************: 12
Current result: {209,240,241,272,304,305,306,307,339,340,371,399,400,401,402,403,404,430,431,436,437,463,469,501,533,534,535,536,537}
Current function value: 6.6575488201533236E7
s**********************************************: 13
Current result: {234,266,267,299,329,330,331,362,394,395,398,399,400,401,402,403,404,405,427,428,429,430,437,462,469}
Current function value: 6.6390163958290204E7
s**********************************************: 14
Current result: {298,299,331,363,364,365,366,398,430,431,462,463,464,465,466,467,468,494,499,500,522,523,524,525,526,554,555,586,587,615,616,617,618,645,646,647}
Current function value: 6.54942330325452E7
s**********************************************: 15
Current result: {267,299,300,332,364,396,397,400,401,429,430,431,432,464,467,469,496,497,498,499,500,501,531,532,564,565,566,567,568,600,601}
Current function value: 6.6273224462078914E7
sRESULT**********************************************: 
result subgraph is: [362, 394, 404, 405, 426, 430, 431, 432, 433, 434, 435, 436, 458, 462, 468, 469, 490, 491, 492, 493, 494, 522, 554]
------------------------------ test ends --------------------------------
