
------------------------------ test starts ------------------------------ 
s**********************************************: 2
Current result: {741,742,769,770,771,772,773}
Current function value: 7.30761184094951E7
s**********************************************: 3
Current result: {641,673,705,736,737,768}
Current function value: 7.152260616811138E7
s**********************************************: 4
Current result: {707,708,709,710,739,740,741,770,771}
Current function value: 7.343062052017878E7
s**********************************************: 5
Current result: {600,601,631,632,633,663}
Current function value: 7.059893683255601E7
s**********************************************: 6
Current result: {585,617,649,674,675,676,680,681,706,708,709,710,711,712,740,772,804,835,836,867}
Current function value: 7.097123201052035E7
s**********************************************: 7
Current result: {585,586,616,617,646,647,648,678,709,710,741,773}
Current function value: 7.175508403955404E7
s**********************************************: 8
Current result: {486,487,519,551,583,615,647,677,678,679,709,741,771,772,773,803}
Current function value: 7.241997826871791E7
s**********************************************: 9
Current result: {208,209,240,264,265,266,267,268,269,270,271,272,296,327,328,360,392,424,456,457,489,521,553,554,582,583,584,585,614,642,643,644,645,646,674,706,738}
Current function value: 7.021653804329368E7
s**********************************************: 10
Current result: {393,394,395,396,428,459,460,490,491,521,522,553,585,615,616,617,647,679,707,708,709,710,711}
Current function value: 7.028718327174532E7
s**********************************************: 11
Current result: {237,238,239,268,269,294,295,300,326,327,328,329,330,331,332,358,390,422,454,485,486,517,549,581,613,645,673,674,675,676,677,678,679,705,711,737,738,743,769,770,801}
Current function value: 6.823671703263617E7
s**********************************************: 12
Current result: {237,269,301,333,364,365,397,425,426,427,428,429,430,431,432,433,434,435,436,437,438,439,457,489,521,553,585,616,617,648,674,675,679,680,707,711,739,740,741,742,743,771,803}
Current function value: 6.659064687040536E7
s**********************************************: 13
Current result: {303,304,335,367,396,397,398,399,428,431,460,492,521,522,523,524,553,585,586,616,617,647,648,679,706,707,708,709,710,711,738,770,771}
Current function value: 6.76157242380679E7
s**********************************************: 14
Current result: {201,202,203,204,205,233,265,297,327,328,329,359,391,423,455,487,519,551,552,580,581,582,583,584,585,612,644,676,707,708,739,769,771,801,802,803,834,866,867}
Current function value: 6.905225651899093E7
s**********************************************: 15
Current result: {267,268,300,304,305,306,307,308,332,333,334,335,336,340,341,364,373,396,405,428,437,460,492,524,552,553,554,555,556,583,584,613,614,615,645,677,709,741,773}
Current function value: 6.633839648712802E7
sRESULT**********************************************: 
result subgraph is: [267, 268, 300, 304, 305, 306, 307, 308, 332, 333, 334, 335, 336, 340, 341, 364, 373, 396, 405, 428, 437, 460, 492, 524, 552, 553, 554, 555, 556, 583, 584, 613, 614, 615, 645, 677, 709, 741, 773]
------------------------------ test ends --------------------------------
