
------------------------------ test starts ------------------------------ 
s**********************************************: 2
Current result: {204,205,237,238}
Current function value: 7.345343309992704E7
s**********************************************: 3
Current result: {203,204,234,235,236}
Current function value: 7.356105184265918E7
s**********************************************: 4
Current result: {172,202,203,204,234,266,267,299,300,301}
Current function value: 7.356200159659632E7
s**********************************************: 5
Current result: {203,235,267,268,269,299,331,363,394,395,426}
Current function value: 6.874949870244335E7
s**********************************************: 6
Current result: {426,458,459,490,522,554,585,586,612,613,614,615,616,617,643,644,675,707,739,769,770,771}
Current function value: 6.738235497976042E7
s**********************************************: 7
Current result: {643,673,674,675,705,706,707,737,739,770,771}
Current function value: 7.102729951978655E7
s**********************************************: 8
Current result: {171,172,202,203,234,266,298,330,362,392,394,424,425,426,427,459}
Current function value: 6.716008802105746E7
s**********************************************: 9
Current result: {172,173,174,203,204,206,207,234,235,266,267,299,331,362,363,394,426}
Current function value: 7.034889733610563E7
s**********************************************: 10
Current result: {204,232,233,234,235,236,264,267,294,295,296,326,358,390,391,392,393,423,425,426,458,459,491}
Current function value: 6.574397115007012E7
s**********************************************: 11
Current result: {172,173,202,203,204,205,236,267,268,296,297,298,299,330,362,392,393,394,424}
Current function value: 7.096134000717705E7
s**********************************************: 12
Current result: {265,296,297,298,299,328,331,363,395,427,459,487,488,489,490,491,519,551,582,583,614,644,645,646,675,676}
Current function value: 6.653255252088044E7
s**********************************************: 13
Current result: {234,266,298,330,362,394,426,427,428,429,430,431,432,456,457,458,464,465,466,487,488,498,519,530,551,562,594,595,596,597,598,599,600,601,602,603,604,636,668,700,732,764,796,797,798,829,861,893}
Current function value: 6.655757558098367E7
s**********************************************: 14
Current result: {172,173,204,236,268,300,332,333,364,394,395,396,424,425,426,456,488,519,520,550,551,583,584,585,615,617,643,644,645,646,647,675,707,739,771,803}
Current function value: 6.605818874686235E7
s**********************************************: 15
Current result: {173,205,206,207,235,239,240,241,266,267,271,273,294,296,297,298,299,300,301,302,303,326,327,328,330,362,394,426,458,459,491}
Current function value: 6.593079158327381E7
sRESULT**********************************************: 
result subgraph is: [204, 232, 233, 234, 235, 236, 264, 267, 294, 295, 296, 326, 358, 390, 391, 392, 393, 423, 425, 426, 458, 459, 491]
------------------------------ test ends --------------------------------
