
------------------------------ test starts ------------------------------ 
s**********************************************: 2
Current result: {585}
Current function value: 7.334698437777454E7
s**********************************************: 3
Current result: {610,642,674,706,738,770,802,834,866,898}
Current function value: 7.273727205302697E7
s**********************************************: 4
Current result: {504,536,568}
Current function value: 7.335284385746919E7
s**********************************************: 5
Current result: {328,360,392,393,397,425,429,430,431,432,433,457,460,461,489,490,491,492}
Current function value: 6.608896462255403E7
s**********************************************: 6
Current result: {244,276,305,306,307,308,309,337,369,401,433,460,461,462,463,464,465}
Current function value: 6.671361708379583E7
s**********************************************: 7
Current result: {427,428,429,430,431,432,433,434,435,436,437,458,459,469,501,533,565,566,567,599,631,632,633,665,697,698,730,731,732,764,765,766,798,830,831,863,895,927}
Current function value: 6.752008502894124E7
s**********************************************: 8
Current result: {405,437,469,501,533,534,535,567,568,569,601,633,665,697,698,699,700,701,702}
Current function value: 7.127662115394172E7
s**********************************************: 9
Current result: {425,426,427,457,459,488,489,513,514,515,516,517,518,519,520}
Current function value: 6.999160902984539E7
s**********************************************: 10
Current result: {143,144,145,173,174,175,177,198,199,200,201,202,203,204,205,209,210,211,229,230,243,244,276,308,340,372,373,405,437}
Current function value: 6.986609028376761E7
s**********************************************: 11
Current result: {73,74,75,105,107,110,111,112,113,114,115,137,139,140,141,142,147,169,179,199,200,201,211,231,243,263,295,327}
Current function value: 6.87730783399916E7
s**********************************************: 12
Current result: {193,194,195,196,197,198,230,231,232,264,265,297,304,305,306,307,308,329,335,336,361,363,364,365,366,367,393,394,395,425,427,459,460,461}
Current function value: 6.788760927136552E7
s**********************************************: 13
Current result: {361,393,394,395,396,428,430,431,432,433,434,460,461,462,466,498,499,531,532,533,534,535,536,537,538,539,540,564,572,573,574,575,607}
Current function value: 6.5631364302427225E7
s**********************************************: 14
Current result: {233,237,265,269,296,297,298,299,300,301,328,331,363,364,396,397,398,399,400,401,402,403,404,405,429,437,461,469}
Current function value: 6.530185345522381E7
s**********************************************: 15
Current result: {111,112,113,114,146,178,210,242,243,275,307,308,340,372,404,435,436,437,460,461,462,463,464,465,466,467,492,523,524,555,586,587,611,612,613,614,615,616,617,618,643,675,707,738,739,768,769,770,800}
Current function value: 6.640882957597406E7
sRESULT**********************************************: 
result subgraph is: [233, 237, 265, 269, 296, 297, 298, 299, 300, 301, 328, 331, 363, 364, 396, 397, 398, 399, 400, 401, 402, 403, 404, 405, 429, 437, 461, 469]
------------------------------ test ends --------------------------------
