
------------------------------ test starts ------------------------------ 
s**********************************************: 2
Current result: {394,423,424,425,426}
Current function value: 6.869938094939965E7
s**********************************************: 3
Current result: {454,455,456,457,458,486,518,550,582}
Current function value: 6.933808904934551E7
s**********************************************: 4
Current result: {176,177,208,234,235,236,237,238,239,240}
Current function value: 7.27523546413536E7
s**********************************************: 5
Current result: {767,799,829,831,861,862,863,895,927,958,959}
Current function value: 6.971157225365996E7
s**********************************************: 6
Current result: {271,303,335,367,399,431,432,464,465,497,498,530,562}
Current function value: 7.203808258454312E7
s**********************************************: 7
Current result: {237,238,270,271,303,335,338,367,368,369,370}
Current function value: 7.172777461207885E7
s**********************************************: 8
Current result: {426,455,457,458,487,488,489,519,551,579,580,581,582,583,611,643,675,706,707,737,738,769}
Current function value: 6.778027391350152E7
s**********************************************: 9
Current result: {394,425,426,457,489,490,521,553,581,582,583,585,613,615,616,617,642,643,644,645,673,674}
Current function value: 6.633305381064614E7
s**********************************************: 10
Current result: {327,359,366,367,368,369,391,396,397,398,401,402,422,423,424,425,426,427,428,434,435,436,454,467,499,531,563,594,595,626}
Current function value: 6.685090514637658E7
s**********************************************: 11
Current result: {234,235,236,266,298,330,362,394,423,424,425,426,455,458,487,519,546,547,548,549,550,551,577,578,608,609,640,672}
Current function value: 6.5765530767838165E7
s**********************************************: 12
Current result: {170,171,203,204,236,237,238,270,271,302,303,330,331,332,333,334,362,392,393,394,421,422,423,424,453,483,484,485,514,515,546,578,610,642,643,675,707,739,771,803,835}
Current function value: 6.772297410965115E7
s**********************************************: 13
Current result: {172,204,206,233,234,235,236,238,263,264,265,268,269,270,271,295,303,327,335,336,337,359,368,391,423,455}
Current function value: 6.916368392403606E7
s**********************************************: 14
Current result: {271,295,296,297,298,299,300,301,302,303,326,327,335,336,337,358,369,370,371,390,403,420,421,422,435,452,467,484,499,516,531,547,548,579,611,643,675,705,706,707,737,769}
Current function value: 6.758948821819258E7
s**********************************************: 15
Current result: {337,338,339,369,399,400,401,423,424,425,426,427,428,429,430,431,433,434,455,458,466,467,468,488,489,490,500,501,520,533,534,535,536,537,538,552,570,584,585,602,634,666,667,668,669,670,671,702,703,734,766,797,798,830,862,894,895,927,958,959}
Current function value: 6.6031411644997545E7
sRESULT**********************************************: 
result subgraph is: [234, 235, 236, 266, 298, 330, 362, 394, 423, 424, 425, 426, 455, 458, 487, 519, 546, 547, 548, 549, 550, 551, 577, 578, 608, 609, 640, 672]
------------------------------ test ends --------------------------------
