
------------------------------ test starts ------------------------------ 
s**********************************************: 2
Current result: {467,468,498,499}
Current function value: 6.6911455147374265E7
s**********************************************: 3
Current result: {467,468,469,470,471,472,473,474,506,538,570,602}
Current function value: 7.166497568364833E7
s**********************************************: 4
Current result: {404,405,436,467,468,499}
Current function value: 6.928833077053444E7
s**********************************************: 5
Current result: {235,236,237,267,299,330,331,362}
Current function value: 7.275597789946401E7
s**********************************************: 6
Current result: {505,537,569,601,633,634,635,636,637,638,639,671}
Current function value: 7.124522277142401E7
s**********************************************: 7
Current result: {176,177,205,206,207,208,209,235,236,237,241,266,267,273,274,275,298,307,339,371,403,435,466,467,499,500,501,502,534,535,536,537,569,601,633}
Current function value: 6.6267122986134626E7
s**********************************************: 8
Current result: {330,362,372,394,404,426,427,436,437,459,460,461,462,463,464,465,466,467,468}
Current function value: 6.52497214130677E7
s**********************************************: 9
Current result: {234,266,298,330,362,394,395,396,397,426,429,458,461,490,522,554,586}
Current function value: 6.71648594547976E7
s**********************************************: 10
Current result: {467,498,499,500,501,502,503,504,505,532,537,569,600,601,633,634,635}
Current function value: 6.818799990433064E7
s**********************************************: 11
Current result: {209,210,242,274,306,338,339,340,372,397,404,429,436,461,462,463,464,465,466,468,498,499,500,501}
Current function value: 6.552683962310175E7
s**********************************************: 12
Current result: {179,207,208,209,210,211,238,239,267,268,269,270,299,331,363,395,396,397,398,430,431,432,433,462}
Current function value: 6.674668858190662E7
s**********************************************: 13
Current result: {397,398,399,400,429,432,433,461,465,466,469,498,499,500,501,502,503,504,536,537,569,570,571,572,573,574,606,638,670,702,734,766,767,799,831}
Current function value: 6.560523114483095E7
s**********************************************: 14
Current result: {405,428,429,430,431,432,433,434,435,436,437,459,460,468,491,500,523,552,553,554,555,584,586,618,650}
Current function value: 6.5742684176151305E7
s**********************************************: 15
Current result: {204,205,206,207,208,236,267,268,299,329,330,331,363,364,365,397,403,404,405,429,435,460,461,462,463,464,467,491,492,496,497,498,499,523,555,576,577,578,585,586,587,610,617,642,649,674,675,676,677,678,679,680,681}
Current function value: 6.552787735254492E7
sRESULT**********************************************: 
result subgraph is: [330, 362, 372, 394, 404, 426, 427, 436, 437, 459, 460, 461, 462, 463, 464, 465, 466, 467, 468]
------------------------------ test ends --------------------------------
