
------------------------------ test starts ------------------------------ 
s**********************************************: 2
Current result: {212,244,276,308}
Current function value: 7.224137982069734E7
s**********************************************: 3
Current result: {612,644,674,675,676}
Current function value: 7.258120149295165E7
s**********************************************: 4
Current result: {582,583,584,612,613,614,644,676}
Current function value: 7.262650103318885E7
s**********************************************: 5
Current result: {555,586,587,616,617,618}
Current function value: 7.276400208244678E7
s**********************************************: 6
Current result: {274,275,307,308,340,372,373,405,437,469,470,502,534}
Current function value: 7.15373482488167E7
s**********************************************: 7
Current result: {609,610,611,642,674,705,706,737,768,769,801,833,865,897,928,929}
Current function value: 7.070855483439444E7
s**********************************************: 8
Current result: {270,271,272,273,274,275,301,302,307,333,339,362,363,364,365,371,395,403,435,467,499,531,536,537,538,539,563,568,571,595,596,597,598,599,600,603,635,667,699,731,763,764,765,766,798,799,830,862,894,895,927,959}
Current function value: 6.753681742161365E7
s**********************************************: 9
Current result: {516,517,547,548,549,550,551,552,553,554,555,582,587,588,614}
Current function value: 6.867790975219062E7
s**********************************************: 10
Current result: {265,266,267,268,269,270,275,276,277,296,297,302,303,304,305,306,307,328,360,392,424,456,488,520,552,584,615,616,617,649,650}
Current function value: 6.6595351726656914E7
s**********************************************: 11
Current result: {271,272,273,274,275,299,300,301,302,303,307,308,331,363,395,427,459,491,523,555,581,582,583,584,586,587,616,617,618,650,682,714}
Current function value: 6.720626589408612E7
s**********************************************: 12
Current result: {324,325,326,327,328,329,330,331,356,388,420,452,484,516,548,580,611,612,644,676,708,709,741,773}
Current function value: 7.098686958271922E7
s**********************************************: 13
Current result: {205,235,236,237,267,299,331,363,395,426,427,458,490,522,552,553,554,584,615,616,643,644,645,646,647,675,707,739,771}
Current function value: 6.8167414628624E7
s**********************************************: 14
Current result: {144,145,176,177,205,206,207,208,209,235,236,237,241,267,273,274,275,299,307,308,331,363,395,427,459,460,492,524,556,586,587,588,615,616,617,618}
Current function value: 6.649815099186345E7
s**********************************************: 15
Current result: {270,299,300,301,302,331,363,395,427,459,491,523,551,552,555,584,585,586,587,609,613,614,615,616,641,642,643,644,645,677}
Current function value: 6.663802270273671E7
sRESULT**********************************************: 
result subgraph is: [144, 145, 176, 177, 205, 206, 207, 208, 209, 235, 236, 237, 241, 267, 273, 274, 275, 299, 307, 308, 331, 363, 395, 427, 459, 460, 492, 524, 556, 586, 587, 588, 615, 616, 617, 618]
------------------------------ test ends --------------------------------
