
------------------------------ test starts ------------------------------ 
s**********************************************: 2
Current result: {641,673,674,706,738}
Current function value: 7.234916204122247E7
s**********************************************: 3
Current result: {594,595,596,597,598,599,600,601}
Current function value: 7.344284476717593E7
s**********************************************: 4
Current result: {831,862,863,894,925,926,927,958,959}
Current function value: 6.97246590528522E7
s**********************************************: 5
Current result: {394,425,426,457,489,514,515,516,517,520,521,546,549,550,551,552,577,578,609}
Current function value: 6.784512424993277E7
s**********************************************: 6
Current result: {170,171,202,234,264,265,266,295,296,327,359,391,423,455}
Current function value: 7.047492092189303E7
s**********************************************: 7
Current result: {209,239,241,271,272,273,274,275,303,307,338,339}
Current function value: 7.179118866831343E7
s**********************************************: 8
Current result: {423,455,487,519,520,551,552,579,580,581,582,583,611,643,675}
Current function value: 6.896493917503572E7
s**********************************************: 9
Current result: {170,171,172,173,174,175,202,207,234,239,266,271,298,330,362,394,422,423,424,425,426}
Current function value: 6.65302700673925E7
s**********************************************: 10
Current result: {234,235,239,265,266,271,296,297,298,299,300,301,302,303,328,360,392,423,424,425,426,455}
Current function value: 6.739453479972579E7
s**********************************************: 11
Current result: {306,338,370,402,434,455,456,457,458,459,460,461,462,463,464,465,466,498,530,562,594,595,627}
Current function value: 6.855434326409134E7
s**********************************************: 12
Current result: {434,466,498,530,562,563,595,596,597,629,630,662,665,694,697,726,727,728,729,730,731,763,764,796,797,829,861,893,894,926,958,959}
Current function value: 6.80290998147634E7
s**********************************************: 13
Current result: {321,322,323,324,325,326,358,390,422,423,424,425,452,453,454,484,516,547,548,579,611,643,675,707,739}
Current function value: 6.822886290845829E7
s**********************************************: 14
Current result: {294,295,326,358,390,422,423,424,425,426,427,428,429,430,431,432,433,434,454,466,486,498,518,530,550,562,563,564,565,566,567,568,569,582,600,601,614,632,646,664,678,696,708,709,710,728,729,730,731,732,737,738,739,740,764,765,769,797,798,801,830,833,862,865,894,896,897,925,926,928,957,958}
Current function value: 6.783211049734978E7
s**********************************************: 15
Current result: {433,434,435,467,468,500,501,502,503,504,536,537,569,601,633,634,635,636,637,669,701,733,765,797,798,829,861,862,894,926,927,958,959}
Current function value: 6.754609370723161E7
sRESULT**********************************************: 
result subgraph is: [170, 171, 172, 173, 174, 175, 202, 207, 234, 239, 266, 271, 298, 330, 362, 394, 422, 423, 424, 425, 426]
------------------------------ test ends --------------------------------
