
------------------------------ test starts ------------------------------ 
s**********************************************: 2
Current result: {642,674,675}
Current function value: 7.342558913208047E7
s**********************************************: 3
Current result: {330,362,394,426}
Current function value: 7.246461996037033E7
s**********************************************: 4
Current result: {206,238,266,267,268,269,270,299}
Current function value: 7.296246840527043E7
s**********************************************: 5
Current result: {205,206,207,238,270,301,302,330,331,332,333}
Current function value: 7.209449513250755E7
s**********************************************: 6
Current result: {705,706,707,737,769,801,833,834,835,867}
Current function value: 7.162859490720862E7
s**********************************************: 7
Current result: {266,267,268,269,298,330,362,385,386,387,388,389,390,391,392,393,394,417,426,449,458,481,490,513,522,545,554,555,556,577,587,609,641,673,704,705,736,737,738,739,771,803,835,867}
Current function value: 6.6607939321853615E7
s**********************************************: 8
Current result: {204,205,206,207,236,238,268,300,326,327,328,329,330,331,332,361,362}
Current function value: 7.234685800982447E7
s**********************************************: 9
Current result: {269,270,301,332,333,364,396,428,460,492,522,523,524,554,555,587,615,616,617,618,619}
Current function value: 7.018913282046531E7
s**********************************************: 10
Current result: {203,204,205,206,207,208,209,210,211,212,235,244,245,267,277,299,309,324,325,326,327,328,329,330,331,341,356,373,388,405,420,437,438,452}
Current function value: 6.934692561102223E7
s**********************************************: 11
Current result: {207,208,209,210,236,237,238,239,267,268,299,331,363,394,395,425,426,458,490,522,554,583,584,585,586,615,647,679,711,737,743,769,770,771,772,773,774,775,803,835,866,867}
Current function value: 6.765288948296279E7
s**********************************************: 12
Current result: {608,640,672,675,678,704,705,706,707,710,736,738,741,742,770,771,772,773,802,834,866,898}
Current function value: 6.99037767595725E7
s**********************************************: 13
Current result: {239,268,269,270,271,300,332,363,364,395,427,458,459,490,522,554,586,618,650,677,678,679,680,681,682,707,708,709,736,737,739,768,769,770,771,803,835}
Current function value: 6.839875007451743E7
s**********************************************: 14
Current result: {205,206,207,208,209,237,269,299,300,301,330,331,362,394,426,458,490,491,523,555,584,585,586,587,615,616,647,679,711,743,769,770,771,772,773,774,775,803}
Current function value: 7.109886424261312E7
s**********************************************: 15
Current result: {171,172,173,174,175,176,177,205,208,209,236,237,241,242,243,244,268,276,300,308,331,332,340,363,372,404,436,437}
Current function value: 6.779252846106762E7
sRESULT**********************************************: 
result subgraph is: [266, 267, 268, 269, 298, 330, 362, 385, 386, 387, 388, 389, 390, 391, 392, 393, 394, 417, 426, 449, 458, 481, 490, 513, 522, 545, 554, 555, 556, 577, 587, 609, 641, 673, 704, 705, 736, 737, 738, 739, 771, 803, 835, 867]
------------------------------ test ends --------------------------------
