
------------------------------ test starts ------------------------------ 
s**********************************************: 2
Current result: {513,545,577,609}
Current function value: 7.251044934196225E7
s**********************************************: 3
Current result: {429,430,431,432,433,436,465,466,467,468}
Current function value: 6.755552142433712E7
s**********************************************: 4
Current result: {437,469,501}
Current function value: 7.133290402488461E7
s**********************************************: 5
Current result: {513,514,546,547,548,580,612,644,676,708,740,772,801,802,803,804,833,865,897}
Current function value: 7.180030982970014E7
s**********************************************: 6
Current result: {266,267,268,269,301,333,365,397,429,430,431,432,433,434,435,436,468,469}
Current function value: 6.597913114268551E7
s**********************************************: 7
Current result: {363,364,365,394,395,397,398,405,430,431,432,433,434,435,436,437,467,469,470,471,472,504,536,537}
Current function value: 6.6081799610475756E7
s**********************************************: 8
Current result: {244,276,308,309,341,372,373,403,404,435,467,499}
Current function value: 6.785261725813957E7
s**********************************************: 9
Current result: {436,468,500,501,502,534,566,567,568,569,570,602,603,604,605,637,669,701,733,765,766,767,799}
Current function value: 6.989355166360585E7
s**********************************************: 10
Current result: {430,431,432,433,434,435,459,460,461,462,467,468,489,490,491,521,553,554,586,618,650}
Current function value: 6.804649624266551E7
s**********************************************: 11
Current result: {330,360,361,362,363,364,365,392,397,424,429,430,456,462,463,464,465,466,467,468,469,470,488,502,503,504,505,520,537,547,552,569,579,584,601,611,616,633,634,635,636,637,643,645,646,647,648,669,670,675,676,677,702,706,707,734,735,767,799,831,863,894,895,926,958,959}
Current function value: 6.5839342017150536E7
s**********************************************: 12
Current result: {140,141,142,143,144,172,176,177,178,204,210,236,242,243,268,275,276,277,300,332,364,365,397,429}
Current function value: 6.710984280044813E7
s**********************************************: 13
Current result: {405,437,462,463,464,465,469,493,494,497,498,499,500,501,522,523,524,525,548,549,550,551,552,553,554,580,610,611,612,642}
Current function value: 6.6375810933420084E7
s**********************************************: 14
Current result: {365,397,429,430,431,432,433,434,435,436,468,469,470,471,472,504,536,568,575,600,607,632,639,664,671,696,703,728,729,735,761,762,763,764,765,766,767,796,798}
Current function value: 6.649692382262593E7
s**********************************************: 15
Current result: {173,174,175,176,177,178,202,203,204,205,210,234,242,243,244,245,266,277,298,309,330,341,362,372,373,374,394,404,406,426,435,436,458,467,490,499,500,501,502,503,504,513,522,536,537,545,546,547,548,549,554,581,582,583,586,615,616,617,618}
Current function value: 6.680797926967605E7
sRESULT**********************************************: 
result subgraph is: [330, 360, 361, 362, 363, 364, 365, 392, 397, 424, 429, 430, 456, 462, 463, 464, 465, 466, 467, 468, 469, 470, 488, 502, 503, 504, 505, 520, 537, 547, 552, 569, 579, 584, 601, 611, 616, 633, 634, 635, 636, 637, 643, 645, 646, 647, 648, 669, 670, 675, 676, 677, 702, 706, 707, 734, 735, 767, 799, 831, 863, 894, 895, 926, 958, 959]
------------------------------ test ends --------------------------------
