
------------------------------ test starts ------------------------------ 
s**********************************************: 2
Current result: {708,740,772}
Current function value: 7.289949801736736E7
s**********************************************: 3
Current result: {569,601}
Current function value: 7.345767495404801E7
s**********************************************: 4
Current result: {307,339,340,372,373,405,437,469}
Current function value: 7.024178541651273E7
s**********************************************: 5
Current result: {303,304,305,306,307,339,340,372,373,405}
Current function value: 6.697791298299487E7
s**********************************************: 6
Current result: {307,339,340,372,373,405,437,469,470,471,503,504,536,537}
Current function value: 6.77711943752758E7
s**********************************************: 7
Current result: {437,469,501,533,534,566,567,568,569,570,571,603,604,605,606,638,670,702,734,766,798}
Current function value: 7.073034071294658E7
s**********************************************: 8
Current result: {405,437,469,501,533,534,535,536,537,538,539,540,572,573,574,606,638,670,702,734,735}
Current function value: 6.93816795075951E7
s**********************************************: 9
Current result: {305,334,335,336,337,338,339,371,372,373,405,437,469,501,533,565,596,597,628}
Current function value: 6.583349225798548E7
s**********************************************: 10
Current result: {405,437,469,501,502,503,504,505,537,538,539,571,572,604,636,668,669,670,702,703,735,765,766,767,797,798,830,831,863,895}
Current function value: 6.911917529828307E7
s**********************************************: 11
Current result: {537,568,569,570,600,602,634,635,636,637,669,670,671,702,734,765,766,798,830,862,863,895}
Current function value: 7.086043615818986E7
s**********************************************: 12
Current result: {437,469,501,532,533,564,580,581,582,583,584,585,586,587,588,589,590,591,592,593,594,595,596,609,610,611,612,613,645}
Current function value: 6.703183477012285E7
s**********************************************: 13
Current result: {237,269,301,302,303,304,305,306,307,339,340,372,404,405,437,468,469,500,532,547,564,578,579,591,592,593,594,595,596,610,620,621,622,623,642,643,644,645,646,647,648,649,650,651,652,674,679,706,738,770,802}
Current function value: 6.6159756217322655E7
s**********************************************: 14
Current result: {305,337,338,339,340,341,368,369,373,399,400,405,431,437,463,469,495,522,527,554,555,559,587,588,589,590,591,619,650,651,682,711,712,713,714,741,742,743}
Current function value: 6.552186205798246E7
s**********************************************: 15
Current result: {173,174,175,176,177,178,179,205,209,237,241,273,305,306,307,339,340,372,373,405,437,469,470,471,472,473,505,537,569,601,602,603,604,636,637,638,670,702,734,735,767,799,831,862,863}
Current function value: 6.5919149945862666E7
sRESULT**********************************************: 
result subgraph is: [305, 337, 338, 339, 340, 341, 368, 369, 373, 399, 400, 405, 431, 437, 463, 469, 495, 522, 527, 554, 555, 559, 587, 588, 589, 590, 591, 619, 650, 651, 682, 711, 712, 713, 714, 741, 742, 743]
------------------------------ test ends --------------------------------
