
------------------------------ test starts ------------------------------ 

------------------------------ test starts ------------------------------ 
s**********************************************: 2
Current result: {675,676,677,678,679}
Current function value: 7.331599735025759E7
s**********************************************: 3
Current result: {798,799,831,863,894,895}
Current function value: 7.234951502854292E7
s**********************************************: 4
Current result: {206,207,237,238,269,301,330,331,332,333,362,365,394}
Current function value: 7.22394718217023E7
s**********************************************: 5
Current result: {545,577,578,579,580,581,608,609,610,640,642}
Current function value: 7.109437613512054E7
s**********************************************: 6
Current result: {173,174,175,205,237,269,301,333,365,397,398}
Current function value: 7.267756294185856E7
s**********************************************: 7
Current result: {668,700,732,764,765,766,798,830,862,893,894,925,957,958,959}
Current function value: 7.163524934897442E7
s**********************************************: 8
Current result: {210,211,212,213,214,237,238,239,240,241,242,269,299,300,301,331,361,362,363,392,393,424,456,488,520,521,551,552,553,554,581,582,583,610,611,612,613,642}
Current function value: 7.0347444465142E7
s**********************************************: 9
Current result: {641,642,643,646,647,674,675,676,677,678,706,738,769,770,771,802}
Current function value: 7.122082467854677E7
s**********************************************: 10
Current result: {205,206,207,208,209,237,269,301,333,365,395,396,397,427,459,491,523,555,581,582,583,584,585,586,587,612,613,643,644,675,707,739,771,802,803,835}
Current function value: 7.165541966392736E7
s**********************************************: 11
Current result: {333,334,365,397,429,460,461,489,490,491,492,521,552,553,580,581,582,583,584,585,586,611,612,618,641,642,643}
Current function value: 6.913879334157982E7
s**********************************************: 12
Current result: {209,210,211,240,241,269,270,271,272,302,334,365,366,392,393,394,395,396,397}
Current function value: 7.071678150263618E7
s**********************************************: 13
Current result: {323,355,356,388,420,452,453,485,517,522,549,554,555,581,582,583,584,587,615,616,617,618,619,647,677,678,679,707,708,709,739}
Current function value: 6.892874431407769E7
s**********************************************: 14
Current result: {228,235,236,237,238,239,240,241,242,243,244,245,260,261,262,263,264,265,266,267,277,278,279,280,299,331,362,363,394,426,458,490,522,553,554,585,614,615,616,617,642,643,644,645,646,674,706,738,770}
Current function value: 6.814213602942434E7
s**********************************************: 15
Current result: {394,426,458,490,513,522,545,546,554,578,585,586,610,617,642,647,648,649,674,675,676,677,678,679,681,707,713,738,739}
Current function value: 7.048440958147179E7
sRESULT**********************************************: 
result subgraph is: [228, 235, 236, 237, 238, 239, 240, 241, 242, 243, 244, 245, 260, 261, 262, 263, 264, 265, 266, 267, 277, 278, 279, 280, 299, 331, 362, 363, 394, 426, 458, 490, 522, 553, 554, 585, 614, 615, 616, 617, 642, 643, 644, 645, 646, 674, 706, 738, 770]
------------------------------ test ends --------------------------------
