
------------------------------ test starts ------------------------------ 
s**********************************************: 2
Current result: {673,674,675,707}
Current function value: 7.269387375745764E7
s**********************************************: 3
Current result: {394,423,424,425,426,458}
Current function value: 6.811864479166423E7
s**********************************************: 4
Current result: {706,708,709,710,711,738,739,740}
Current function value: 7.18807355563135E7
s**********************************************: 5
Current result: {204,236,265,266,267,268,294,295,296,297,326}
Current function value: 7.253852490010394E7
s**********************************************: 6
Current result: {204,205,233,234,235,236,237,238,270,271,303}
Current function value: 7.282177301483007E7
s**********************************************: 7
Current result: {235,265,266,267,295,296,297,327,359,391,423,424,425,426,458,459}
Current function value: 6.686631988878926E7
s**********************************************: 8
Current result: {234,266,298,299,331,363,394,395,426,455,456,457,458,459}
Current function value: 6.633597625363099E7
s**********************************************: 9
Current result: {235,236,267,299,330,331,362,394,426,427,459,487,489,490,491,519,520,521,552,584}
Current function value: 6.6819089998263076E7
s**********************************************: 10
Current result: {418,419,420,421,422,423,424,425,426,450,482,514,546,578,610,642,674,706,738,770}
Current function value: 6.757906899414036E7
s**********************************************: 11
Current result: {202,233,234,265,297,329,359,360,361,391,422,423,455,487,519,550,551,582,614,643,644,645,646,673,674,675,707,708}
Current function value: 6.779203686460648E7
s**********************************************: 12
Current result: {176,208,233,234,235,236,237,238,239,240,265,270,297,301,302,329,361,393,417,418,419,420,421,422,423,424,425,426}
Current function value: 7.030498476984483E7
s**********************************************: 13
Current result: {234,264,265,266,298,330,331,332,333,334,335,336,362,368,369,370,394,395,402,403,422,423,427,435,454,455,456,457,458,459,467,486,499,518,531,537,538,539,549,550,563,569,581,595,601,613,627,628,629,630,631,632,633,640,641,642,643,644,645,665,675,697,698,699,707,731,732,764,796,797,829,861,893,925,926,927,959}
Current function value: 6.6836386460036434E7
s**********************************************: 14
Current result: {203,204,205,206,234,235,238,266,269,270,299,300,301,331,363,395,427,458,459,460,461,462,463,464,465,466,491,498,530,562,594,626,658,690,722,754,786,787,797,798,819,820,821,822,823,824,825,826,827,828,829,830,851,862,883,894,914,915,926,946,958,959}
Current function value: 6.56136262697859E7
s**********************************************: 15
Current result: {175,203,204,205,206,207,234,235,266,297,298,328,329,360,392,396,423,424,425,426,427,428,455,485,486,487,516,517,547,548,579,611,643,675,704,705,706,707,736}
Current function value: 6.68948808454422E7
sRESULT**********************************************: 
result subgraph is: [203, 204, 205, 206, 234, 235, 238, 266, 269, 270, 299, 300, 301, 331, 363, 395, 427, 458, 459, 460, 461, 462, 463, 464, 465, 466, 491, 498, 530, 562, 594, 626, 658, 690, 722, 754, 786, 787, 797, 798, 819, 820, 821, 822, 823, 824, 825, 826, 827, 828, 829, 830, 851, 862, 883, 894, 914, 915, 926, 946, 958, 959]
------------------------------ test ends --------------------------------
