
------------------------------ test starts ------------------------------ 
s**********************************************: 2
Current result: {394,426,458}
Current function value: 7.185744573075151E7
s**********************************************: 3
Current result: {469,501,533,564,565,596}
Current function value: 6.990863062013453E7
s**********************************************: 4
Current result: {425,426,458,490,522,554}
Current function value: 7.098808787279902E7
s**********************************************: 5
Current result: {417,449,481,489,490,513,514,515,516,517,518,519,520,521,545}
Current function value: 7.0583710505004E7
s**********************************************: 6
Current result: {641,673,674,705,737,738,739,740,741,769,773}
Current function value: 7.019101706810011E7
s**********************************************: 7
Current result: {426,452,453,454,455,456,457,458,484,490,516,522,548,554,579,580,586,587,611,643}
Current function value: 6.8415788370634E7
s**********************************************: 8
Current result: {596,628,660,661,662,665,694,697,726,727,728,729,730,731,732,762,763}
Current function value: 6.911782413322441E7
s**********************************************: 9
Current result: {239,240,241,242,267,268,269,270,271,273,274,299,306,307,331,339,340,363,372,394,395,404,426,436,437,458,469,490,522,554,586,587,619}
Current function value: 6.659346200300964E7
s**********************************************: 10
Current result: {405,437,469,501,533,564,565,572,596,604,628,629,630,631,632,636,664,668,696,697,698,700,730,731,732,763,764}
Current function value: 6.7022206415693164E7
s**********************************************: 11
Current result: {454,455,456,457,489,521,553,554,585,615,616,617,647,679,711,743,774,775,802,803,804,805,806,834,866,897,898,929}
Current function value: 6.90292664805597E7
s**********************************************: 12
Current result: {234,235,236,237,266,269,270,298,329,330,362,394,426,458,490,522,554,586,587,618,619,650,682,714}
Current function value: 6.6072839087116644E7
s**********************************************: 13
Current result: {513,545,553,554,577,584,585,586,609,610,611,612,618,619,644,650,676,677,678,682,710,711,712,713,714}
Current function value: 6.849795370318612E7
s**********************************************: 14
Current result: {290,291,292,293,294,295,321,322,353,385,417,449,481,513,514,546,578,610,642,674,675,676,707,738,739,742,769,770,771,772,773,774,805,806}
Current function value: 6.779321849275254E7
s**********************************************: 15
Current result: {207,239,240,270,271,272,273,274,300,301,302,306,332,338,339,362,363,364,371,394,403,404,426,436,458,490,522,554,555,587,619}
Current function value: 6.628258058300071E7
sRESULT**********************************************: 
result subgraph is: [234, 235, 236, 237, 266, 269, 270, 298, 329, 330, 362, 394, 426, 458, 490, 522, 554, 586, 587, 618, 619, 650, 682, 714]
------------------------------ test ends --------------------------------
