
------------------------------ test starts ------------------------------ 
s**********************************************: 2
Current result: {428,458,459,460}
Current function value: 6.816687924174461E7
s**********************************************: 3
Current result: {459,460,461,462,463,464,491}
Current function value: 6.673188147675732E7
s**********************************************: 4
Current result: {458,460,461,462,463,464,465,490,491,492}
Current function value: 6.48397203654907E7
s**********************************************: 5
Current result: {426,431,458,459,460,461,462,463,464,492}
Current function value: 6.540699237913658E7
s**********************************************: 6
Current result: {455,456,457,458,460,461,462,463,464,465,487,490,491,492,519}
Current function value: 6.480753170616174E7
s**********************************************: 7
Current result: {385,417,418,419,420,421,422,423,424,425,426,427,453,455,487}
Current function value: 6.906252277663113E7
s**********************************************: 8
Current result: {451,452,453,454,455,456,457,458,459,460,465,492,493,494,495,496,497}
Current function value: 6.4912562513903454E7
s**********************************************: 9
Current result: {385,386,387,388,417,420,421,422,423,424,425,426,427,449,459,481,491,492,513,545,546,578,610,642,643,675,707,736,737,738,739,740,741,742,743,768,800}
Current function value: 6.60694398555175E7
s**********************************************: 10
Current result: {426,429,458,459,460,461,490,522,553,554,585,615,616,617,647,679,711,742,743,774}
Current function value: 6.5639112358980246E7
s**********************************************: 11
Current result: {431,453,454,455,456,457,463,464,482,483,484,485,489,490,491,492,493,494,495,515,547,579,611,643}
Current function value: 6.542694523025944E7
s**********************************************: 12
Current result: {359,360,361,362,394,426,458,459,464,465,490,491,492,493,494,495,496,522,552,553,554,584,615,616,646,647,678,710,742,774,804,805,806,836,866,867,868,898}
Current function value: 6.519994668710096E7
s**********************************************: 13
Current result: {425,431,457,458,459,460,461,462,463,464,465,489,492,496,519,520,521,549,550,551,581,611,612,613,645,677,709,741,773,805,837,869,901}
Current function value: 6.525243992922774E7
s**********************************************: 14
Current result: {384,385,417,423,424,425,426,429,430,431,449,453,454,455,458,459,460,461,463,464,465,481,482,483,484,485,496,497}
Current function value: 6.516915559546672E7
s**********************************************: 15
Current result: {325,353,356,357,385,386,387,388,389,421,453,454,455,456,457,458,459,463,464,465,487,491,492,493,494,495,496,497,519,551,583,615,647,679,711,743,775,807,808,838,839,870}
Current function value: 6.610028260138751E7
sRESULT**********************************************: 
result subgraph is: [455, 456, 457, 458, 460, 461, 462, 463, 464, 465, 487, 490, 491, 492, 519]
------------------------------ test ends --------------------------------
