
------------------------------ test starts ------------------------------ 
s**********************************************: 2
Current result: {362,363,364,393,394}
Current function value: 6.909059251695918E7
s**********************************************: 3
Current result: {330,331,332,361,362,393}
Current function value: 6.775019802597088E7
s**********************************************: 4
Current result: {331,332,333,362,363,393,394,425}
Current function value: 6.654870962163359E7
s**********************************************: 5
Current result: {332,333,334,336,364,366,367,368,369,393,394,395,396}
Current function value: 6.554747246700071E7
s**********************************************: 6
Current result: {335,336,361,362,363,364,365,366,367,393,423,424,425,454,455,483,484,485,486}
Current function value: 6.634761839497783E7
s**********************************************: 7
Current result: {303,329,330,331,332,333,334,335,361,367,368,369,393,425,457,489,521,553,585,617,649,681,713,743,744,745,775,807,839,871,872,904,936}
Current function value: 6.672338645949103E7
s**********************************************: 8
Current result: {235,267,299,331,332,333,334,335,361,362,363,367,368,389,390,391,392,393,425}
Current function value: 6.584245923978667E7
s**********************************************: 9
Current result: {352,353,354,355,356,357,358,359,360,361,362,363,364,365,366,367,368,384,416,417,449,481,513,514,515,516,517,549,581,613,645,677,709,741,742,743,744,772,773,774}
Current function value: 6.584155040121358E7
s**********************************************: 10
Current result: {138,170,202,234,266,298,330,331,332,333,334,335,336,337,357,358,359,360,361,362,363,368,393}
Current function value: 6.6873581232863724E7
s**********************************************: 11
Current result: {333,334,335,336,361,362,363,364,365,368,393,422,423,424,425,454,486,518,550,551,583,615,647,679,711,743}
Current function value: 6.537057557590305E7
s**********************************************: 12
Current result: {204,205,206,236,238,266,267,268,270,298,302,330,334,335,336,337,355,362,367,387,394,419,420,426,452,456,457,458,484,485,486,487,488,519,551,583,615,647,679,711,743,774,775}
Current function value: 6.60637792125901E7
s**********************************************: 13
Current result: {234,235,266,298,330,333,334,335,336,337,362,363,364,365,367,369,389,390,391,392,393,394,421,453,485,517,549,581,613,644,645,646,678,679,711,743}
Current function value: 6.728213962581761E7
s**********************************************: 14
Current result: {298,329,330,331,332,333,334,335,355,356,357,358,359,360,361,367,368,389,393,400,421,453,485,486,487,519,551,583,615,647,679,711,743,744,776,808,840,871,872}
Current function value: 6.688592742671133E7
s**********************************************: 15
Current result: {332,333,334,335,361,362,363,364,367,368,369,392,393,423,424,455,486,487,517,518,550,582,614,646,678,679,711,743,744,775,807,839,871,903,935}
Current function value: 6.548380586942692E7
sRESULT**********************************************: 
result subgraph is: [333, 334, 335, 336, 361, 362, 363, 364, 365, 368, 393, 422, 423, 424, 425, 454, 486, 518, 550, 551, 583, 615, 647, 679, 711, 743]
------------------------------ test ends --------------------------------
