
------------------------------ test starts ------------------------------ 
s**********************************************: 2
Current result: {293,294,295,296,297,298,325,330,353,354,355,356,357,362,385,386,387,419,451}
Current function value: 7.006453139136168E7
s**********************************************: 3
Current result: {296,297,328,360}
Current function value: 7.127122687726907E7
s**********************************************: 4
Current result: {554,555,556,557,558,559,586,591}
Current function value: 6.66368145820323E7
s**********************************************: 5
Current result: {239,266,267,268,269,270,271,298,329,330,361,362}
Current function value: 6.935387839443433E7
s**********************************************: 6
Current result: {322,323,324,325,326,327,328,329,330,354,386}
Current function value: 7.064149898125345E7
s**********************************************: 7
Current result: {328,329,361,362,363,395,427,459,491,523,555,586,587,588}
Current function value: 6.821544308955707E7
s**********************************************: 8
Current result: {266,294,295,296,297,298,324,325,326,329,330,355,356,361}
Current function value: 6.820493883179085E7
s**********************************************: 9
Current result: {298,329,330,361,385,386,391,392,393,418,423,450,453,454,455,482,483,484,485}
Current function value: 6.875668246140617E7
s**********************************************: 10
Current result: {422,453,454,455,485,487,517,519,551,552,559,584,585,586,587,588,589,590,591,592}
Current function value: 6.550536966058993E7
s**********************************************: 11
Current result: {234,266,298,329,330,331,359,360,361,363,393,425,455,456,457,487,489,490,519,522,554}
Current function value: 6.624478133367684E7
s**********************************************: 12
Current result: {325,327,328,329,330,357,358,359,362,389,421,453,454,486,518,519,520,521,522,554,555,556,586,588}
Current function value: 6.5798347174981736E7
s**********************************************: 13
Current result: {324,325,357,358,390,422,454,455,486,518,519,550,554,555,556,582,584,585,586,588,614,615,616,645,646}
Current function value: 6.698107566157495E7
s**********************************************: 14
Current result: {265,297,325,326,327,328,329,330,357,358,362,363,390,395,427,458,459,490,522,554,556,582,583,584,585,586,587,588,614,646,678,710,742,774,806,837,838,868,869,898,899,900,930}
Current function value: 6.532111944839927E7
s**********************************************: 15
Current result: {389,421,453,484,485,516,548,554,555,556,557,558,559,580,586,591,611,612,613,614,615,616,617,618,643,649,650,675,707,739,770,771}
Current function value: 6.5553263531616285E7
sRESULT**********************************************: 
result subgraph is: [265, 297, 325, 326, 327, 328, 329, 330, 357, 358, 362, 363, 390, 395, 427, 458, 459, 490, 522, 554, 556, 582, 583, 584, 585, 586, 587, 588, 614, 646, 678, 710, 742, 774, 806, 837, 838, 868, 869, 898, 899, 900, 930]
------------------------------ test ends --------------------------------
