
------------------------------ test starts ------------------------------ 
s**********************************************: 2
Current result: {402,434,435}
Current function value: 7.027828126734513E7
s**********************************************: 3
Current result: {402,434,435,436,437,466}
Current function value: 6.866165642670304E7
s**********************************************: 4
Current result: {327,328,360,392,424,425,426,427,428}
Current function value: 7.062843966213195E7
s**********************************************: 5
Current result: {402,434,435,436,437,469,470}
Current function value: 6.822437581040032E7
s**********************************************: 6
Current result: {325,357,358,390,422,451,452,453,454,485,517}
Current function value: 7.220895876833306E7
s**********************************************: 7
Current result: {324,325,353,354,355,356,357,384,385,387,419,451,482,483}
Current function value: 7.136061033745052E7
s**********************************************: 8
Current result: {45,77,109,141,173,205,237,238,239,240,241,273,274,306,338,370,402,434,466}
Current function value: 6.72576966075905E7
s**********************************************: 9
Current result: {323,324,325,355,357,389,421,422,454,486,518,550,582,614,643,644,645,646}
Current function value: 6.933591399290596E7
s**********************************************: 10
Current result: {352,353,360,361,385,393,417,425,449,457,481,482,483,484,485,486,487,488,489,515,521,547,553,579,585,611,617,643,649,675,707,739,768,769,770,771}
Current function value: 6.729268278577529E7
s**********************************************: 11
Current result: {321,353,385,386,387,419,451,452,453,454,455,485,487,488,489,517,521,548,549,579,580,611}
Current function value: 6.737893486366217E7
s**********************************************: 12
Current result: {78,79,110,142,174,206,235,236,237,238,267,298,299,330,358,359,360,361,362,389,390,421,453}
Current function value: 6.844956491515149E7
s**********************************************: 13
Current result: {242,243,265,266,267,268,269,270,271,272,273,274,297,323,324,325,326,327,328,329,353,354,355,357,361,389,421,453,485,486,487,517,519,549,581,613,645}
Current function value: 6.696353188876321E7
s**********************************************: 14
Current result: {353,354,355,387,419,451,457,483,484,485,486,487,488,489,490,516,522,548,554,580,586,612,618,643,644}
Current function value: 6.759298353019424E7
s**********************************************: 15
Current result: {42,43,44,76,77,109,141,170,171,172,173,202,234,266,298,330,355,356,357,358,359,360,361,362,387,394,419,426,427,428,451,483,515,547,579,611,643}
Current function value: 6.6580106665474765E7
sRESULT**********************************************: 
result subgraph is: [42, 43, 44, 76, 77, 109, 141, 170, 171, 172, 173, 202, 234, 266, 298, 330, 355, 356, 357, 358, 359, 360, 361, 362, 387, 394, 419, 426, 427, 428, 451, 483, 515, 547, 579, 611, 643]
------------------------------ test ends --------------------------------
