
------------------------------ test starts ------------------------------ 
s**********************************************: 2
Current result: {421,453,454,455,487,488}
Current function value: 6.95381626468644E7
s**********************************************: 3
Current result: {609,610,611,641,673,705,737,738}
Current function value: 7.347312703563757E7
s**********************************************: 4
Current result: {456,482,483,484,485,486,487,488}
Current function value: 6.982777269482614E7
s**********************************************: 5
Current result: {260,292,323,324,355,387,388,420,424,452,453,454,455,456}
Current function value: 6.936729808526741E7
s**********************************************: 6
Current result: {332,363,364,365,395,397,398,424,425,426,427,453,454,455,456,485,488}
Current function value: 6.602247640332547E7
s**********************************************: 7
Current result: {296,297,298,299,300,301,302,328,334,355,356,357,360,366,389,392,398,421,424,430,453,454,455,456,462,494,526,558,590,591,592,624,625,626,627,628,629,661,692,693,694,695,696,697,725}
Current function value: 6.6862681934071474E7
s**********************************************: 8
Current result: {451,452,453,456,485,486,487,488,516,517,548,580,612,643,644,645}
Current function value: 6.881944360172042E7
s**********************************************: 9
Current result: {332,364,365,396,424,425,426,427,428,455,456,485,486,487,488,517,518,520}
Current function value: 6.604677711740152E7
s**********************************************: 10
Current result: {269,301,302,303,332,333,334,362,363,364,391,392,393,394,423,453,455,485,486,487,488}
Current function value: 6.6806737983940065E7
s**********************************************: 11
Current result: {197,229,230,231,232,233,234,235,236,237,238,239,261,266,271,293,298,325,330,353,354,357,362,386,387,388,389,394,421,426,453,458,459,460,461,462,463,464,465,497,529,561,593,625,657,658,659,660,692,693,725}
Current function value: 6.5853213154149674E7
s**********************************************: 12
Current result: {108,109,110,140,172,204,236,264,265,266,267,268,269,270,294,295,296,298,302,303,304,326,336,337,357,358,369,389,401,421,433,453,465,485,486,487,488,497,529}
Current function value: 6.626493581554749E7
s**********************************************: 13
Current result: {234,235,236,237,238,264,265,266,270,271,272,296,328,360,392,424,450,451,452,453,455,456,485,486,487,488,519}
Current function value: 6.607368125290296E7
s**********************************************: 14
Current result: {296,328,359,360,389,390,391,421,423,453,454,455,456,485,487,488,513,516,517,519,545,546,547,548,551,583,615,647,649,650,679,680,681}
Current function value: 6.71570963425018E7
s**********************************************: 15
Current result: {172,173,204,205,234,235,236,237,238,265,266,270,297,328,329,360,392,424,456,485,486,487,488,519,551,583,584,616,617,643,644,645,649,675,677,678,679,680,681,682,707,710,711,736,737,738,739}
Current function value: 6.685834983607472E7
sRESULT**********************************************: 
result subgraph is: [197, 229, 230, 231, 232, 233, 234, 235, 236, 237, 238, 239, 261, 266, 271, 293, 298, 325, 330, 353, 354, 357, 362, 386, 387, 388, 389, 394, 421, 426, 453, 458, 459, 460, 461, 462, 463, 464, 465, 497, 529, 561, 593, 625, 657, 658, 659, 660, 692, 693, 725]
------------------------------ test ends --------------------------------
