
------------------------------ test starts ------------------------------ 
s**********************************************: 2
Current result: {425}
Current function value: 7.310035314736931E7
s**********************************************: 3
Current result: {340,372,403,404,435,467}
Current function value: 6.804351456456959E7
s**********************************************: 4
Current result: {391,423,455,485,486,487}
Current function value: 7.231778231928682E7
s**********************************************: 5
Current result: {241,273,274,275,307,339,371,403,435,467}
Current function value: 6.730859843402712E7
s**********************************************: 6
Current result: {272,273,274,275,307,339,371,403,435,436,437}
Current function value: 6.566684038004476E7
s**********************************************: 7
Current result: {456,487,488,515,516,517,518,519,547,579,611,643,675,707,739,740,741,742,743,771}
Current function value: 7.069747125648308E7
s**********************************************: 8
Current result: {269,270,271,272,273,274,275,276,301,322,323,324,325,326,327,328,330,331,332,333,353,354,360,361,362,385}
Current function value: 6.863414507058044E7
s**********************************************: 9
Current result: {211,212,235,236,237,238,239,240,241,242,243,244,267,276,297,298,299,308,323,329,340,355,356,357,358,361,372,390,393,404,422,423,424,425,435,436,437}
Current function value: 6.587959939302026E7
s**********************************************: 10
Current result: {321,322,353,384,385,417,449,450,451,452,453,454,455,483,485,515,547,579,611,643}
Current function value: 7.146780924650255E7
s**********************************************: 11
Current result: {240,241,272,273,305,306,338,339,371,372,403,404,435,436,437,455,456,457,458,459,460,461,462,463,464,465,466,467,487,519,551,579,580,581,582,583,611,642,643,672,673,674,704,736,768}
Current function value: 6.6243849441185504E7
s**********************************************: 12
Current result: {519,551,583,615,647,679,711,738,739,740,741,742,743,768,769,770,800}
Current function value: 6.971117424370588E7
s**********************************************: 13
Current result: {241,273,274,275,307,339,371,403,423,424,425,426,427,428,429,430,431,432,433,434,435,436,437,455,467,483,484,485,486,487,517}
Current function value: 6.536214390727132E7
s**********************************************: 14
Current result: {241,273,274,306,307,339,371,403,435,436,453,466,467,468,469,483,484,485,486,487,488,489,490,491,492,493,494,495,496,497,498,501,519}
Current function value: 6.593529769231116E7
s**********************************************: 15
Current result: {15,47,79,111,143,175,207,239,240,272,273,274,275,276,307,339,371,403,435,436,467,499,502,531,532,533,534,563,595,596,597,627,629,630,659,662,663,691,695,723,727,755,759,786,787,791,792,793,806,807,808,809,810,811,812,813,814,815,816,817,818,825,826,838,870,871,903,933,934,935,936,937,938}
Current function value: 6.635993374229953E7
sRESULT**********************************************: 
result subgraph is: [241, 273, 274, 275, 307, 339, 371, 403, 423, 424, 425, 426, 427, 428, 429, 430, 431, 432, 433, 434, 435, 436, 437, 455, 467, 483, 484, 485, 486, 487, 517]
------------------------------ test ends --------------------------------
