
------------------------------ test starts ------------------------------ 
s**********************************************: 2
Current result: {334,336,366,367,368}
Current function value: 6.766027341378413E7
s**********************************************: 3
Current result: {361,362,363,364,365,366,367,368}
Current function value: 6.684880169556183E7
s**********************************************: 4
Current result: {328,329,330,331,332,333,334,335,366}
Current function value: 6.6865427462230615E7
s**********************************************: 5
Current result: {330,331,332,333,334,335,336,337,362,366}
Current function value: 6.542530619305731E7
s**********************************************: 6
Current result: {330,331,332,333,334,335,361,362,366,367,368,369}
Current function value: 6.5391652548223376E7
s**********************************************: 7
Current result: {331,332,333,334,335,362,363,367,385,386,387,388,389,392,393,394,421,422,423,424,454,486,518,550,582,611,612,613,614}
Current function value: 6.557584044450351E7
s**********************************************: 8
Current result: {325,326,327,328,329,330,331,332,333,334,336,356,357,366,367,368,388,420,452,484,516,548,580,612,643,644,675,707,739,743,771,772,773,774,775,803,833,834,835,865,897}
Current function value: 6.590017557554894E7
s**********************************************: 9
Current result: {234,235,266,297,298,329,332,333,334,335,336,360,361,362,363,364,368,400}
Current function value: 6.541926184271479E7
s**********************************************: 10
Current result: {325,326,327,328,329,330,331,332,333,334,335,336,355,356,357,361,367,368,393,394}
Current function value: 6.538484521836823E7
s**********************************************: 11
Current result: {323,324,325,326,327,331,335,339,353,354,355,359,360,361,362,363,364,365,366,367,368,369,370,371}
Current function value: 6.537518833836852E7
s**********************************************: 12
Current result: {328,329,330,331,332,333,334,335,336,360,362,363,366,368,392,400,423,424,455,487,519,551,583,615,647,679,711,739,740,741,742,743,774}
Current function value: 6.562930131986827E7
s**********************************************: 13
Current result: {331,332,333,334,335,356,357,358,359,360,361,362,363,366,388,394,398,399,400,401,419,420,451,483,515,547,579,611,643,675,707,739,743,771,772,773,774,775}
Current function value: 6.648358871860588E7
s**********************************************: 14
Current result: {332,333,334,362,363,364,366,367,369,388,394,399,400,401,420,424,425,426,433,434,452,453,454,455,456,466,484,485,516,548,580,612,644,676,708,740,741,773,805,836,837,868,869,900,901,902,903,904,932}
Current function value: 6.981544202763532E7
s**********************************************: 15
Current result: {323,324,325,326,327,328,329,331,332,333,334,355,357,361,362,363,366,367,387,394,419,451,483,484,485,515,547,579,611,643,644,645,677,709,741,742,743,773}
Current function value: 6.6310650542921424E7
sRESULT**********************************************: 
result subgraph is: [323, 324, 325, 326, 327, 331, 335, 339, 353, 354, 355, 359, 360, 361, 362, 363, 364, 365, 366, 367, 368, 369, 370, 371]
------------------------------ test ends --------------------------------
