
------------------------------ test starts ------------------------------ 
s**********************************************: 2
Current result: {436,467,468,499}
Current function value: 6.98080488894076E7
s**********************************************: 3
Current result: {272,273,274,275,302,303,304,307,332,333,334}
Current function value: 6.927671727795528E7
s**********************************************: 4
Current result: {275,276,308,340,372,404,436,467,468}
Current function value: 6.821061213708755E7
s**********************************************: 5
Current result: {485,517,549,581,613,642,643,644,645}
Current function value: 7.251920418292224E7
s**********************************************: 6
Current result: {273,274,275,307,339,371,403,435,436,467,468,469}
Current function value: 6.601626269459594E7
s**********************************************: 7
Current result: {325,326,327,359,391,423,455,487,519,551,583,615,616,648}
Current function value: 7.133154683403184E7
s**********************************************: 8
Current result: {418,450,481,482,483,513,515,516,517,518,519,545,576,577,608,640,672,704,736,768,800}
Current function value: 7.135974171354416E7
s**********************************************: 9
Current result: {273,274,275,307,339,371,403,425,426,427,428,429,430,431,432,433,434,435,457,467,489,499,521,553,585,617,649,681,713,736,737,738,739,740,741,742,743,744,745,768,800}
Current function value: 6.534265320403228E7
s**********************************************: 10
Current result: {322,354,355,387,388,420,428,429,430,431,432,433,434,435,436,452,453,454,455,456,457,458,459,460,467,487,499,519,551,582,583,614,645,646}
Current function value: 6.5743987233299E7
s**********************************************: 11
Current result: {455,456,487,519,551,583,615,647,679,704,711,736,737,738,739,740,741,742,743,768,771,772}
Current function value: 6.87388791423396E7
s**********************************************: 12
Current result: {273,274,306,307,339,371,403,435,436,455,456,457,458,459,460,461,462,463,464,465,466,467,468,487,499,518,519,549,550,581,613,645,677,709,741,742,743,771,772,773,774}
Current function value: 6.553487106801928E7
s**********************************************: 13
Current result: {275,276,307,325,339,357,358,359,360,361,362,371,389,394,395,396,397,398,403,421,422,430,431,432,433,434,435,436,454,467,468,486,499,518}
Current function value: 6.5260139667668216E7
s**********************************************: 14
Current result: {323,324,325,357,389,390,391,423,455,487,519,551,582,583,611,612,613,614,643,675,707,739,771,800,801,802,803,833}
Current function value: 6.847307406065583E7
s**********************************************: 15
Current result: {237,269,270,271,272,273,274,301,306,338,370,402,403,435,467,468,469,500,532,533,565,566,598,630}
Current function value: 6.580303440306068E7
sRESULT**********************************************: 
result subgraph is: [275, 276, 307, 325, 339, 357, 358, 359, 360, 361, 362, 371, 389, 394, 395, 396, 397, 398, 403, 421, 422, 430, 431, 432, 433, 434, 435, 436, 454, 467, 468, 486, 499, 518]
------------------------------ test ends --------------------------------
