
------------------------------ test starts ------------------------------ 
s**********************************************: 2
Current result: {204,205,206,207,234,235,236}
Current function value: 6.982934142612366E7
s**********************************************: 3
Current result: {335,361,362,363,364,365,366,367,393}
Current function value: 6.565382429469632E7
s**********************************************: 4
Current result: {704,736,768,800,832,833,834,864}
Current function value: 7.32452488670666E7
s**********************************************: 5
Current result: {334,362,363,364,365,366,394,398,399,400}
Current function value: 6.548908953554082E7
s**********************************************: 6
Current result: {362,363,364,365,366,367,392,393,394,424,456,485,486,487,488}
Current function value: 6.522239614547129E7
s**********************************************: 7
Current result: {302,334,335,362,363,364,365,366,367,368,394,398,400}
Current function value: 6.5189038861698754E7
s**********************************************: 8
Current result: {362,366,368,369,385,386,394,395,396,397,398,399,400,418,419,425,426,451,452,453,454,455,456,457}
Current function value: 6.521029011323405E7
s**********************************************: 9
Current result: {360,362,392,393,394,395,396,397,398,399,400,423,424,425,455,486,487,518}
Current function value: 6.71477374834155E7
s**********************************************: 10
Current result: {335,363,364,365,366,367,368,393,394,395,398,400,422,423,424,425,453,454,485,517,549,581,613,645,677,709,741,773,805,837,869,901,902,903,934,935,936}
Current function value: 6.62240781443647E7
s**********************************************: 11
Current result: {336,357,358,359,360,361,362,363,368,389,393,395,396,397,398,399,400,421,453,483,484,485}
Current function value: 6.52643527011042E7
s**********************************************: 12
Current result: {335,359,360,367,391,392,393,394,395,396,397,398,399,400,423,451,452,453,454,455,485,517,549,581,613,614,646,678,710,742,774}
Current function value: 6.54333428753949E7
s**********************************************: 13
Current result: {335,353,366,367,368,369,385,386,387,392,393,394,395,396,397,398,419,424,451,452,453,455,456,485,486,487}
Current function value: 6.5774697557303E7
s**********************************************: 14
Current result: {330,336,355,356,357,358,359,360,361,362,363,364,365,368,387,393,397,398,399,400,401,402,419,451,483,515,547,579,611,643,675,707,739,771}
Current function value: 6.609833584147075E7
s**********************************************: 15
Current result: {363,364,365,366,367,392,393,394,395,423,424,452,453,454,455,485,517,547,548,549,579,611,643,644,645,646,647,648,675,707,739}
Current function value: 6.531259727751405E7
sRESULT**********************************************: 
result subgraph is: [302, 334, 335, 362, 363, 364, 365, 366, 367, 368, 394, 398, 400]
------------------------------ test ends --------------------------------
