
------------------------------ test starts ------------------------------ 
s**********************************************: 2
Current result: {453,454,455,456,457}
Current function value: 6.96346669739602E7
s**********************************************: 3
Current result: {201,202,203,204,233,265,297,329,361,393,424,425}
Current function value: 6.744036792562088E7
s**********************************************: 4
Current result: {421,422,423,424,453,456,485,517}
Current function value: 6.853432975297548E7
s**********************************************: 5
Current result: {263,264,293,294,295,323,324,325,354,355}
Current function value: 7.135122680976842E7
s**********************************************: 6
Current result: {661,693,725,726,727,728,760,761,793}
Current function value: 6.858117014279945E7
s**********************************************: 7
Current result: {422,423,424,454,486,515,516,517,518,547,579,611,643,675,707,739,740,741,742,743}
Current function value: 6.879809520138207E7
s**********************************************: 8
Current result: {385,393,394,417,421,422,423,424,425,449,450,451,452,453,485,486}
Current function value: 6.642688541625228E7
s**********************************************: 9
Current result: {199,200,201,231,263,295,327,359,391,423,453,454,455,457,485,487,488,489}
Current function value: 6.72735597947E7
s**********************************************: 10
Current result: {264,270,271,295,296,302,327,328,333,334,360,361,365,393,394,395,396,397,425,455,456,457,487,519,551,583,615,647,679,680}
Current function value: 6.630683484754627E7
s**********************************************: 11
Current result: {304,305,337,369,401,433,465,497,529,530,531,532,564,596,628,660,661,662,694,724,725,726}
Current function value: 6.66787786174392E7
s**********************************************: 12
Current result: {232,233,234,235,236,237,264,269,296,324,328,356,360,385,386,387,388,392,420,421,422,423,424,456}
Current function value: 6.689978317412809E7
s**********************************************: 13
Current result: {232,264,296,328,360,392,423,424,454,455,485,486,515,516,517,546,547,577,578,608,609,610,642,674}
Current function value: 6.725442144720763E7
s**********************************************: 14
Current result: {232,233,264,295,296,327,328,360,361,393,394,395,425,453,454,455,456,457,458,459,460,485,492,493,494,517,526,527,528,529,530,547,548,549,562,563,564,579,596,597,611,629,661,669,693,694,701,726,727,728,729,730,731,732,733,764,796}
Current function value: 6.591092743268816E7
s**********************************************: 15
Current result: {202,203,204,205,232,233,234,237,239,265,269,270,271,297,303,304,329,336,361,368,393,394,400,401,425,433,453,454,455,456,457,465,497,529,530,562,563,564,596,628,660,692,724,725,726,727,728,760,761,793,794,826}
Current function value: 6.589927998446185E7
sRESULT**********************************************: 
result subgraph is: [202, 203, 204, 205, 232, 233, 234, 237, 239, 265, 269, 270, 271, 297, 303, 304, 329, 336, 361, 368, 393, 394, 400, 401, 425, 433, 453, 454, 455, 456, 457, 465, 497, 529, 530, 562, 563, 564, 596, 628, 660, 692, 724, 725, 726, 727, 728, 760, 761, 793, 794, 826]
------------------------------ test ends --------------------------------
