
------------------------------ test starts ------------------------------ 
s**********************************************: 2
Current result: {534,566,567,598}
Current function value: 6.822267926466525E7
s**********************************************: 3
Current result: {375,406,407,408,440,472,504,536,568,597,598,599,600}
Current function value: 6.749942036923166E7
s**********************************************: 4
Current result: {325,357,389,418,419,420,421,450,482,483,484,485}
Current function value: 7.282009420935611E7
s**********************************************: 5
Current result: {343,374,375,407,439,471,503,535,566,567}
Current function value: 6.78104881588001E7
s**********************************************: 6
Current result: {370,371,372,373,374,375,402,432,434,464,465,466}
Current function value: 6.563328480893528E7
s**********************************************: 7
Current result: {338,339,340,341,342,343,374,375,407,439,470,471,502,534,566,598,630}
Current function value: 6.54600418197782E7
s**********************************************: 8
Current result: {736,739,740,741,742,743,768,770,771,772,800,801,802,832,864,896}
Current function value: 7.12140126587411E7
s**********************************************: 9
Current result: {736,737,740,741,742,743,768,771,772,800,802,803,832,833,834,864,865,896}
Current function value: 7.174562276715922E7
s**********************************************: 10
Current result: {334,335,336,337,338,339,340,341,342,366,374,375,398,407,430,439,460,461,462,471,485,486,487,488,489,490,491,492,503,515,516,517,535,546,547,566,567,577,578,608,609,640,672,704,736,768,800,832,833,865}
Current function value: 6.532052660827636E7
s**********************************************: 11
Current result: {337,338,368,369,370,371,372,373,374,400,406,438,470,502,534,565,566,597}
Current function value: 6.5707544127058595E7
s**********************************************: 12
Current result: {343,372,373,374,375,404,430,431,432,433,434,435,436,460,461,462,492,524,556,588,620,650,651,652,679,680,681,682,711,739,740,741,742,743}
Current function value: 6.6612933102884166E7
s**********************************************: 13
Current result: {311,328,329,330,331,332,333,334,335,336,337,338,339,340,341,342,343,359,360,375,391,407,423,439,453,454,455,471,485,503,514,515,516,517,535,546,565,566,567,578,610,640,641,642,672,704,736,768,800}
Current function value: 6.604816065240969E7
s**********************************************: 14
Current result: {131,132,133,134,135,136,137,138,139,140,163,172,195,204,205,227,237,238,239,240,241,259,273,291,305,306,307,308,309,310,323,337,339,340,342,355,368,369,374,375,387,400,407,419,432,439,451,464,470,471,483,496,497,502,515,534,547,566,579,611,643,675,707,737,738,739,740,741,742,743,769,801,833,865,896,897,928}
Current function value: 6.561336629778222E7
s**********************************************: 15
Current result: {374,400,405,406,429,430,431,432,433,434,435,436,437,438,461,470,491,492,493,502,521,522,523,534,566,567,599,600,632}
Current function value: 6.5468176135773145E7
sRESULT**********************************************: 
result subgraph is: [334, 335, 336, 337, 338, 339, 340, 341, 342, 366, 374, 375, 398, 407, 430, 439, 460, 461, 462, 471, 485, 486, 487, 488, 489, 490, 491, 492, 503, 515, 516, 517, 535, 546, 547, 566, 567, 577, 578, 608, 609, 640, 672, 704, 736, 768, 800, 832, 833, 865]
------------------------------ test ends --------------------------------
