
------------------------------ test starts ------------------------------ 
s**********************************************: 2
Current result: {581,611,612,613,642,643,672,673,674,704,736,768,800}
Current function value: 7.10446021004706E7
s**********************************************: 3
Current result: {264,296,328,329,361,362,394}
Current function value: 6.901372292339534E7
s**********************************************: 4
Current result: {581,582,613,645,677,707,708,709,739}
Current function value: 7.020238937917845E7
s**********************************************: 5
Current result: {297,298,299,300,301,302,324,325,326,327,328,329}
Current function value: 6.9767144323951E7
s**********************************************: 6
Current result: {549,550,580,581,611,612,643,675,707,739,768,769,770,771,800}
Current function value: 6.84541555001549E7
s**********************************************: 7
Current result: {323,324,355,387,419,451,482,483,514,546,550,578,579,580,581,582,613}
Current function value: 6.8767445207883E7
s**********************************************: 8
Current result: {327,328,329,330,359,361,390,391,422,454,486,518,549,550,581,582,614}
Current function value: 6.71009449404511E7
s**********************************************: 9
Current result: {264,265,295,296,325,326,327,357,389,421,453,485,517,549,580,581,582,613}
Current function value: 6.716758145457363E7
s**********************************************: 10
Current result: {323,324,352,353,354,355,387,419,420,421,453,454,485,517,549,550,581,613,614,646}
Current function value: 6.716735382079822E7
s**********************************************: 11
Current result: {264,266,267,268,269,270,294,295,296,297,298,326,328,329,358,360,390,392,394,395,396,397,398,399,422,424,425,426,431,454,463,495}
Current function value: 6.805392966929273E7
s**********************************************: 12
Current result: {297,328,329,360,392,393,425,426,458,490,491,495,522,523,524,525,526,527,549,550,551,552,553,554,581,613}
Current function value: 6.6148521922860235E7
s**********************************************: 13
Current result: {264,296,326,327,328,329,358,389,390,418,419,420,421,450,482,483,485,515,516,517,549,550,582,613,614,646}
Current function value: 6.749045787912332E7
s**********************************************: 14
Current result: {296,297,326,327,328,329,359,360,391,392,393,422,423,453,454,485,486,487,517,548,549,550,579,580,611,643,675,707,739}
Current function value: 6.747467110917702E7
s**********************************************: 15
Current result: {264,265,297,329,330,331,358,363,385,386,387,388,389,390,395,422,427,454,459,486,487,488,489,490,491,519,551,552,580,581,582,583,584,614,646}
Current function value: 6.649850214857248E7
sRESULT**********************************************: 
result subgraph is: [297, 328, 329, 360, 392, 393, 425, 426, 458, 490, 491, 495, 522, 523, 524, 525, 526, 527, 549, 550, 551, 552, 553, 554, 581, 613]
------------------------------ test ends --------------------------------
