
------------------------------ test starts ------------------------------ 
s**********************************************: 2
Current result: {429,430,431,432,464}
Current function value: 6.77456811909833E7
s**********************************************: 3
Current result: {427,428,429,430,431,432,460,464,465}
Current function value: 6.5845485413589984E7
s**********************************************: 4
Current result: {396,427,428,429,430,431,432,464}
Current function value: 6.524070696503585E7
s**********************************************: 5
Current result: {428,429,430,431,432,460,464,465,497,529,560,561,592,624,656,688,720,752,784,816,848}
Current function value: 6.493992989648495E7
s**********************************************: 6
Current result: {396,397,428,429,459,460,461,462,463,464,465,492,524,556,588,620,652,684,716,748,780,812,844,876,877,909}
Current function value: 6.518793270596273E7
s**********************************************: 7
Current result: {326,327,359,360,392,424,425,426,427,432,433,459,460,461,462,463,464,465}
Current function value: 6.518797456323858E7
s**********************************************: 8
Current result: {323,354,355,356,357,358,390,422,423,424,425,426,427}
Current function value: 7.039382617802072E7
s**********************************************: 9
Current result: {427,428,429,432,459,461,462,463,464,465,497,529,530,562,594,595,625,626,627,657,688,689,719,720,751,783}
Current function value: 6.678058592446642E7
s**********************************************: 10
Current result: {427,428,429,430,431,432,433,460,461,465,493,497,525,557,589,590,622,654,686,718,750,782,814,846,878}
Current function value: 6.51589686606525E7
s**********************************************: 11
Current result: {423,424,425,426,427,428,429,430,431,432,454,455,459,464,482,483,484,485,486,491,496,497,523,555,587,619,651,683,715,747,779,811,812,844,876,908,940,941}
Current function value: 6.535395552680497E7
s**********************************************: 12
Current result: {359,360,392,393,394,395,396,428,429,430,431,432,460,461,464,492,524,556,588,620,652,684,715,716,747,779,811,843,844,845,877,909}
Current function value: 6.505339494573957E7
s**********************************************: 13
Current result: {354,355,356,357,389,390,391,392,393,394,395,396,422,428,432,454,460,461,462,463,464,484,485,486,496,516}
Current function value: 6.475762243360801E7
s**********************************************: 14
Current result: {261,262,263,264,265,266,293,298,325,330,362,394,426,427,459,460,461,462,463,464,465,495,497,527,559,591,623,654,655,686,718,750,782,814,846}
Current function value: 6.4924388610167556E7
s**********************************************: 15
Current result: {427,428,429,430,431,432,459,460,464,485,486,487,488,489,490,491,496,497,517,527,528,559,591,623,655,656,657,658,659,660,692}
Current function value: 6.4961115818906434E7
sRESULT**********************************************: 
result subgraph is: [354, 355, 356, 357, 389, 390, 391, 392, 393, 394, 395, 396, 422, 428, 432, 454, 460, 461, 462, 463, 464, 484, 485, 486, 496, 516]
------------------------------ test ends --------------------------------
