
------------------------------ test starts ------------------------------ 
s**********************************************: 2
Current result: {331,332,333,334,335,336,337}
Current function value: 6.527519151085976E7
s**********************************************: 3
Current result: {301,302,303,333,335,336}
Current function value: 6.645563652542274E7
s**********************************************: 4
Current result: {268,300,303,331,332,333,334,335,367,368}
Current function value: 6.591690469171941E7
s**********************************************: 5
Current result: {297,298,299,300,301,302,303,304,329,336,337,357,358,359,360,361,369}
Current function value: 6.5458890448965736E7
s**********************************************: 6
Current result: {296,297,298,299,300,301,302,325,326,327,328,334,335,336,337,338,369}
Current function value: 6.5916463895014115E7
s**********************************************: 7
Current result: {268,300,301,302,303,331,332,333,335,336,337,363,369,401,433,464,465,496,528,560,592,624,656,688,720,752,784,816,848}
Current function value: 6.617742617987071E7
s**********************************************: 8
Current result: {232,264,296,305,328,330,331,332,333,334,335,336,337,338,360,362,369,392,393,394}
Current function value: 6.547809132559817E7
s**********************************************: 9
Current result: {300,301,302,303,304,331,332,336,368,369,400,432,464,496,528,560,592,624,656,688,720,752,784,816,848}
Current function value: 6.602409395136512E7
s**********************************************: 10
Current result: {300,331,332,333,334,335,336,357,358,359,360,361,362,363,389,418,419,420,421,450,482,514,546}
Current function value: 6.538233071886615E7
s**********************************************: 11
Current result: {256,257,258,259,260,261,262,263,264,265,266,267,268,291,299,300,301,305,322,323,331,333,334,335,337,338,354,363,367,368,369,370,394,395,426}
Current function value: 6.659272263812837E7
s**********************************************: 12
Current result: {299,300,301,302,303,304,330,331,332,335,336,352,353,354,355,356,357,358,359,360,361,362,364,367,368,369,384,416}
Current function value: 7.087371498110451E7
s**********************************************: 13
Current result: {268,300,301,304,327,331,332,333,334,335,336,359,360,361,362,363,368,369,391,423,454,455,486,516,517,518}
Current function value: 6.6156607395317726E7
s**********************************************: 14
Current result: {303,304,305,331,332,333,334,335,336,363,368,369,385,386,387,388,389,390,391,392,393,394,395,400,417,432,449,464,481,496,528,560,592}
Current function value: 6.7026391803772695E7
s**********************************************: 15
Current result: {268,300,301,302,304,305,332,333,334,335,336,356,357,358,359,360,361,362,363,364,368,369,388,400,420,432,452,464,484,496,528,560,592,624,656,688,720,752,784,816,817}
Current function value: 7.113826212602034E7
sRESULT**********************************************: 
result subgraph is: [331, 332, 333, 334, 335, 336, 337]
------------------------------ test ends --------------------------------
