
------------------------------ test starts ------------------------------ 
s**********************************************: 2
Current result: {705,737,768,769,800,832}
Current function value: 7.300131909047413E7
s**********************************************: 3
Current result: {959}
Current function value: 7.335052604055004E7
s**********************************************: 4
Current result: {208,240,241,242,243,275,307,308,309}
Current function value: 7.04520071117171E7
s**********************************************: 5
Current result: {175,207,239,271,300,301,302,303,332,364,396}
Current function value: 7.120813788662797E7
s**********************************************: 6
Current result: {229,261,262,263,295,327,359,360,361,362,363,364,396}
Current function value: 6.906827527484061E7
s**********************************************: 7
Current result: {210,242,274,275,307,338,339,370,396,397,398,399,400,401,402}
Current function value: 6.958061022045785E7
s**********************************************: 8
Current result: {384,385,386,416,418,450,451,483,515,516,517,518,519,520,547,579,611}
Current function value: 6.913803175905398E7
s**********************************************: 9
Current result: {237,238,239,240,241,242,256,269,274,275,288,301,320,321,322,323,324,325,326,327,328,329,330,331,332,333,358,390,422,454,486,518,550,582,613,614,642,643,644,645}
Current function value: 6.946897741234289E7
s**********************************************: 10
Current result: {354,355,356,388,389,390,391,392,393,394,395,396,419,420,422,428,454,486,518}
Current function value: 6.726633480734669E7
s**********************************************: 11
Current result: {174,206,207,208,209,210,211,238,243,270,275,302,334,363,364,365,366,395,396,428}
Current function value: 6.632847740262868E7
s**********************************************: 12
Current result: {204,205,206,207,208,209,236,241,268,300,332,354,362,363,364,386,387,388,389,390,391,392,393,394,396}
Current function value: 6.690834061895971E7
s**********************************************: 13
Current result: {277,309,332,338,339,340,341,364,365,366,367,368,369,370,372,391,392,393,394,395,396,404,421,422,423,453}
Current function value: 6.632820086028531E7
s**********************************************: 14
Current result: {206,207,208,209,210,238,242,243,269,270,275,301,333,364,365,392,393,394,395,396,424,456,486,487,488,516,517,518}
Current function value: 6.678816270891543E7
s**********************************************: 15
Current result: {77,109,141,173,174,206,207,237,238,239,240,241,242,243,269,275,276,300,301,332,364,396,428,458,459,460,488,489,490,520}
Current function value: 6.623215808160171E7
sRESULT**********************************************: 
result subgraph is: [77, 109, 141, 173, 174, 206, 207, 237, 238, 239, 240, 241, 242, 243, 269, 275, 276, 300, 301, 332, 364, 396, 428, 458, 459, 460, 488, 489, 490, 520]
------------------------------ test ends --------------------------------
