
------------------------------ test starts ------------------------------ 
s**********************************************: 2
Current result: {303,304,335,336,368}
Current function value: 6.64389958315762E7
s**********************************************: 3
Current result: {303,304,336,337,368,369}
Current function value: 6.541789690891911E7
s**********************************************: 4
Current result: {299,300,301,302,303,305,331,335,336,337,368,369}
Current function value: 6.605441764263461E7
s**********************************************: 5
Current result: {301,302,303,304,305,331,332,333,336,337,369}
Current function value: 6.538867308167293E7
s**********************************************: 6
Current result: {300,301,302,303,304,305,331,332,335,336,337,368}
Current function value: 6.6691453378222354E7
s**********************************************: 7
Current result: {268,300,303,304,305,331,332,333,334,335,336,337,368,400,432,464,496,528,560,591,592,623,655,687,719,751,783,814,815,846}
Current function value: 6.722490303857921E7
s**********************************************: 8
Current result: {226,258,259,260,292,293,294,295,296,297,298,300,301,302,303,304,330,331,332,336,337,369}
Current function value: 6.546039586612173E7
s**********************************************: 9
Current result: {300,301,302,303,304,326,327,328,329,330,331,332,336,337,354,355,356,357,358,368,369}
Current function value: 6.5761102416499004E7
s**********************************************: 10
Current result: {268,300,301,302,303,304,330,331,332,336,337,360,361,362,369,390,391,392,422,450,451,452,453,454,482,514,546,578,610,611,612,613}
Current function value: 6.8242625046431E7
s**********************************************: 11
Current result: {303,304,305,332,333,334,335,336,361,362,363,364,368,390,391,392,393,420,421,422,451,452,482,483,514,546,578,610,642}
Current function value: 6.549450920455604E7
s**********************************************: 12
Current result: {268,300,301,302,303,304,305,329,330,331,332,335,336,337,359,360,361,367,369,391,399,423,431,455,463,487,495,519,526,527,558,590,622,654,686,718}
Current function value: 6.984936152463856E7
s**********************************************: 13
Current result: {305,332,333,334,335,336,337,369,401,433,465,497,529,561,592,593,623,624,655,687,719,751,783,814,815,846,878,910}
Current function value: 6.562539846652439E7
s**********************************************: 14
Current result: {268,299,300,301,302,303,304,331,333,335,336,337,338,365,368,370,397,429,461,493,525,557,589,621,653,685,717,749,781,813,845,877,878}
Current function value: 6.989380881683452E7
s**********************************************: 15
Current result: {258,268,290,300,301,302,303,305,322,323,324,325,326,327,328,329,330,331,332,335,336,337,355,364,368,369,396,428,460,461,493,494,526,558,590,622,654,686,718,750,782,814,846,878,879}
Current function value: 7.45641080991237E7
sRESULT**********************************************: 
result subgraph is: [301, 302, 303, 304, 305, 331, 332, 333, 336, 337, 369]
------------------------------ test ends --------------------------------
