
------------------------------ test starts ------------------------------ 
s**********************************************: 2
Current result: {303,305,335,336,337}
Current function value: 6.5520699669998385E7
s**********************************************: 3
Current result: {300,301,302,303,304,305,337,369}
Current function value: 6.538486598871287E7
s**********************************************: 4
Current result: {303,304,305,335,337,338,368,369}
Current function value: 6.5498541122456305E7
s**********************************************: 5
Current result: {299,300,301,302,303,304,305,331}
Current function value: 6.5423828225822404E7
s**********************************************: 6
Current result: {300,301,302,303,304,331,332,333,336,337,368,369}
Current function value: 6.569555656347543E7
s**********************************************: 7
Current result: {300,302,303,304,305,331,332,333,334,336,337,338,368,369}
Current function value: 6.768687963721853E7
s**********************************************: 8
Current result: {260,261,291,292,300,301,302,303,304,305,322,323,324,325,326,327,328,329,330,331,332,336,354,364}
Current function value: 6.564439746335461E7
s**********************************************: 9
Current result: {267,299,300,301,302,303,304,305,332,335,364,367,399,431,463,495,527,559,591,623,655,687,719,751,783,815,847,879}
Current function value: 6.560822180301047E7
s**********************************************: 10
Current result: {303,305,332,333,334,335,336,337,361,362,363,364,368,369,390,391,392,393,400,432,464,496,528,560,591,592,623,655,687,719,720,752,784,816}
Current function value: 6.660502673651095E7
s**********************************************: 11
Current result: {299,300,301,302,303,331,335,336,337,338,360,361,362,363,368,369,392,400,424,432,464,496,528,560,592,624,656,688,720,752,784,816}
Current function value: 6.646337712717229E7
s**********************************************: 12
Current result: {303,304,305,306,326,327,328,329,330,331,332,333,334,335,336,337,358,368,390,400,432,464,496,528,560,592,624,656,688,719,720,751,783,815,847,879}
Current function value: 6.5860678445059866E7
s**********************************************: 13
Current result: {139,171,172,173,205,237,268,269,300,301,302,303,304,305,331,332,333,337,364,368,369,396,397,429,461,493,494,526,558,590,622,654,686,718,750,782,783,815,816,846,847,878}
Current function value: 6.816777730566959E7
s**********************************************: 14
Current result: {268,300,304,332,333,334,335,336,337,338,364,394,395,396,426}
Current function value: 6.5580880308469936E7
s**********************************************: 15
Current result: {268,296,297,298,299,300,303,325,326,327,328,332,333,334,335,357,365,388,389,397,420,429,461,493,525,557,589,621,653,685,717,749,781,813,845,876,877}
Current function value: 6.587907817353404E7
sRESULT**********************************************: 
result subgraph is: [300, 301, 302, 303, 304, 305, 337, 369]
------------------------------ test ends --------------------------------
