
------------------------------ test starts ------------------------------ 
s**********************************************: 2
Current result: {428,460}
Current function value: 6.900984749273375E7
s**********************************************: 3
Current result: {356,357,358,390,391,392,393,394,395,396,428}
Current function value: 6.898315844890568E7
s**********************************************: 4
Current result: {356,388,389,390,391,392,393,394,395,396}
Current function value: 6.897134095329872E7
s**********************************************: 5
Current result: {396,397,398,399,400,401,402,403,404,428,436,468,500,532,564,596,628,660,661,662}
Current function value: 6.774742482248841E7
s**********************************************: 6
Current result: {228,260,292,324,356,388,420,450,451,452,482,514}
Current function value: 7.025470893610588E7
s**********************************************: 7
Current result: {228,260,292,324,356,357,358,390,391,392,393,422}
Current function value: 7.111139659315456E7
s**********************************************: 8
Current result: {390,391,392,393,394,395,396,422,428,453,454,460,482,483,484,485}
Current function value: 6.773510001104105E7
s**********************************************: 9
Current result: {325,354,355,356,357,388,389,390,391,392,393,394,395,396,422,428,460}
Current function value: 6.642011117371732E7
s**********************************************: 10
Current result: {138,170,202,234,266,298,327,330,359,360,362,392,393,394,395,396,424,425,428}
Current function value: 6.813734248734972E7
s**********************************************: 11
Current result: {228,260,292,324,354,355,356,357,358,386,418,450,482,514,515,547,579,580,612,644,676,708,740}
Current function value: 6.847726258094291E7
s**********************************************: 12
Current result: {240,241,242,270,271,272,274,275,276,277,300,301,302,309,332,341,364,373,396,405,428,437,469,501,533,565,597,629,661,693,725}
Current function value: 6.804832253161782E7
s**********************************************: 13
Current result: {354,358,386,387,388,389,390,391,392,393,422,425,426,427,428,454,486,518,550,582,614,646,678,710,742,774,806,838,839}
Current function value: 7.012467615655456E7
s**********************************************: 14
Current result: {224,225,226,227,228,229,258,261,290,293,322,325,326,327,328,329,330,353,354,362,363,364,385,396,397,428}
Current function value: 6.626262294324714E7
s**********************************************: 15
Current result: {196,197,198,199,200,201,202,203,204,205,206,207,208,209,224,225,226,227,228,241,242,243,244,260,276,277,278,292,310,324,342,343,344,356,376,388,408,420,440,452,484,516}
Current function value: 6.711046272226095E7
sRESULT**********************************************: 
result subgraph is: [224, 225, 226, 227, 228, 229, 258, 261, 290, 293, 322, 325, 326, 327, 328, 329, 330, 353, 354, 362, 363, 364, 385, 396, 397, 428]
------------------------------ test ends --------------------------------
