
------------------------------ test starts ------------------------------ 
s**********************************************: 2
Current result: {354,355,356}
Current function value: 7.284488746784927E7
s**********************************************: 3
Current result: {258,259,291,323,355,356}
Current function value: 7.264062051254267E7
s**********************************************: 4
Current result: {295,322,323,324,325,326,327,353,354,385}
Current function value: 7.1879836415701E7
s**********************************************: 5
Current result: {388,420,452,484,516,517,549,581,613}
Current function value: 7.294071670458494E7
s**********************************************: 6
Current result: {263,294,295,324,325,326,356,386,387,388}
Current function value: 7.062634949893469E7
s**********************************************: 7
Current result: {384,385,386,387,388,420,452,453,485,517,549,581,613,614,646,678,710,742,774}
Current function value: 7.11600609003415E7
s**********************************************: 8
Current result: {261,262,294,295,296,328,360,391,392,423,455,487,518,519}
Current function value: 6.972506386740057E7
s**********************************************: 9
Current result: {563,564,595,627,653,654,655,656,657,658,659,678,679,680,681,682,683,684,685,710,742,743,775,807,839,871}
Current function value: 6.833049742996198E7
s**********************************************: 10
Current result: {261,262,263,295,327,359,360,361,362,363,364,396,397,398,399,400,401,402,403,432,464,496,528,559,560,591,623,655,686,687,719,727,728,729,730,731,732,733,734,735,751,752,753,754,755,756,757,758,759,785}
Current function value: 6.779430119355124E7
s**********************************************: 11
Current result: {388,389,390,391,392,393,394,395,396,397,398,399,400,401,402,403,404,405,437,468,469,500,532,564,596,628}
Current function value: 6.86470477503789E7
s**********************************************: 12
Current result: {258,259,260,292,324,356,387,388,419,451,483,514,515,516,548,580,612,644,676,708,740,741}
Current function value: 6.837767312585819E7
s**********************************************: 13
Current result: {144,145,146,147,148,169,170,171,172,173,174,175,176,180,201,212,233,244,262,263,264,265,276,277,294,309,324,326,341,356,357,358,390,422}
Current function value: 6.828413592254321E7
s**********************************************: 14
Current result: {354,355,356,357,358,359,384,385,386,391,392,393,394,395,396,397,398,399,400,401,402,403,416,418,449,450,482}
Current function value: 6.647945339514263E7
s**********************************************: 15
Current result: {34,66,67,68,69,70,71,72,73,74,101,106,133,165,197,224,225,226,227,228,229,256,261,262,263,295}
Current function value: 6.731278435977E7
sRESULT**********************************************: 
result subgraph is: [354, 355, 356, 357, 358, 359, 384, 385, 386, 391, 392, 393, 394, 395, 396, 397, 398, 399, 400, 401, 402, 403, 416, 418, 449, 450, 482]
------------------------------ test ends --------------------------------
