
------------------------------ test starts ------------------------------ 
s**********************************************: 2
Current result: {332,333,363,364}
Current function value: 6.783147685050175E7
s**********************************************: 3
Current result: {332,333,334,335,336,364,368,369}
Current function value: 6.584976355962728E7
s**********************************************: 4
Current result: {304,305,331,336,363,364,365,366,367,368}
Current function value: 6.5476198117942356E7
s**********************************************: 5
Current result: {301,302,303,304,333,336,337,364,365,369}
Current function value: 6.546456482602132E7
s**********************************************: 6
Current result: {331,332,333,334,335,336,337,363,364,395,424,425,426,427}
Current function value: 6.560178242821511E7
s**********************************************: 7
Current result: {226,227,228,229,230,231,232,233,234,258,266,290,298,299,300,322,332,333,334,335,336,337,354,368,369}
Current function value: 6.512903391895873E7
s**********************************************: 8
Current result: {332,333,336,337,338,363,364,365,366,367,368,370,395,400,432,464,496,528,560,592,624,656,688,720,752,782,783,784,814,846,878}
Current function value: 6.541351344534685E7
s**********************************************: 9
Current result: {299,300,306,331,332,338,358,359,360,361,362,363,364,365,366,367,368,369,370}
Current function value: 6.553088946364804E7
s**********************************************: 10
Current result: {303,304,305,331,332,333,334,335,336,337,363,368,395}
Current function value: 6.646476355520111E7
s**********************************************: 11
Current result: {304,305,333,334,335,336,337,363,364,365,369,384,385,386,387,388,389,390,394,395,422,423,424,425,426}
Current function value: 6.556778723362081E7
s**********************************************: 12
Current result: {196,225,228,229,257,258,259,260,290,322,354,355,356,388,389,390,422,454,485,486,517}
Current function value: 7.042611359499931E7
s**********************************************: 13
Current result: {304,305,329,330,331,332,333,334,335,336,360,361,392,424,456,488,520,552,584,616,648,680,681,682,683,715}
Current function value: 6.563128397860267E7
s**********************************************: 14
Current result: {229,256,257,258,259,260,261,262,263,264,288,296,305,328,329,330,331,332,333,334,335,336,337,338,363,364,368,369,395,400}
Current function value: 6.76883512101883E7
s**********************************************: 15
Current result: {299,300,305,326,327,328,329,330,331,332,333,334,335,336,337,338,358,364,365,367,388,389,390,399,431,463,495,527,559,591}
Current function value: 6.5441984397379346E7
sRESULT**********************************************: 
result subgraph is: [226, 227, 228, 229, 230, 231, 232, 233, 234, 258, 266, 290, 298, 299, 300, 322, 332, 333, 334, 335, 336, 337, 354, 368, 369]
------------------------------ test ends --------------------------------
