
------------------------------ test starts ------------------------------ 
s**********************************************: 2
Current result: {429,430,431,463,464}
Current function value: 6.846618845554376E7
s**********************************************: 3
Current result: {230,262,293,294,325}
Current function value: 7.163720482898504E7
s**********************************************: 4
Current result: {485,486,514,515,516,517,546}
Current function value: 7.139162263263199E7
s**********************************************: 5
Current result: {355,356,357,358,359,360,392,393,425,426,427,428,429,430,431,432,460}
Current function value: 6.515135967105369E7
s**********************************************: 6
Current result: {397,429,457,458,459,460,461,462,463,464,483,484,485,486,487,488,489,515,547,579,611}
Current function value: 6.664920576568161E7
s**********************************************: 7
Current result: {324,356,388,420,452,482,483,484,485,486,513,514,518,519,520}
Current function value: 6.979478865448038E7
s**********************************************: 8
Current result: {358,390,397,422,423,429,432,455,458,459,460,461,462,463,464,487,488,489,490,519}
Current function value: 6.486100969653637E7
s**********************************************: 9
Current result: {259,260,261,262,294,295,327,328,329,361,362,363,395,427,428,429,460}
Current function value: 6.6617809280672066E7
s**********************************************: 10
Current result: {397,429,432,459,460,461,462,463,464,491,516,517,518,519,520,521,522,523,548,579,580,611,643}
Current function value: 6.524859930439272E7
s**********************************************: 11
Current result: {354,355,356,357,389,390,391,392,424,425,426,427,428,429,430,431,432,460,464,492,524,556,588,620,652,683,684,704,705,706,707,708,709,710,711,712,713,714,715,736,747,768,779,800,811,832,843,875,876,877,878,909,941}
Current function value: 6.622103391851504E7
s**********************************************: 12
Current result: {358,390,422,423,424,425,426,427,428,453,454,460,461,462,463,464,483,484,485,492,515,524,556,588,620,652,684,716,748,780,812,844,845,877,908,909}
Current function value: 6.5725824570715465E7
s**********************************************: 13
Current result: {256,257,258,259,260,292,324,356,358,359,360,361,362,388,389,390,394,395,396,397,420,422,426,427,452}
Current function value: 6.758577809308429E7
s**********************************************: 14
Current result: {355,387,388,389,390,391,392,393,394,395,396,397,416,417,418,419,428,429,430,431,432,448,459,460,480,492,512,524,544,556,576,588,620,652,684,716,748,780,812,844,876,908}
Current function value: 6.5514939577880606E7
s**********************************************: 15
Current result: {298,330,331,353,354,355,356,357,363,385,389,390,391,392,393,394,395,396,397,428,429,430,431,432,460,492,524,556,588,620,652,684,716,748,780,812,813,844,876,877,878,909,941}
Current function value: 6.601366207850377E7
sRESULT**********************************************: 
result subgraph is: [358, 390, 397, 422, 423, 429, 432, 455, 458, 459, 460, 461, 462, 463, 464, 487, 488, 489, 490, 519]
------------------------------ test ends --------------------------------
