
------------------------------ test starts ------------------------------ 
s**********************************************: 2
Current result: {396,397,427,428}
Current function value: 6.694362611248313E7
s**********************************************: 3
Current result: {358,359,391,392,393,394,395,396,427,428,460}
Current function value: 6.6270481211515576E7
s**********************************************: 4
Current result: {356,357,389,390,391,392,393,394,395,396,397,427,428,429}
Current function value: 6.519635773702005E7
s**********************************************: 5
Current result: {396,397,398,399,400,428,432,460,464,465}
Current function value: 6.5290268298912756E7
s**********************************************: 6
Current result: {325,326,358,359,360,361,393,394,395,427,459,460,461,462,463,464}
Current function value: 6.709959223213556E7
s**********************************************: 7
Current result: {357,358,359,391,423,425,426,427,428,429,430,431,432,433,455,456,457,464,465}
Current function value: 6.525783213736996E7
s**********************************************: 8
Current result: {428,429,430,431,432,460,464,465,492,493,525,557,589,621,653,685,717,718,750,751,783,815,847,879}
Current function value: 6.526469620290213E7
s**********************************************: 9
Current result: {400,427,428,429,430,431,432,456,457,458,459,464,485,486,487,488,491,523,555,587,619,651,683,715,747,779,811,843,844,876,908,909}
Current function value: 6.521583122088998E7
s**********************************************: 10
Current result: {330,331,332,364,396,397,398,399,400,428,432,455,456,457,458,459,460,464,483,484,485,486,487,496,528,560,592,624,656,688,720,752,784,816,846,848,878,879,880}
Current function value: 6.542056822281522E7
s**********************************************: 11
Current result: {396,397,398,399,400,423,424,425,426,427,428,432,455,460,464,485,486,487,517,549,581,613}
Current function value: 6.612122283327292E7
s**********************************************: 12
Current result: {260,261,262,294,326,358,359,360,389,390,392,393,394,395,396,397,398,399,419,420,421,431,432,451}
Current function value: 6.610819696666549E7
s**********************************************: 13
Current result: {396,397,427,428,429,430,431,432,459,491,523,555,587,619,650,651,682,714,746,778,810,811,812,813,845,877,878,910}
Current function value: 6.583335703578553E7
s**********************************************: 14
Current result: {265,266,297,327,328,329,359,385,386,387,388,389,390,391,392,393,394,400,426,427,428,429,430,431,432,460,464,496,528,560,592,623,624,655,687,719,751,783,815,847,878,879}
Current function value: 6.536898526014681E7
s**********************************************: 15
Current result: {224,256,257,258,259,260,261,293,325,357,389,390,391,392,396,424,425,426,427,428,429,430,431,432,460,492,524,556,588,620,652,684,716,748,780,812,843,844,875,876,877}
Current function value: 6.539284613060393E7
sRESULT**********************************************: 
result subgraph is: [356, 357, 389, 390, 391, 392, 393, 394, 395, 396, 397, 427, 428, 429]
------------------------------ test ends --------------------------------
