
------------------------------ test starts ------------------------------ 
s**********************************************: 2
Current result: {396,397,429,430,431,432,464}
Current function value: 6.539924525560027E7
s**********************************************: 3
Current result: {228,260,291,292,323,324,325}
Current function value: 7.215252764866216E7
s**********************************************: 4
Current result: {399,400,429,430,431,432,464,465}
Current function value: 6.511440293315675E7
s**********************************************: 5
Current result: {200,232,264,296,297,298,330,331,363,364,396,397,398,399,400,429}
Current function value: 6.672092600488613E7
s**********************************************: 6
Current result: {399,400,421,422,423,424,425,426,427,428,429,430,431,453,485,517,549,581,613,645}
Current function value: 6.5461904714290835E7
s**********************************************: 7
Current result: {427,428,429,430,431,432,459,460,464,465,487,488,489,490,491,519}
Current function value: 6.510714659992787E7
s**********************************************: 8
Current result: {263,295,296,297,329,330,331,332,364,396,428,429,430,431,432}
Current function value: 6.526849516315483E7
s**********************************************: 9
Current result: {358,359,391,392,397,399,400,424,425,426,427,428,429,430,431,432,464,496}
Current function value: 6.718103644243911E7
s**********************************************: 10
Current result: {230,231,232,264,296,297,329,361,393,394,397,398,399,400,426,427,429,432,459,460,461,464}
Current function value: 6.519275722051294E7
s**********************************************: 11
Current result: {388,396,420,421,422,423,424,425,426,427,428,453,454,459,460,486,518,549,550,551,552,581,611,612,613,643,675,707,739}
Current function value: 6.58781861155209E7
s**********************************************: 12
Current result: {354,355,356,357,389,390,391,392,421,424,425,426,427,428,453,460,483,484,485,492,515,524,546,547,556,588,620,652,684,716,748,780,812,844,876,908,909,941}
Current function value: 6.619438857254781E7
s**********************************************: 13
Current result: {228,260,261,262,263,264,265,266,298,330,331,332,364,396,397,398,399,400,427,428,429,432,460,463,464,465}
Current function value: 7.199361300106657E7
s**********************************************: 14
Current result: {227,228,229,258,259,261,293,325,326,358,359,360,392,393,394,395,396,428,432,460,461,462,463,464,465,496,528,560,592,624,656,688,720,752,784,816,848}
Current function value: 6.5522836449134305E7
s**********************************************: 15
Current result: {358,390,397,399,400,422,423,424,425,426,427,428,429,430,431,432,460,463,464,465,495,527,559,591,623,655,687,719,720,752,784,816,848}
Current function value: 6.857921256952846E7
sRESULT**********************************************: 
result subgraph is: [427, 428, 429, 430, 431, 432, 459, 460, 464, 465, 487, 488, 489, 490, 491, 519]
------------------------------ test ends --------------------------------
