
------------------------------ test starts ------------------------------ 
s**********************************************: 2
Current result: {324,325,356,388}
Current function value: 7.218678111452614E7
s**********************************************: 3
Current result: {240,241,242,243,275,276}
Current function value: 7.255083370081802E7
s**********************************************: 4
Current result: {210,211,212,244,276,308,340,372,373,405,437}
Current function value: 7.04185108860423E7
s**********************************************: 5
Current result: {293,322,324,325,354,355,356,388,389,390}
Current function value: 7.106497811254519E7
s**********************************************: 6
Current result: {208,209,210,242,274,275,276,277,308}
Current function value: 7.076757782426713E7
s**********************************************: 7
Current result: {388,389,390,391,392,393,394,395,396,423,428}
Current function value: 6.838449395661014E7
s**********************************************: 8
Current result: {208,209,210,211,240,243,271,272,303,335,366,367,394,395,396,397,398}
Current function value: 6.853890593097003E7
s**********************************************: 9
Current result: {296,297,298,330,331,332,362,363,388,389,390,391,392,393,394,395,396,428,460}
Current function value: 6.754254956272112E7
s**********************************************: 10
Current result: {396,397,398,399,400,401,402,403,404,428,436,468,500,532,564,596,628,629,630,631,660,663,695,696,728,760}
Current function value: 6.633607856667275E7
s**********************************************: 11
Current result: {210,242,243,271,272,273,274,275,303,322,323,324,335,356,357,358,359,365,366,367,391,392,393,394,397,426,427,428,429}
Current function value: 6.720390552988267E7
s**********************************************: 12
Current result: {390,391,392,393,394,395,396,397,398,399,400,422,427,428,432,433,434,435,436,452,453,454,468,482,483,484,500,532,533,534,566,598,630,661,662,693,725}
Current function value: 6.6328303194308825E7
s**********************************************: 13
Current result: {298,324,330,356,357,362,389,390,394,397,422,423,424,425,426,427,428,429,454,486,516,517,518,550,582,583,584}
Current function value: 6.612123312262941E7
s**********************************************: 14
Current result: {205,206,207,208,234,235,236,237,266,298,330,362,392,393,394,395,396,397,420,421,422,423,424,429,452,461,484,493,516,524,525,556,588}
Current function value: 6.701266941983337E7
s**********************************************: 15
Current result: {353,354,355,356,357,358,359,360,361,362,384,385,394,395,396,416,428,448,459,460,461,480,512,513,545,577,609,610,642,673,674,705}
Current function value: 6.602544861462843E7
sRESULT**********************************************: 
result subgraph is: [353, 354, 355, 356, 357, 358, 359, 360, 361, 362, 384, 385, 394, 395, 396, 416, 428, 448, 459, 460, 461, 480, 512, 513, 545, 577, 609, 610, 642, 673, 674, 705]
------------------------------ test ends --------------------------------
