
------------------------------ test starts ------------------------------ 
s**********************************************: 2
Current result: {269,300,301,333}
Current function value: 6.850350158437805E7
s**********************************************: 3
Current result: {268,269,270,302,303,304,305}
Current function value: 6.621749748980051E7
s**********************************************: 4
Current result: {270,271,272,273,305,306,338}
Current function value: 6.526252737190542E7
s**********************************************: 5
Current result: {242,269,270,271,272,273,274,305,306,338}
Current function value: 6.5378497356349275E7
s**********************************************: 6
Current result: {269,270,271,272,273,300,301,305,306,331,332,338,363}
Current function value: 6.530229356130448E7
s**********************************************: 7
Current result: {268,270,271,272,273,300,301,302,305,306,307,332,333,338}
Current function value: 6.527424532178392E7
s**********************************************: 8
Current result: {232,233,264,265,266,267,268,269,270,271,272,273,296,300,301,305,306,307,328,339,355,356,357,358,359,360,392,423,424}
Current function value: 6.551988204427234E7
s**********************************************: 9
Current result: {144,176,177,209,238,241,269,270,271,272,273,300,301,305,306,333,365,397,429,461,493,525,557,589,621,653,683,684,685,715,744,745,746,747,775,776,807,839,871,903,904,936}
Current function value: 6.5972833143439166E7
s**********************************************: 10
Current result: {268,269,270,271,272,273,274,300,306,307,331,332,338,359,360,361,362,363,391,423,455}
Current function value: 6.5357793599822894E7
s**********************************************: 11
Current result: {269,270,271,272,273,299,300,301,305,306,331,359,360,361,362,363,391,423,451,455,483,484,485,487,517,518,519}
Current function value: 6.50432458164977E7
s**********************************************: 12
Current result: {270,271,272,273,301,302,305,306,325,328,329,330,331,332,333,357,358,359,360,362,363,391,423,455}
Current function value: 6.5458503160211645E7
s**********************************************: 13
Current result: {209,241,268,269,270,271,272,273,300,301,305,306,332,363,364,394,395,422,423,424,425,426,453,454,485,517,549,581,613,645,677,709,741,742,774,806,838,840,870,871,872,873,905}
Current function value: 6.744861587375288E7
s**********************************************: 14
Current result: {269,270,271,272,273,274,298,299,300,301,306,331,333,338,339,340,341,342,343,363,375,376,395,408,409,410,426,427,442,457,458,474,475,476,487,488,489,508,518,519,540,572,602,603,604,634,666,698,730,762,794,795}
Current function value: 6.652516426738035E7
s**********************************************: 15
Current result: {110,142,143,144,176,177,208,209,240,270,271,272,273,274,299,300,301,302,306,331,353,363,385,386,387,388,389,390,391,392,393,394,395}
Current function value: 6.555729127019314E7
sRESULT**********************************************: 
result subgraph is: [269, 270, 271, 272, 273, 299, 300, 301, 305, 306, 331, 359, 360, 361, 362, 363, 391, 423, 451, 455, 483, 484, 485, 487, 517, 518, 519]
------------------------------ test ends --------------------------------
