
------------------------------ test starts ------------------------------ 
s**********************************************: 2
Current result: {398,399,400,401}
Current function value: 6.720600160154288E7
s**********************************************: 3
Current result: {398,399,400,401,430,433,434}
Current function value: 6.5203369065716274E7
s**********************************************: 4
Current result: {396,397,398,399,400,401,402,430,434}
Current function value: 6.4997564680162445E7
s**********************************************: 5
Current result: {371,395,396,397,398,399,400,401,402,403,433,434}
Current function value: 6.492465543499602E7
s**********************************************: 6
Current result: {357,358,359,366,371,391,398,399,400,401,402,403,423,429,430,455,456,457,458,459,460,461}
Current function value: 6.60261333618018E7
s**********************************************: 7
Current result: {396,398,401,402,423,424,425,426,427,428,429,430,431,432,433,455}
Current function value: 6.4959122889649436E7
s**********************************************: 8
Current result: {324,356,357,358,359,360,361,362,363,364,365,366,367,368,369,371,396,401,402,403,433}
Current function value: 6.523118685708762E7
s**********************************************: 9
Current result: {366,397,398,401,402,423,424,425,426,427,428,429,430,431,432,433,434,455,487}
Current function value: 6.523610155694551E7
s**********************************************: 10
Current result: {366,396,397,398,399,400,401,429,430,433,454,455,456,457,458,459,460,461,486,488,520,552,584,616,648,680,712,744,776,808,839,840,871,903,935,936}
Current function value: 6.6766785436460726E7
s**********************************************: 11
Current result: {370,371,392,393,394,395,396,397,401,402,421,422,423,424,429,430,431,432,433,453,485,517}
Current function value: 6.552285469790078E7
s**********************************************: 12
Current result: {296,297,324,325,326,327,328,329,330,331,353,354,355,356,363,384,385,395,396,416,428,448,480,512,513}
Current function value: 6.787731138524492E7
s**********************************************: 13
Current result: {359,360,361,362,363,364,366,367,368,391,396,397,398,400,401,402,423,430,433,434,455,487,516,517,518,519,546,547,548,578,610,611}
Current function value: 6.604480257257811E7
s**********************************************: 14
Current result: {352,353,354,366,369,386,397,398,399,401,402,418,419,427,428,429,431,432,433,434,451,452,459,484,485,486,487,488,489,490,491}
Current function value: 6.5208965038947515E7
s**********************************************: 15
Current result: {362,363,366,367,368,369,391,392,393,394,395,396,398,401,402,423,428,429,430,434,451,452,453,454,455,481,482,483,513,545,577,609,641,673,704,705,736,768,800,832}
Current function value: 6.519831294238204E7
sRESULT**********************************************: 
result subgraph is: [371, 395, 396, 397, 398, 399, 400, 401, 402, 403, 433, 434]
------------------------------ test ends --------------------------------
