
------------------------------ test starts ------------------------------ 
s**********************************************: 2
Current result: {270,302,333,334}
Current function value: 6.966111329589948E7
s**********************************************: 3
Current result: {269,300,301,302,303,304,305,306,338,339}
Current function value: 6.527772990132403E7
s**********************************************: 4
Current result: {269,270,271,272,273,300,301,305,306}
Current function value: 6.562275637365466E7
s**********************************************: 5
Current result: {269,301,302,303,304,305,306,307,333,339}
Current function value: 6.527641425599935E7
s**********************************************: 6
Current result: {204,236,268,270,300,301,302,303,304,305,306,333,338}
Current function value: 6.567174427762497E7
s**********************************************: 7
Current result: {267,268,269,270,271,272,273,302,305,306,333,334,337,338}
Current function value: 6.709997397688129E7
s**********************************************: 8
Current result: {267,268,269,270,274,301,302,306,307,308,333,334,335,336,337,338}
Current function value: 6.575725748637953E7
s**********************************************: 9
Current result: {268,269,270,273,299,300,302,303,304,305,306,327,328,329,330,331,338,339}
Current function value: 6.5298759086639695E7
s**********************************************: 10
Current result: {268,269,273,294,295,296,297,298,299,300,301,302,303,304,305,326,333,358,390,422}
Current function value: 6.560026039017184E7
s**********************************************: 11
Current result: {208,237,240,269,272,273,296,297,298,299,300,301,305,325,326,327,328,333,337,338,339,357,365,369,370,389,397,398,399,400,401,421,453,485}
Current function value: 6.609305650981696E7
s**********************************************: 12
Current result: {269,299,300,301,302,303,304,305,306,325,331,337,357,363,389,390,391,392,393,394,395,421,453,485}
Current function value: 6.535260683921065E7
s**********************************************: 13
Current result: {269,273,296,297,298,299,300,301,302,303,304,305,306,328,333,338,360,391,392,423,451,452,453,454,455,483}
Current function value: 6.5414668981175825E7
s**********************************************: 14
Current result: {268,269,270,271,272,273,300,301,302,305,306,307,308,340,372,404,436,468,500,532,564,565,592,593,594,595,596,597,598,599,600,623,624,632,654,655,686,718,750,782,814,839,846,871,877,878,903,904,906,907,908,909,936,937,938}
Current function value: 6.691136910998707E7
s**********************************************: 15
Current result: {267,268,269,270,271,274,300,301,303,304,305,306,333,337,338,339,371,403,435,467,468,500,532,564,596,628,660,692,693,694,695,696,697,698,730,762,763,764,796,828,860}
Current function value: 7.233184665597066E7
sRESULT**********************************************: 
result subgraph is: [269, 301, 302, 303, 304, 305, 306, 307, 333, 339]
------------------------------ test ends --------------------------------
