
------------------------------ test starts ------------------------------ 
s**********************************************: 2
Current result: {273,305,306,307}
Current function value: 6.808053753201455E7
s**********************************************: 3
Current result: {274,301,302,303,304,305,306,307,333,339}
Current function value: 6.638901848275802E7
s**********************************************: 4
Current result: {269,270,271,272,273,301,305,337,338}
Current function value: 6.536235992036681E7
s**********************************************: 5
Current result: {175,207,239,271,272,273,274,306}
Current function value: 6.665881777917707E7
s**********************************************: 6
Current result: {269,270,301,302,303,304,305,306,307,333,339,371,403}
Current function value: 6.563728272533058E7
s**********************************************: 7
Current result: {270,301,302,303,304,305,333,337,338,365,397,429,460,461,492,520,521,522,523,524,552,584,616,648,680,712,744,776,808,839,840,871}
Current function value: 6.54520808490687E7
s**********************************************: 8
Current result: {269,270,271,272,273,301,305,306,307,331,332,333,338,339,363,395,427,459,491,523,555,587,618,619,649,650,681,713,745,777,809,841,873,902,903,904,905,934,935}
Current function value: 6.548988696918216E7
s**********************************************: 9
Current result: {174,175,176,177,209,241,273,301,302,303,304,305,306,331,332,333,338,363}
Current function value: 6.543130004461414E7
s**********************************************: 10
Current result: {269,270,271,272,273,301,305,306,331,332,333,353,354,355,356,357,358,359,360,361,362,363,385,417,449,450,451,483}
Current function value: 6.564937021695827E7
s**********************************************: 11
Current result: {204,236,268,269,270,271,272,273,296,297,298,299,300,301,305,306,325,326,327,328,333,357,389,421,453}
Current function value: 6.5465842938123114E7
s**********************************************: 12
Current result: {207,208,240,268,271,272,273,300,301,302,303,305,306,307,332,333,337,338,359,360,361,364,393,394,395,396}
Current function value: 6.5705866129072875E7
s**********************************************: 13
Current result: {176,208,240,270,271,272,273,301,302,305,306,307,329,330,331,332,333,338,339,361,371,393,403,425,435,457,467,487,488,489,499,519,531,551,563,583,595,596,615,628,647,660,661,662,679,694,695,696,708,709,711,728,729,730,731,741,742,743,763,795,827,828}
Current function value: 6.916336934764165E7
s**********************************************: 14
Current result: {269,270,271,272,273,301,302,305,323,324,325,326,330,331,332,333,337,338,339,355,358,359,360,361,362,387,394,395,419,451}
Current function value: 6.719516184551479E7
s**********************************************: 15
Current result: {270,271,272,273,301,302,305,306,333,338,339,353,354,355,356,357,363,364,365,385,389,392,393,394,395,421,422,423,424,456,488,520,552,584,616,648,680,712,744,776,808,838,839,840,870,902,932,933,934}
Current function value: 6.90427296395883E7
sRESULT**********************************************: 
result subgraph is: [269, 270, 271, 272, 273, 301, 305, 337, 338]
------------------------------ test ends --------------------------------
