
------------------------------ test starts ------------------------------ 
s**********************************************: 2
Current result: {794,795,827,828}
Current function value: 6.916483826064302E7
s**********************************************: 3
Current result: {761,793,794,795,827,828}
Current function value: 6.73492028568077E7
s**********************************************: 4
Current result: {335,336,337,338,339,340,372,373,374,404}
Current function value: 6.6003873493335724E7
s**********************************************: 5
Current result: {244,245,276,308,338,339,340,341,372,373,404}
Current function value: 6.606285627624881E7
s**********************************************: 6
Current result: {299,331,339,363,371,372,373,374,395,396,397,398,399,400,401,402,403,404,429,436,461}
Current function value: 6.618826696193156E7
s**********************************************: 7
Current result: {335,336,337,338,339,363,366,367,371,395,396,397,398,403,404,405,436,468,500,501,533,534,566,598,630,662,663,664,665,697,729,761,762,794,795,827,828,860}
Current function value: 7.015858945851266E7
s**********************************************: 8
Current result: {207,208,209,235,236,237,238,239,241,242,243,244,245,267,277,299,309,323,324,325,326,327,328,329,330,331,338,339,340,341,342,353,354,355,357,372,374,389,404,421,436,437,453,485,486,487}
Current function value: 6.66432701124525E7
s**********************************************: 9
Current result: {338,339,340,341,372,373,374,404,406,407,439,471,503,535,567,599,631,632,662,663,664,696,697,698,730,762,763,795,796,828,860,892,893,925}
Current function value: 6.760215421822436E7
s**********************************************: 10
Current result: {333,334,335,336,337,338,339,340,365,372,373,395,396,397,404,429,461,485,487,488,489,490,491,492,493,517,518,519}
Current function value: 6.689222832659523E7
s**********************************************: 11
Current result: {338,339,340,372,404,436,437,438,470,502,534,566,598,630,661,662,694,695,696,728,729,730,762,794,795,827,828,860}
Current function value: 6.767597232664421E7
s**********************************************: 12
Current result: {235,236,237,238,239,240,241,242,243,244,245,267,276,299,308,331,340,363,372,373,395,404,405,436,468,500,532,564,596,628,629}
Current function value: 6.624067276185449E7
s**********************************************: 13
Current result: {335,336,337,338,339,340,341,365,366,367,373,374,395,396,397,405,429,437,461,469,501,533,565,597,629,661,662,663,664,696,728,729,761,762,763,795,827,859,891,892,893,925}
Current function value: 6.795685372489023E7
s**********************************************: 14
Current result: {244,267,276,299,308,331,332,333,334,335,336,337,338,339,340,363,371,372,373,395,405,437,469,501,533,565,597,629,661,662,663,664,696,728,729,761,762,763,795,827,828,860}
Current function value: 6.81038133042536E7
s**********************************************: 15
Current result: {179,211,243,244,276,277,278,310,341,342,373,405,437,469,501,533,565,597,629,661,662,663,664,696,697,698,699,731,763,795,827}
Current function value: 6.632013411830053E7
sRESULT**********************************************: 
result subgraph is: [335, 336, 337, 338, 339, 340, 372, 373, 374, 404]
------------------------------ test ends --------------------------------
