
------------------------------ test starts ------------------------------ 
s**********************************************: 2
Current result: {397,398,399,400,401,402,429,460,461}
Current function value: 6.542397070956801E7
s**********************************************: 3
Current result: {429,430,431,432,433,434,460,461}
Current function value: 6.5780102642273486E7
s**********************************************: 4
Current result: {428,429,430,431,432,433,434,460,461}
Current function value: 6.497040925915204E7
s**********************************************: 5
Current result: {363,395,396,397,400,401,402,428,429,430,431,432}
Current function value: 6.509252051011055E7
s**********************************************: 6
Current result: {370,395,396,397,398,399,400,401,402,427,428,429,461}
Current function value: 6.505094517144554E7
s**********************************************: 7
Current result: {397,402,428,429,430,431,432,433,434,453,454,455,456,457,458,459,460,485}
Current function value: 6.520644539548425E7
s**********************************************: 8
Current result: {370,398,399,400,402,427,428,429,430,432,433,434,459,461,491,523,555,587,619,650,651,682,712,713,714,744,776,806,807,808,840,872,903,904,935}
Current function value: 6.745935284093508E7
s**********************************************: 9
Current result: {141,173,174,206,238,270,302,334,362,363,364,366,396,397,398,399,400,428,429,432,433,434,461}
Current function value: 6.506571045362323E7
s**********************************************: 10
Current result: {330,359,360,361,362,389,391,421,422,423,454,485,486,517,549,581,611,612,613,643}
Current function value: 7.189560215171897E7
s**********************************************: 11
Current result: {322,339,354,355,356,357,358,359,360,361,362,368,369,370,371,394,395,396,397,398,399,400}
Current function value: 6.559935896926385E7
s**********************************************: 12
Current result: {306,307,338,370,400,401,402,428,429,430,431,432,434,460,466,498,530,531,532,564,596,628,660,692}
Current function value: 6.660518700942743E7
s**********************************************: 13
Current result: {395,422,423,424,425,426,427,428,429,454,460,486,516,517,518,548,580,611,612,643,673,674,675,704,705,736,768}
Current function value: 6.625098371992261E7
s**********************************************: 14
Current result: {370,400,402,425,426,427,428,429,430,431,432,433,434,457,485,486,487,488,489,517,549,581,612,613,614,644,676,708}
Current function value: 6.525133581281575E7
s**********************************************: 15
Current result: {325,326,327,328,329,357,361,362,368,389,394,395,396,400,421,428,429,430,431,432,433,434,453,484,485,515,516,544,545,546,547,576,608,640,672,704,736,768,800,832}
Current function value: 6.54614991222994E7
sRESULT**********************************************: 
result subgraph is: [428, 429, 430, 431, 432, 433, 434, 460, 461]
------------------------------ test ends --------------------------------
