
------------------------------ test starts ------------------------------ 
s**********************************************: 2
Current result: {254,255,286,318,350,382,414,445,446}
Current function value: 7.257054842801517E7
s**********************************************: 3
Current result: {611,643,675,707,739,771,800,801,802,803,832}
Current function value: 7.374894310551946E7
s**********************************************: 4
Current result: {236,237,238,239,268,271,272,273}
Current function value: 6.975226841032551E7
s**********************************************: 5
Current result: {355,387,388,389,421,453,485,486,487,519}
Current function value: 7.196312837244509E7
s**********************************************: 6
Current result: {352,353,354,384,385,386,387,419,451,452,453,454,455}
Current function value: 7.136534939554963E7
s**********************************************: 7
Current result: {320,321,322,323,324,325,352,353,356,388,420,452,484,485,517,518,519}
Current function value: 7.179936447103448E7
s**********************************************: 8
Current result: {693,694,695,696,697,698,699,731,763,764,765,766,767,799,831,863,895,927,959}
Current function value: 6.90417150755718E7
s**********************************************: 9
Current result: {158,190,222,254,286,287,319,351,383,415,447,479,511,543,575,607,639,671,703,735,767,799,831,863,893,894,895}
Current function value: 6.847862909358832E7
s**********************************************: 10
Current result: {206,207,208,209,238,240,241,270,273,305,306,307,339,371,372,373,374,375,376,377,378,379,380,381,412,413,445,477,509,541,573,604,605,636,664,665,666,667,668}
Current function value: 6.644685030185093E7
s**********************************************: 11
Current result: {352,353,354,355,386,418,450,451,452,453,482,485,514,546,578,610,611,612,613,614,642,674,704,705,706,736}
Current function value: 7.007743293919285E7
s**********************************************: 12
Current result: {20,21,51,52,53,54,55,83,87,88,89,112,113,114,115,121,144,153,154,155,156,157,176,189,190,206,207,208,221,222,238,265,266,267,268,269,270,297,328,329,358,359,360,389,390,421,453,485,517,549,579,580,581,611,643,644,676,705,706,707,708,739,740}
Current function value: 6.566916256470036E7
s**********************************************: 13
Current result: {38,39,71,72,73,74,75,76,77,78,104,110,111,112,113,114,115,116,117,118,119,120,121,122,136,154,155,156,157,168,189,191,200,221,222,223,232,255,264,287,296,319,326,327,328,358,390,421,422,453,485,517,549,581,608,609,610,611,612,613,640,672}
Current function value: 6.68885312380599E7
s**********************************************: 14
Current result: {158,190,222,254,285,286,317,349,381,412,413,444,476,508,540,571,572,603,635,667,699,731,732,733,765,797,829,861,893,894,895}
Current function value: 6.594050975423926E7
s**********************************************: 15
Current result: {451,452,453,454,455,481,482,483,487,513,519,545,577,578,579,611,612,613,643,645,676,677,707,708,739,768,769,770,771,800}
Current function value: 7.018113753577837E7
sRESULT**********************************************: 
result subgraph is: [20, 21, 51, 52, 53, 54, 55, 83, 87, 88, 89, 112, 113, 114, 115, 121, 144, 153, 154, 155, 156, 157, 176, 189, 190, 206, 207, 208, 221, 222, 238, 265, 266, 267, 268, 269, 270, 297, 328, 329, 358, 359, 360, 389, 390, 421, 453, 485, 517, 549, 579, 580, 581, 611, 643, 644, 676, 705, 706, 707, 708, 739, 740]
------------------------------ test ends --------------------------------
