
------------------------------ test starts ------------------------------ 
s**********************************************: 2
Current result: {393,394,424,425,426}
Current function value: 6.6844771E7
s**********************************************: 3
Current result: {362,363,364,365,394,426,458}
Current function value: 6.618511849348213E7
s**********************************************: 4
Current result: {362,392,393,394,395,425,426,427,458}
Current function value: 6.591710486694819E7
s**********************************************: 5
Current result: {363,364,365,366,392,393,394,395,424,425}
Current function value: 6.5999254152385876E7
s**********************************************: 6
Current result: {363,364,365,366,367,368,369,392,393,395,424,425,426,427}
Current function value: 6.606748270721741E7
s**********************************************: 7
Current result: {362,363,364,365,366,367,368,369,392,393,394,424,426,427}
Current function value: 6.544431821700757E7
s**********************************************: 8
Current result: {362,363,364,365,366,392,393,394,398,399,400,401,402,424,426,458}
Current function value: 6.708819919855882E7
s**********************************************: 9
Current result: {204,205,236,268,300,332,353,356,357,358,359,360,361,362,363,364,385,386,387,388,395,417,425,426,427,449,457,481,513,545,546,578,579,611}
Current function value: 6.631122967242715E7
s**********************************************: 10
Current result: {173,205,206,207,239,271,303,334,335,363,364,365,366,367,368,395,426,427,458,490,522,523,555,587,619,651,683,715,747,779,811,812,844}
Current function value: 6.695185938356639E7
s**********************************************: 11
Current result: {174,206,238,239,240,272,304,336,364,365,366,368,370,371,392,394,395,396,398,399,400,401,402,424,425,426}
Current function value: 6.633058773201158E7
s**********************************************: 12
Current result: {331,363,364,393,395,422,423,424,425,426,427,451,452,453,454,458,483,515,547,579,611,643,675,707,739,769,770,771}
Current function value: 6.634309234648397E7
s**********************************************: 13
Current result: {205,237,238,239,271,303,335,363,364,365,366,367,368,369,391,392,393,394,395,400,401,402,423,427,455,458,459,487,519,551,583,615,647,679,711,743,775,807,839,871,872,900,901,902,903,904,932}
Current function value: 6.99916077518182E7
s**********************************************: 14
Current result: {240,241,242,243,275,307,339,363,364,365,366,367,368,369,370,371,386,387,392,393,394,395,402,419,420,421,422,423,424,425,426,427,434,466,498,530,562,563,564,596,628,660,661,662,663,695,696,697,729,761,793,794,795,827,828}
Current function value: 7.011243952640872E7
s**********************************************: 15
Current result: {361,362,363,364,365,366,367,368,394,400,401,402,426,434,435,458,467,499,531,563,595,596,628,660,692,693,694,726,758,759,760,761,762,794,795,796,828}
Current function value: 6.712743107088882E7
sRESULT**********************************************: 
result subgraph is: [362, 363, 364, 365, 366, 367, 368, 369, 392, 393, 394, 424, 426, 427]
------------------------------ test ends --------------------------------
