
------------------------------ test starts ------------------------------ 
s**********************************************: 2
Current result: {397,398,429,430}
Current function value: 6.635206375930008E7
s**********************************************: 3
Current result: {397,398,399,400,402,432,433,434}
Current function value: 6.5743718018678874E7
s**********************************************: 4
Current result: {354,355,357,358,359,360,361,362,363,364,365,366,367,368,369,387,388,389,401,402,433}
Current function value: 6.555038604304562E7
s**********************************************: 5
Current result: {337,338,370,396,397,398,402,430,431,432,433,434}
Current function value: 6.53432803592376E7
s**********************************************: 6
Current result: {371,396,401,403,428,429,430,431,432,433,434,435}
Current function value: 6.5006713732294574E7
s**********************************************: 7
Current result: {338,363,368,369,370,395,396,397,398,399,400,402,430,434}
Current function value: 6.530727265368767E7
s**********************************************: 8
Current result: {144,174,175,176,206,238,270,302,334,366,369,397,398,399,400,401,429}
Current function value: 6.543131183432357E7
s**********************************************: 9
Current result: {302,334,366,367,368,369,397,398,401,402,403,419,420,421,422,423,424,425,426,427,428,429,451,483,515,545,546,547,577,609,641,673,704,705}
Current function value: 6.533148320498852E7
s**********************************************: 10
Current result: {240,272,273,301,302,303,304,305,306,333,338,359,360,361,362,363,365,370,371,395,396,397,401,402,428,433}
Current function value: 6.964629732652724E7
s**********************************************: 11
Current result: {357,358,359,360,361,362,363,364,389,396,421,428,429,430,431,432,433,434,435,453,485,515,516,517,545,546,547}
Current function value: 6.584119058028798E7
s**********************************************: 12
Current result: {241,273,274,306,333,334,335,336,337,338,363,364,365,369,395,401,426,427,433,451,452,453,454,455,456,457,458,465,483,497,498,515,530,547,562,563,579,608,609,610,611,640,672,704,736}
Current function value: 6.63024215544794E7
s**********************************************: 13
Current result: {325,326,358,362,363,368,370,371,390,391,392,393,394,395,396,397,398,399,400,401,402,422,434,454,455,487,519,551,583,615,616,617}
Current function value: 6.63621334235447E7
s**********************************************: 14
Current result: {173,205,236,237,268,300,332,337,338,339,364,365,366,367,368,369,371,396,397,403,404,405,406,407,408,429,430,440,472,504,536,568,600,632,664,696,728,729,730,731,763,795,796,828}
Current function value: 6.601586954171713E7
s**********************************************: 15
Current result: {79,80,110,111,141,142,173,205,206,238,270,302,334,366,367,368,369,370,371,396,397,398,401,402,403,429,430,434,461,493,525,557,588,589,620,652,683,684,712,713,714,715,744,776,808,840,870,871,872,902,933,934}
Current function value: 7.583052389465722E7
sRESULT**********************************************: 
result subgraph is: [371, 396, 401, 403, 428, 429, 430, 431, 432, 433, 434, 435]
------------------------------ test ends --------------------------------
