
------------------------------ test starts ------------------------------ 
s**********************************************: 2
Current result: {762,794,795,796,828}
Current function value: 7.03597693547273E7
s**********************************************: 3
Current result: {329,330,361,393,425,426}
Current function value: 6.764857532287605E7
s**********************************************: 4
Current result: {325,326,327,328,329,361,393,394,426}
Current function value: 6.66402870344803E7
s**********************************************: 5
Current result: {330,331,332,333,362,365,366,367,368,369,370,393,394,402}
Current function value: 6.618357434456038E7
s**********************************************: 6
Current result: {360,361,362,363,364,365,366,367,368,369,392,393,394,401,402,426,434,435}
Current function value: 6.589019154580222E7
s**********************************************: 7
Current result: {205,236,237,268,299,300,329,330,331,361,363,364,365,366,393,394,425}
Current function value: 6.6361463193159565E7
s**********************************************: 8
Current result: {329,330,331,332,333,334,335,336,359,360,361,368,369,401,433,434,435,436}
Current function value: 6.636642314028296E7
s**********************************************: 9
Current result: {330,331,332,333,361,362,365,366,367,368,369,393,401,402,425,426,434,435}
Current function value: 6.725160245692934E7
s**********************************************: 10
Current result: {328,329,330,331,332,333,334,360,366,367,368,369,370,392,393,394,402,426,434,466,498,530,531,532,564,596,628,660,692,693,725,726,727,728,729,730,762,794,795,827,828,829,861,893,925}
Current function value: 6.827368156906584E7
s**********************************************: 11
Current result: {201,202,203,204,205,233,265,296,297,321,322,323,324,325,326,328,358,359,360,361,362,393,425,457,489,521,553,585,586,618,650}
Current function value: 6.676471813496363E7
s**********************************************: 12
Current result: {330,331,332,333,334,335,336,361,362,368,369,393,401,402,425,426,434,451,452,453,454,455,456,457,483,515,547,579,611,643,675,707,739}
Current function value: 6.592839688910101E7
s**********************************************: 13
Current result: {176,208,233,234,235,236,237,238,239,240,265,272,273,274,275,297,307,329,330,331,339,361,362,371,394,403,425,426,435,467}
Current function value: 6.599505486163704E7
s**********************************************: 14
Current result: {330,353,354,355,356,357,358,360,361,362,363,364,365,366,385,390,391,392,394,422,425,426,454,486,518,550,582,614,646,678,710,742,774,806,807,808,838,869,870,901}
Current function value: 6.669623317350127E7
s**********************************************: 15
Current result: {173,205,237,265,266,267,268,269,270,271,297,303,329,335,361,362,367,368,394,400,401,402,422,423,424,425,426,434,454,486}
Current function value: 6.760846932425196E7
sRESULT**********************************************: 
result subgraph is: [360, 361, 362, 363, 364, 365, 366, 367, 368, 369, 392, 393, 394, 401, 402, 426, 434, 435]
------------------------------ test ends --------------------------------
