
------------------------------ test starts ------------------------------ 
s**********************************************: 2
Current result: {704,736,768,800}
Current function value: 7.3728E7
s**********************************************: 3
Current result: {306,307,308,340,372,404,405,406,436,468}
Current function value: 6.605939411662419E7
s**********************************************: 4
Current result: {308,340,372,404,405,406,438,470,471}
Current function value: 6.660727623639728E7
s**********************************************: 5
Current result: {328,360,361,362,363,364,365,366,367,368,369,370,371,403,404,436,468,469,470,471,472,473,503,535,566,567,598,630,631,663,664,696,728,729,730,731,763,795,827,828,860}
Current function value: 6.629477101163471E7
s**********************************************: 6
Current result: {307,308,339,371,372,373,405,436,437,438,439,468,471}
Current function value: 6.654035015586262E7
s**********************************************: 7
Current result: {212,244,276,306,307,308,309,338,341,370,373,404,405,436}
Current function value: 6.5826430541997015E7
s**********************************************: 8
Current result: {608,611,640,642,643,672,673,675,704,705,706,707,737,739,769,801}
Current function value: 7.035264250913833E7
s**********************************************: 9
Current result: {212,244,276,306,307,308,340,372,404,405,436,437,468,469,501,533,565,566,598,630}
Current function value: 6.630443123470312E7
s**********************************************: 10
Current result: {307,331,339,363,364,371,372,396,397,398,399,400,401,402,403,404,405,406,436,468}
Current function value: 6.5884799065081194E7
s**********************************************: 11
Current result: {307,308,339,371,372,394,395,396,397,398,399,400,401,402,403,424,425,426,453,454,455,456,487}
Current function value: 6.607489125641126E7
s**********************************************: 12
Current result: {307,327,339,359,360,361,362,363,364,365,366,367,368,369,370,371,372,391,404,406,423,436,437,438,439,455,468,471,486,487,503,519,535,566,567,598,630,662,694,726,727,728,729,761,762,763,764,796,828,860}
Current function value: 7.424419054930143E7
s**********************************************: 13
Current result: {308,340,361,362,363,364,365,366,367,368,369,370,371,372,392,393,404,406,423,424,436,437,438,455,480,481,482,483,484,485,486,487,512}
Current function value: 6.723124454771408E7
s**********************************************: 14
Current result: {371,372,404,436,453,454,455,468,487,488,489,490,491,492,493,494,495,496,497,498,499,500,501,502,519,534,551,566,582,583,598,613,614,630,631,632,646,664,665,666,698,730,762,794,795,796,828,860}
Current function value: 6.680500841307532E7
s**********************************************: 15
Current result: {244,245,276,298,306,307,308,330,331,339,362,363,364,365,366,367,368,369,370,371,392,393,394,420,424,452,453,454,455,456,487}
Current function value: 6.620459890193368E7
sRESULT**********************************************: 
result subgraph is: [212, 244, 276, 306, 307, 308, 309, 338, 341, 370, 373, 404, 405, 436]
------------------------------ test ends --------------------------------
