
------------------------------ test starts ------------------------------ 
s**********************************************: 2
Current result: {366,398,429,430}
Current function value: 6.5988603E7
s**********************************************: 3
Current result: {369,398,399,400,401,430}
Current function value: 6.606248657073411E7
s**********************************************: 4
Current result: {339,370,371,396,397,398,399,400,401,402,429}
Current function value: 6.5225764732584864E7
s**********************************************: 5
Current result: {370,371,398,402,429,430,431,432,433,434}
Current function value: 6.541313825853687E7
s**********************************************: 6
Current result: {337,338,369,370,397,398,399,400,401,402,429,430}
Current function value: 6.5666090536978655E7
s**********************************************: 7
Current result: {739,740,768,769,770,771,772,800,832,864,896}
Current function value: 7.218726416608106E7
s**********************************************: 8
Current result: {326,358,359,360,361,362,363,370,371,395,396,397,398,399,400,401,402}
Current function value: 6.5230328038239054E7
s**********************************************: 9
Current result: {338,339,359,360,361,362,363,364,370,371,391,396,397,398,399,400,401,402,423,455,485,487,516,517,518,519,548,580,610,611,612,642,672,673,674,704,736,768}
Current function value: 6.557283625199817E7
s**********************************************: 10
Current result: {338,339,355,356,357,367,368,369,370,371,387,389,390,391,392,393,394,395,396,397,398,399,403,419,451,483,515,547,579,611,643,675,707,739,768,769,770,771,800,832,864,896,897}
Current function value: 6.618738897378037E7
s**********************************************: 11
Current result: {235,236,237,238,267,299,331,338,339,363,364,365,369,371,397,398,399,400,401,402,403,430}
Current function value: 6.72294742008166E7
s**********************************************: 12
Current result: {336,337,338,363,365,366,367,368,369,371,395,396,397,398,401,402,403,428,430,435,467,499,500,501,502,503,535,567,599,600,601,633,665,697,729,761,762,763,795,827,828}
Current function value: 7.088388013061596E7
s**********************************************: 13
Current result: {337,338,359,360,361,362,363,366,367,368,369,390,391,395,396,397,398,421,422,429,430,453,482,483,484,485}
Current function value: 6.6419486759253114E7
s**********************************************: 14
Current result: {334,339,363,366,370,371,395,396,397,398,399,400,401,402,429,430,434,435,436,437,469,501,502,534,535,536,537,538,570,602,603,635,667,699,731,763,795,827,828}
Current function value: 6.958776947614314E7
s**********************************************: 15
Current result: {337,338,353,365,366,367,368,369,385,397,401,402,417,426,427,428,429,430,449,450,451,452,453,454,455,456,457,458,487,519,551,583,615,647,678,679,710,742,774,806,838,870,901,902,903,904,905,932,933}
Current function value: 6.666715800592715E7
sRESULT**********************************************: 
result subgraph is: [339, 370, 371, 396, 397, 398, 399, 400, 401, 402, 429]
------------------------------ test ends --------------------------------
