
------------------------------ test starts ------------------------------ 
s**********************************************: 2
Current result: {360,361,393,394}
Current function value: 6.898991688446072E7
s**********************************************: 3
Current result: {328,360,361,393,394,426}
Current function value: 6.772942057060029E7
s**********************************************: 4
Current result: {328,360,361,362,363,364,365,366,367,368,369,392,393,401,402,434,435,436}
Current function value: 6.569730754645346E7
s**********************************************: 5
Current result: {330,331,332,362,392,393,394}
Current function value: 6.675816026179198E7
s**********************************************: 6
Current result: {205,233,234,235,236,237,238,239,265,271,297,303,308,328,329,330,335,337,338,339,340,361,367,368,369,372,393,394,404,426,436}
Current function value: 6.5692345689429656E7
s**********************************************: 7
Current result: {329,330,362,363,364,365,366,367,368,369,394,401,402,403,404,425,426,436}
Current function value: 6.6263262589623556E7
s**********************************************: 8
Current result: {325,326,327,328,330,360,361,362,363,364,365,366,367,368,369,393,425,457,489,521,553,585,586,618,649,650}
Current function value: 6.670091817807888E7
s**********************************************: 9
Current result: {328,360,361,362,363,364,365,366,367,368,369,393,394,401,402,403,435,436}
Current function value: 6.564947844025173E7
s**********************************************: 10
Current result: {233,265,297,328,329,330,331,332,333,334,335,336,340,359,360,362,368,369,370,371,372,392,393}
Current function value: 6.623560072471622E7
s**********************************************: 11
Current result: {173,205,233,234,235,236,237,265,297,308,329,340,360,361,372,393,394,395,396,397,398,399,400,401,402,404,434,435,436}
Current function value: 6.6227805440386616E7
s**********************************************: 12
Current result: {234,235,236,265,266,296,297,298,299,327,328,330,361,362,393,402,403,425,426,427,428,429,430,431,432,433,434,435,436}
Current function value: 6.6272904819767125E7
s**********************************************: 13
Current result: {298,299,300,301,327,328,329,330,333,358,359,362,365,366,367,368,389,390,393,394,421,426,451,452,453,485}
Current function value: 6.613674813904162E7
s**********************************************: 14
Current result: {203,204,205,234,235,237,266,269,270,298,302,328,329,330,334,362,366,367,368,369,370,394,402,425,426,434,435,436}
Current function value: 6.777218212332244E7
s**********************************************: 15
Current result: {204,205,236,237,238,239,268,269,271,299,300,303,328,331,335,336,360,363,368,369,392,393,394,395,425,451,452,453,454,455,456,457,483}
Current function value: 6.6820065919811204E7
sRESULT**********************************************: 
result subgraph is: [328, 360, 361, 362, 363, 364, 365, 366, 367, 368, 369, 393, 394, 401, 402, 403, 435, 436]
------------------------------ test ends --------------------------------
