
------------------------------ test starts ------------------------------ 
s**********************************************: 2
Current result: {371,372,373,405,437}
Current function value: 6.6689064333843075E7
s**********************************************: 3
Current result: {371,372,373,405,406,438}
Current function value: 6.702841182323333E7
s**********************************************: 4
Current result: {372,373,404,405,436,468,469,470,471}
Current function value: 6.654245046007848E7
s**********************************************: 5
Current result: {299,300,301,331,359,360,361,362,363,391,395,423,427,453,454,455,485}
Current function value: 6.998869748801018E7
s**********************************************: 6
Current result: {307,308,339,370,371,372,373,374,406,437,438,469}
Current function value: 6.6576210840704255E7
s**********************************************: 7
Current result: {245,277,308,309,340,371,372,404,405,437,466,467,468,469,501,533,565,597}
Current function value: 6.629307312275775E7
s**********************************************: 8
Current result: {245,246,277,308,309,340,370,371,372,373,405,406,437,438,439,471}
Current function value: 6.667122828621118E7
s**********************************************: 9
Current result: {437,468,469,500,532,564,596,628,629,630,631,632,633,660,661,665,697,729,730,762,794,826,858,859,860}
Current function value: 6.670487907955865E7
s**********************************************: 10
Current result: {343,372,375,404,406,407,436,438,439,468,469,470,471,501,533,565,597,629,661,662}
Current function value: 6.7023923566790126E7
s**********************************************: 11
Current result: {299,308,331,340,363,364,365,366,367,368,369,370,371,372,404,405,406,436,438,468,500,532,533,565}
Current function value: 6.690317316844793E7
s**********************************************: 12
Current result: {309,330,331,341,363,364,365,366,367,368,369,370,371,372,373,395,404,405,425,426,427,436,437,438,453,454,455,456,457,468,469,485}
Current function value: 6.748485804702348E7
s**********************************************: 13
Current result: {299,308,309,331,332,341,364,365,366,367,368,369,370,371,372,373,396,405,406,422,423,424,425,426,427,428,438,439,454,471,486,487}
Current function value: 6.606374423604874E7
s**********************************************: 14
Current result: {299,300,301,302,303,304,305,306,307,308,309,331,340,361,362,363,371,372,373,392,393,405,406,423,424,437,438,439,455,469,471,487,519,551,582,583,614,646,678,710,742,774,806,838,870,902,903,904,905,937}
Current function value: 6.757746850968911E7
s**********************************************: 15
Current result: {244,245,246,276,308,309,340,372,404,405,406,436,438,439,468,471,503,535,567,568,600,632,662,663,664,689,690,691,692,693,694,696,697,720,721,752,784,807,808,809,810,811,812,813,814,815,816,839,868,869,870,871,900,932}
Current function value: 6.716479659477945E7
sRESULT**********************************************: 
result subgraph is: [299, 308, 309, 331, 332, 341, 364, 365, 366, 367, 368, 369, 370, 371, 372, 373, 396, 405, 406, 422, 423, 424, 425, 426, 427, 428, 438, 439, 454, 471, 486, 487]
------------------------------ test ends --------------------------------
