
------------------------------ test starts ------------------------------ 
s**********************************************: 2
Current result: {331,363,364,365}
Current function value: 7.108638695797674E7
s**********************************************: 3
Current result: {331,363,364,365,366,367,368,369,370,371,372,397,404,405,406,436}
Current function value: 6.6264591768592924E7
s**********************************************: 4
Current result: {369,370,371,372,404,405,406,407,408,409,410,442,474,475,506,538,570,602,634,666,698,730,762,794,795,827,828,860}
Current function value: 6.6168553715868115E7
s**********************************************: 5
Current result: {308,340,372,373,404,405,406,436,437,468,500,532,564,596,628}
Current function value: 6.616966202559772E7
s**********************************************: 6
Current result: {299,331,340,363,366,367,368,369,370,371,372,373,395,396,397,398,404,405,436}
Current function value: 6.611642334681875E7
s**********************************************: 7
Current result: {331,363,364,365,366,367,368,369,370,371,372,397,404,436,437}
Current function value: 6.636687274206499E7
s**********************************************: 8
Current result: {299,324,325,326,331,353,354,355,356,358,359,360,361,362,363,364,365,385,395}
Current function value: 6.848924562745917E7
s**********************************************: 9
Current result: {172,204,205,206,207,208,209,210,211,212,213,236,245,267,268,277,299,309,331,341,363,373,374,395,405,406,437}
Current function value: 6.5829588977089256E7
s**********************************************: 10
Current result: {331,363,369,370,371,372,373,374,395,396,397,398,399,400,401,405,406,437,438,470}
Current function value: 6.6656552789706595E7
s**********************************************: 11
Current result: {366,367,368,369,370,371,393,394,395,396,397,398,403,404,405,406,423,424,425,453,455,485,486,487,517,519,549,578,579,580,581,610,642,674,706,736,738,768,769,770}
Current function value: 6.61627649513909E7
s**********************************************: 12
Current result: {205,206,207,208,209,210,211,212,236,237,244,268,276,299,300,308,326,327,328,329,330,331,340,359,372,373,391,404,423,436,455}
Current function value: 6.604056685732324E7
s**********************************************: 13
Current result: {109,141,142,173,205,206,207,208,209,210,211,212,213,237,245,267,268,269,277,299,309,331,341,373,405,436,437,438,439,471,503,535,567,599,630,631,662,663,664,696,728,729,730,731,763,795,827,828}
Current function value: 6.6066455420513384E7
s**********************************************: 14
Current result: {340,363,364,365,372,373,395,397,398,399,400,401,402,403,404,405,406,436,437,469,501,533,565,597,629,661,662,694,695,696,697,729,761,762,794,795,796,828}
Current function value: 7.071503618920903E7
s**********************************************: 15
Current result: {331,363,366,367,368,369,370,371,372,373,395,396,397,398,404,405,437,469,501,502,534,566,598,630,662,663,695,727,759,760,761,762,794,795,827,828,860}
Current function value: 6.727847083670099E7
sRESULT**********************************************: 
result subgraph is: [172, 204, 205, 206, 207, 208, 209, 210, 211, 212, 213, 236, 245, 267, 268, 277, 299, 309, 331, 341, 363, 373, 374, 395, 405, 406, 437]
------------------------------ test ends --------------------------------
