
------------------------------ test starts ------------------------------ 
s**********************************************: 2
Current result: {333,334,335,336}
Current function value: 6.951481908081475E7
s**********************************************: 3
Current result: {417,449,450,451,452,453}
Current function value: 7.225768259055188E7
s**********************************************: 4
Current result: {299,300,331,332,333,334,335,336,368}
Current function value: 6.669227008035525E7
s**********************************************: 5
Current result: {267,299,300,301,302,331,334}
Current function value: 6.741097027516349E7
s**********************************************: 6
Current result: {269,270,299,300,301,306,333,334,335,336,337,338}
Current function value: 6.557213103465415E7
s**********************************************: 7
Current result: {269,301,330,331,333,336,362,363,364,365,366,367,368,369,397}
Current function value: 6.599792749590425E7
s**********************************************: 8
Current result: {235,236,267,299,300,332,336,337,338,339,364,365,366,367,368,396}
Current function value: 6.55632613988871E7
s**********************************************: 9
Current result: {204,205,236,268,299,300,331,332,362,363,364,393,394,396,424,425,456,486,487,488,517,518}
Current function value: 6.622881323968867E7
s**********************************************: 10
Current result: {236,237,238,239,240,267,268,298,299,300,304,305,306,330,332,333,334,335,336,364,396}
Current function value: 6.608655721365639E7
s**********************************************: 11
Current result: {268,300,331,332,333,334,335,336,357,358,359,360,361,362,363,368,369,389,420,421,451,452}
Current function value: 6.59328015400328E7
s**********************************************: 12
Current result: {299,300,331,332,336,364,365,366,367,368,396,397,428,460,485,486,487,492,519,520,521,522,523,524}
Current function value: 6.56349372685066E7
s**********************************************: 13
Current result: {224,225,226,227,228,229,256,261,262,263,264,265,266,288,298,306,320,330,337,338,339,352,362,363,364,365,366,367,368,369,384,385,386,416,448,480,512,513}
Current function value: 6.55546426199174E7
s**********************************************: 14
Current result: {236,260,266,267,268,292,299,324,330,331,332,333,356,357,358,359,360,361,362,365,366,367,368,369,388,420,421,453,485}
Current function value: 6.617244596107036E7
s**********************************************: 15
Current result: {268,299,300,301,305,330,331,333,337,362,363,365,366,367,368,369,395,427,457,458,459,460,489,492,517,518,519,520,521,524}
Current function value: 6.6644909510973826E7
sRESULT**********************************************: 
result subgraph is: [224, 225, 226, 227, 228, 229, 256, 261, 262, 263, 264, 265, 266, 288, 298, 306, 320, 330, 337, 338, 339, 352, 362, 363, 364, 365, 366, 367, 368, 369, 384, 385, 386, 416, 448, 480, 512, 513]
------------------------------ test ends --------------------------------
