
------------------------------ test starts ------------------------------ 
s**********************************************: 2
Current result: {235,267,299,331}
Current function value: 7.199930586508995E7
s**********************************************: 3
Current result: {354,355,356,357,386,418}
Current function value: 7.162662647515881E7
s**********************************************: 4
Current result: {35,36,37,38,64,65,66,67}
Current function value: 7.27004773784802E7
s**********************************************: 5
Current result: {389,390,391,421,453,482,483,484,485,512,514,544,545,546}
Current function value: 7.248462144363199E7
s**********************************************: 6
Current result: {322,354,355,387,419,451,481,482,483,513,545,577}
Current function value: 7.204387410453478E7
s**********************************************: 7
Current result: {573,605,637,668,669,699,700,731,763}
Current function value: 7.102459999538419E7
s**********************************************: 8
Current result: {69,70,71,72,101,133,165,197,229,261,293,325,357}
Current function value: 6.951361266079916E7
s**********************************************: 9
Current result: {165,197,198,199,200,228,229,232,233,234,235,260,267,291,292,322,323,354,386}
Current function value: 6.936603026632106E7
s**********************************************: 10
Current result: {133,165,197,229,261,293,325,357,358,359,360,361,362,363,364,365,366,367,368,369,370,371,372,373,374,375,389,407,408,409,410,421,442,453,474,485,506,517,538,549,570,571,581,603,613,635,667,669,699,700,701,733,765}
Current function value: 6.767078974819455E7
s**********************************************: 11
Current result: {418,419,450,451,452,453,482,485,512,513,514,517,518,519,520,544,546,578,610,642,674,706,738,770,801,802,833}
Current function value: 6.821405516580889E7
s**********************************************: 12
Current result: {71,72,98,99,100,101,102,103,130,162,194,195,227,259,291,323,355,356,357,389,421,422,454,455,487,488,489}
Current function value: 6.833223554771653E7
s**********************************************: 13
Current result: {360,385,392,416,417,418,424,450,456,482,483,484,485,486,487,488,514,546,578,579,611,612,613,643,645}
Current function value: 6.88680873623209E7
s**********************************************: 14
Current result: {481,513,518,519,520,544,545,549,550,552,576,579,580,581,608,611,640,641,642,643,675,707,736,737,738,739,768,800}
Current function value: 6.952728912239408E7
s**********************************************: 15
Current result: {200,201,231,232,261,262,263,264,265,266,267,268,292,293,300,325,353,354,355,356,357,385,387,419,420,450,451,482}
Current function value: 6.806931926224121E7
sRESULT**********************************************: 
result subgraph is: [133, 165, 197, 229, 261, 293, 325, 357, 358, 359, 360, 361, 362, 363, 364, 365, 366, 367, 368, 369, 370, 371, 372, 373, 374, 375, 389, 407, 408, 409, 410, 421, 442, 453, 474, 485, 506, 517, 538, 549, 570, 571, 581, 603, 613, 635, 667, 669, 699, 700, 701, 733, 765]
------------------------------ test ends --------------------------------
