
------------------------------ test starts ------------------------------ 
s**********************************************: 2
Current result: {332,333,364,365,397}
Current function value: 6.728420734805493E7
s**********************************************: 3
Current result: {336,337,366,367,368,369,396,397,398}
Current function value: 6.556470300513033E7
s**********************************************: 4
Current result: {362,363,364,365,366,367,368,369,397}
Current function value: 6.723745536984769E7
s**********************************************: 5
Current result: {364,365,385,391,392,393,394,395,396,397,417,421,422,423,449,450,451,452,453,481,513}
Current function value: 6.632358140054818E7
s**********************************************: 6
Current result: {236,268,300,332,333,334,335,336,337,362,363,364,396}
Current function value: 6.532585174324662E7
s**********************************************: 7
Current result: {203,204,236,268,300,301,333,334,335,336,364,365,396}
Current function value: 6.619635320597589E7
s**********************************************: 8
Current result: {104,105,106,138,139,171,203,235,267,299,331,363,364,365,366,367,368,369,396,397}
Current function value: 6.505995822403616E7
s**********************************************: 9
Current result: {204,235,236,267,299,301,330,331,333,361,362,363,364,365,366,367,368,369,393,422,423,424,425,454,486,517,518}
Current function value: 6.6129151476437934E7
s**********************************************: 10
Current result: {300,306,331,332,333,334,335,336,337,338,362,363,364,365,368,369,396,397,401,433,465,497,529,560,561,592,624,656,688,720}
Current function value: 7.03207605113144E7
s**********************************************: 11
Current result: {331,336,363,364,368,369,394,395,396,397,398,400,426,430,431,432,458,490,518,519,520,521,522}
Current function value: 6.5418388570474505E7
s**********************************************: 12
Current result: {300,301,302,303,332,333,335,336,337,363,364,369,396,425,426,427,428,457,489,517,518,519,520,521}
Current function value: 6.532723788717269E7
s**********************************************: 13
Current result: {333,334,335,336,337,362,363,364,365,369,394,400,401,426,432,451,455,456,457,458,464,483,484,485,486,487,496,517,528,560}
Current function value: 6.564661704309353E7
s**********************************************: 14
Current result: {331,332,333,334,335,336,337,338,339,363,364,368,369,390,391,392,393,394,395,396,397,401,417,418,422,450,451,452,453,454}
Current function value: 6.5270597499183126E7
s**********************************************: 15
Current result: {331,332,333,334,335,336,362,363,364,368,394,396,397,400,425,426,432,457,464,483,484,485,489,515,517,518,519,520,521,546,547}
Current function value: 6.5356326778600655E7
sRESULT**********************************************: 
result subgraph is: [104, 105, 106, 138, 139, 171, 203, 235, 267, 299, 331, 363, 364, 365, 366, 367, 368, 369, 396, 397]
------------------------------ test ends --------------------------------
