
------------------------------ test starts ------------------------------ 
s**********************************************: 2
Current result: {427,428,429,461}
Current function value: 6.727858979273187E7
s**********************************************: 3
Current result: {423,455,456,485,486,487}
Current function value: 7.198188574388841E7
s**********************************************: 4
Current result: {424,425,426,427,428,456,460,488}
Current function value: 6.656809772145958E7
s**********************************************: 5
Current result: {424,425,426,427,428,454,455,456,485,486,517}
Current function value: 6.71138314086015E7
s**********************************************: 6
Current result: {423,424,425,426,427,428,455,460,485,486,487}
Current function value: 6.685174012802299E7
s**********************************************: 7
Current result: {643,674,675,706,736,738,768,769,770,800,801,832,864}
Current function value: 6.978096549994875E7
s**********************************************: 8
Current result: {321,322,354,386,418,419,423,451,452,453,454,455,456,485,488}
Current function value: 6.878374956290214E7
s**********************************************: 9
Current result: {422,423,424,425,426,427,454,459,460,461,486,518,550,582}
Current function value: 6.600307033281555E7
s**********************************************: 10
Current result: {205,237,269,301,333,365,397,423,424,425,426,427,428,429,451,452,453,454,455,461}
Current function value: 6.649181108003716E7
s**********************************************: 11
Current result: {297,320,321,322,323,324,325,328,329,352,357,358,359,360,384,392,423,424,425,428,453,454,455,457,458,459,460,461}
Current function value: 6.601490135628129E7
s**********************************************: 12
Current result: {364,365,366,396,423,428,455,456,457,458,459,460,461,466,467,468,469,485,486,487,493,494,496,497,498,501,514,515,516,517,526,527,528,533,534,566,598,630}
Current function value: 6.603744499816549E7
s**********************************************: 13
Current result: {203,204,205,206,207,208,235,267,299,300,329,330,331,361,393,422,423,424,425,426,427,428,429,430,431,432,433,434,435,436,437,454,469,470,471}
Current function value: 6.686024309533298E7
s**********************************************: 14
Current result: {323,324,325,326,327,328,353,354,355,359,360,361,362,391,394,395,396,397,398,399,400,401,402,403,404,405,406,407,408,423,428,429,440,441,442,453,454,455,460,474,485,506,507,508,509,510,542,574,606,638,670,702,734}
Current function value: 6.649213830817583E7
s**********************************************: 15
Current result: {320,321,322,323,324,325,326,327,328,329,330,352,355,362,384,393,394,416,423,424,425,427,428,448,455,457,458,459,480,487}
Current function value: 6.638329749088159E7
sRESULT**********************************************: 
result subgraph is: [422, 423, 424, 425, 426, 427, 454, 459, 460, 461, 486, 518, 550, 582]
------------------------------ test ends --------------------------------
