
------------------------------ test starts ------------------------------ 
s**********************************************: 2
Current result: {401,428,433,460,461,462,463,464,465}
Current function value: 6.682148639836189E7
s**********************************************: 3
Current result: {396,397,402,429,430,431,432,433,434}
Current function value: 6.607107409287423E7
s**********************************************: 4
Current result: {396,397,398,399,400,401,428,433}
Current function value: 6.560270122216211E7
s**********************************************: 5
Current result: {397,402,428,429,430,431,432,433,434,461}
Current function value: 6.498260649209995E7
s**********************************************: 6
Current result: {329,330,331,363,364,396,397,398,399,400,401,428,433,434,460}
Current function value: 6.498011717148274E7
s**********************************************: 7
Current result: {428,449,450,451,452,453,454,460,461,481,486,487,488,489,490,491,492,513,545}
Current function value: 6.789451399304281E7
s**********************************************: 8
Current result: {303,335,367,397,398,399,401,428,429,430,431,432,433,459,460,465,497}
Current function value: 6.526807651600819E7
s**********************************************: 9
Current result: {265,266,267,299,331,363,364,370,396,397,400,401,402,403,428,429,430,431,432,435}
Current function value: 6.532971275377593E7
s**********************************************: 10
Current result: {203,204,235,267,299,331,332,364,367,368,369,396,397,398,399,401,429,433,434,435,465,497,529,561,593,625,657,689}
Current function value: 6.678903123825835E7
s**********************************************: 11
Current result: {103,104,135,167,199,200,201,202,203,204,236,268,300,301,302,303,335,336,368,369,370,402,403,430,431,432,433,434,435,460,461,462}
Current function value: 6.555466382860944E7
s**********************************************: 12
Current result: {233,234,235,236,237,265,269,296,297,301,327,328,333,334,359,366,371,398,402,403,430,431,432,433,434,435}
Current function value: 6.5737319675450325E7
s**********************************************: 13
Current result: {272,273,305,337,369,370,396,397,398,402,428,430,431,432,433,434,435,457,458,459,460,461,466,483,484,485,486,487,488,489}
Current function value: 6.714405378524789E7
s**********************************************: 14
Current result: {270,271,272,273,302,305,334,337,357,358,359,360,366,369,389,392,393,394,395,396,397,398,401,421,428,429,433,434,435,452,453,460}
Current function value: 6.5399496862626925E7
s**********************************************: 15
Current result: {80,81,82,112,143,144,175,207,239,271,303,335,367,368,370,397,398,399,400,401,402,428,429,433,434,453,454,455,456,457,458,459,460}
Current function value: 6.558229120594511E7
sRESULT**********************************************: 
result subgraph is: [329, 330, 331, 363, 364, 396, 397, 398, 399, 400, 401, 428, 433, 434, 460]
------------------------------ test ends --------------------------------
