
------------------------------ test starts ------------------------------ 
s**********************************************: 2
Current result: {425,426,427,455,456,457,459,460,487}
Current function value: 6.857909028862226E7
s**********************************************: 3
Current result: {425,426,427,428,456,457,487,488}
Current function value: 6.791253042352904E7
s**********************************************: 4
Current result: {422,423,455,487,488,520,552,584,616,648}
Current function value: 7.066619853427221E7
s**********************************************: 5
Current result: {357,389,421,422,423,424,425,426,427,428}
Current function value: 6.85715720863983E7
s**********************************************: 6
Current result: {423,424,425,426,427,428,429,455,460,487,519,520}
Current function value: 6.6808340997522704E7
s**********************************************: 7
Current result: {354,386,403,418,419,420,421,422,423,424,425,426,427,428,429,430,431,432,433,434,435,460,461,492}
Current function value: 6.607374149200757E7
s**********************************************: 8
Current result: {658,659,660,661,662,663,664,696,728,729,730,731,732,733,734,735,767,799,831}
Current function value: 7.139651325048816E7
s**********************************************: 9
Current result: {354,385,386,418,424,450,455,456,480,481,482,483,484,485,486,487,488}
Current function value: 6.80519366287942E7
s**********************************************: 10
Current result: {429,449,450,451,453,454,455,456,457,458,459,460,461,480,481,483,484,485,512,517,544,576,608,640,672,704}
Current function value: 6.6651930352011204E7
s**********************************************: 11
Current result: {425,451,452,453,454,455,456,457,458,459,460,461,481,482,483,512,513,544,576,608,640,672,704}
Current function value: 6.577952122419856E7
s**********************************************: 12
Current result: {130,162,163,164,196,228,260,292,293,325,326,358,390,422,454,455,487,488,519,550,551,582,612,613,614,644}
Current function value: 6.792401724360673E7
s**********************************************: 13
Current result: {353,354,355,387,388,389,421,422,423,455,486,487,518,547,548,549,550,579,611,643,675,707,739,770,771,801,802,833}
Current function value: 6.907850450672527E7
s**********************************************: 14
Current result: {394,422,423,424,426,427,448,449,452,453,454,456,457,458,459,460,480,481,482,483,484,485,512,517,544,549,576,581,608,640,672}
Current function value: 6.624512514279417E7
s**********************************************: 15
Current result: {103,135,136,168,200,232,264,296,328,360,392,424,450,455,456,482,483,484,485,486,487,488,515,547,579,611,643,675,704,705,706,707}
Current function value: 6.755716950228396E7
sRESULT**********************************************: 
result subgraph is: [425, 451, 452, 453, 454, 455, 456, 457, 458, 459, 460, 461, 481, 482, 483, 512, 513, 544, 576, 608, 640, 672, 704]
------------------------------ test ends --------------------------------
