
------------------------------ test starts ------------------------------ 
s**********************************************: 2
Current result: {731,732,763}
Current function value: 7.279724743476209E7
s**********************************************: 3
Current result: {449,481,482,483}
Current function value: 7.27861366829706E7
s**********************************************: 4
Current result: {517,549,581,611,613,643,644,645}
Current function value: 7.230455521359366E7
s**********************************************: 5
Current result: {666,667,668,669,698,730,762,763}
Current function value: 7.216124898059377E7
s**********************************************: 6
Current result: {544,576,577,578,579,608,611,640}
Current function value: 7.155013624066079E7
s**********************************************: 7
Current result: {730,731,732,733,734,765,797,828,829,830,862}
Current function value: 7.013039011799566E7
s**********************************************: 8
Current result: {192,224,225,226,227,228,229,230,231,232,233,256,264,296,328,359,360,391,423,455,486,487,518,550,582}
Current function value: 6.968007065841223E7
s**********************************************: 9
Current result: {353,354,355,356,357,358,359,385,389,417,421,449,453,480,481,512}
Current function value: 7.029508682558486E7
s**********************************************: 10
Current result: {69,70,71,72,73,100,101,103,135,167,199,231,263,295,327,359,360,392,424,456,488,489,516,517,518,519,520,521}
Current function value: 6.91292668488781E7
s**********************************************: 11
Current result: {487,488,489,519,551,583,612,613,614,615,643,644,672,675,704,705,706,707,736,737,739,771}
Current function value: 6.87927457433904E7
s**********************************************: 12
Current result: {69,70,71,72,98,99,100,101,104,136,168,200,232,264,265,266,267,298,330,362,363,394,395,396,397,426,429,430,431,432,433,434,435,436,458,488,489,490,517,518,519,520,549,581,611,612,613,641,642,643}
Current function value: 6.802855772593199E7
s**********************************************: 13
Current result: {276,308,340,372,373,405,437,438,470,471,503,504,505,506,507,508,540,572,573,574,606,638,669,670,701,733}
Current function value: 6.680873536904517E7
s**********************************************: 14
Current result: {99,100,101,102,131,132,163,195,227,259,291,323,355,387,419,451,483,515,547,579,611,643,675,707,736,737,738,739}
Current function value: 6.75397573708478E7
s**********************************************: 15
Current result: {72,73,74,98,101,102,103,104,106,130,131,132,133,163,195,227,228,229,261,293,325,357,388,389,420,452,482,483,484,514}
Current function value: 6.656712892358116E7
sRESULT**********************************************: 
result subgraph is: [72, 73, 74, 98, 101, 102, 103, 104, 106, 130, 131, 132, 133, 163, 195, 227, 228, 229, 261, 293, 325, 357, 388, 389, 420, 452, 482, 483, 484, 514]
------------------------------ test ends --------------------------------
