
------------------------------ test starts ------------------------------ 
s**********************************************: 2
Current result: {336,368,369,401}
Current function value: 6.811690094542682E7
s**********************************************: 3
Current result: {336,337,338,365,366,367,368}
Current function value: 6.891922620717216E7
s**********************************************: 4
Current result: {304,305,336,368,369,397,398,399,400}
Current function value: 6.6287118913082145E7
s**********************************************: 5
Current result: {337,338,339,364,365,366,367,368,369,396}
Current function value: 6.547504117923483E7
s**********************************************: 6
Current result: {331,333,334,335,336,337,363,364,365,369,396,397}
Current function value: 6.502242634666293E7
s**********************************************: 7
Current result: {268,269,301,305,306,333,334,335,336,337,362,363,364,365,396}
Current function value: 6.544533360202881E7
s**********************************************: 8
Current result: {360,361,362,363,364,390,391,392,396,422,453,454,482,483,484,485,514,546,576,577,578,608,640,672,704}
Current function value: 6.882217296738663E7
s**********************************************: 9
Current result: {332,334,335,336,337,338,363,364,365,366,394,395,397,425,426,453,454,455,456,457,482,483,484,485}
Current function value: 6.5303467083972864E7
s**********************************************: 10
Current result: {136,168,169,201,202,205,206,234,235,236,237,269,301,306,333,334,335,336,337,338,363,364,365,396}
Current function value: 6.5592767270003915E7
s**********************************************: 11
Current result: {234,235,267,299,328,329,330,331,333,334,335,336,359,360,363,364,365,368,391,396,397,400,401,422,423,454,482,483,484,485,486,514,546}
Current function value: 6.5474625134692326E7
s**********************************************: 12
Current result: {306,333,337,338,339,340,356,357,358,359,360,361,362,363,364,365,366,367,368,369,372,400,401,432,464,496,528,560,592,624}
Current function value: 6.6761726036937624E7
s**********************************************: 13
Current result: {206,207,208,238,240,270,302,330,331,332,333,334,335,336,362,364,365,368,369,389,390,391,392,393,394,396,421,453,485}
Current function value: 6.562531092559342E7
s**********************************************: 14
Current result: {103,135,136,137,169,170,171,203,235,267,299,306,331,332,333,334,335,336,337,338,339,368,369,371,372,401,404,432,433,464,496,528,560,592,624,656}
Current function value: 6.608361007144462E7
s**********************************************: 15
Current result: {305,306,337,362,363,364,367,368,369,393,394,396,397,398,399,401,402,403,425,435,436,457,468,489,500,517,518,519,520,521,532}
Current function value: 6.542077945653682E7
sRESULT**********************************************: 
result subgraph is: [331, 333, 334, 335, 336, 337, 363, 364, 365, 369, 396, 397]
------------------------------ test ends --------------------------------
