
------------------------------ test starts ------------------------------ 
s**********************************************: 2
Current result: {396,397,398,399,400}
Current function value: 6.898140569817154E7
s**********************************************: 3
Current result: {397,427,429,459,460,461}
Current function value: 6.680852473681262E7
s**********************************************: 4
Current result: {401,423,424,425,426,427,433,455,459,460,461,462,463,464,465,485,486,487,517}
Current function value: 6.604062154061622E7
s**********************************************: 5
Current result: {397,398,399,400,401,402,429,434,460,461}
Current function value: 6.503268086081449E7
s**********************************************: 6
Current result: {396,397,398,399,400,401,402,428,433,434,435,460,465,497,529}
Current function value: 6.5309091817720085E7
s**********************************************: 7
Current result: {202,203,234,266,298,330,331,332,364,365,397,398,399,400,401,402,429,430,461}
Current function value: 6.5355287042914025E7
s**********************************************: 8
Current result: {328,329,330,331,332,333,334,355,356,357,358,359,360,366,369,388,396,397,398,399,400,401,428,432,433}
Current function value: 6.5432877616467535E7
s**********************************************: 9
Current result: {203,204,235,267,299,331,363,395,397,427,428,429,430,431,432,433,434,435,460}
Current function value: 6.533501711737408E7
s**********************************************: 10
Current result: {236,267,268,299,331,332,364,368,369,370,396,397,398,399,400,402,428,429,434,435,461}
Current function value: 6.527332351992711E7
s**********************************************: 11
Current result: {288,320,321,322,323,324,356,357,358,366,390,398,422,423,424,425,426,427,428,429,430}
Current function value: 6.6418886739821285E7
s**********************************************: 12
Current result: {168,169,170,171,172,173,200,205,237,238,239,268,269,271,300,303,332,335,364,367,368,369,370,396,402,428,460}
Current function value: 6.575756498097832E7
s**********************************************: 13
Current result: {205,206,236,237,268,298,299,300,327,328,329,330,359,362,369,370,391,394,395,401,423,427,428,429,430,431,432,433,434,454,455,466,485,486,517}
Current function value: 6.605713450035789E7
s**********************************************: 14
Current result: {397,398,399,400,401,424,425,426,427,428,429,433,453,454,455,456,460,461,481,482,483,484,485,513,545,546,578,610,642}
Current function value: 6.490682862615567E7
s**********************************************: 15
Current result: {327,359,364,366,367,368,391,392,393,394,395,396,397,398,400,401,423,429,433,454,455,461,482,483,484,485,486,514,546,578,610,642,643,644,645,673,674,705,737}
Current function value: 6.6696215701515235E7
sRESULT**********************************************: 
result subgraph is: [397, 398, 399, 400, 401, 424, 425, 426, 427, 428, 429, 433, 453, 454, 455, 456, 460, 461, 481, 482, 483, 484, 485, 513, 545, 546, 578, 610, 642]
------------------------------ test ends --------------------------------
