
------------------------------ test starts ------------------------------ 
s**********************************************: 2
Current result: {433,465,466}
Current function value: 6.965376527243876E7
s**********************************************: 3
Current result: {397,398,399,400,401,429,433}
Current function value: 6.6292069638889775E7
s**********************************************: 4
Current result: {224,225,226,258,290,322,354,386,418,450,481,482,483,484,485,513}
Current function value: 7.21627546181368E7
s**********************************************: 5
Current result: {401,428,429,430,431,432,433,460,465,497,529,561,593,625,657,689}
Current function value: 6.523681807608278E7
s**********************************************: 6
Current result: {325,326,327,328,329,330,362,394,395,401,427,428,429,433,434,461,462,463,464,465}
Current function value: 6.5090433861329645E7
s**********************************************: 7
Current result: {203,235,267,299,331,363,364,365,397,398,399,400,401,402,429,434,435,461,466,467}
Current function value: 6.512899358683569E7
s**********************************************: 8
Current result: {401,402,403,429,430,431,432,433,434,458,459,460,461,487,488,489,490,512,513,514,515,516,517,518,519}
Current function value: 6.517999542498812E7
s**********************************************: 9
Current result: {320,352,358,359,360,361,362,363,384,390,395,396,397,398,402,416,417,418,419,422,430,431,432,433,434,451,453,454,483,484,485,517}
Current function value: 6.515804616663161E7
s**********************************************: 10
Current result: {267,299,331,363,395,397,427,428,429,430,431,432,433,434,460,462}
Current function value: 6.5126162883282825E7
s**********************************************: 11
Current result: {269,301,302,334,366,369,385,396,397,398,399,400,401,402,403,417,428,433,435,449,460,481,492,513,522,523,524,544,545,546,547,548,551,552,553,554,580,581,583,613,614,615}
Current function value: 6.6340710195286356E7
s**********************************************: 12
Current result: {359,360,361,362,363,390,391,395,418,419,420,421,422,427,428,429,430,431,432,433,434,435,450,459,460}
Current function value: 6.557088664332166E7
s**********************************************: 13
Current result: {171,172,173,203,235,236,237,269,270,302,334,366,394,395,396,397,398,399,401,402,403,421,422,423,424,425,426,431,432,433,434,435,452,453,466,480,481,482,483,484,512}
Current function value: 6.6748152068505324E7
s**********************************************: 14
Current result: {240,272,304,305,337,369,397,398,399,401,402,403,429,431,432,433,435,453,454,455,456,457,458,459,460,461,481,482,483,484,485,513}
Current function value: 6.534545338390647E7
s**********************************************: 15
Current result: {257,289,321,353,385,417,429,430,431,432,433,434,449,461,465,481,482,483,484,485,486,487,491,492,493,514,519,520,521,522,523}
Current function value: 6.508353588810452E7
sRESULT**********************************************: 
result subgraph is: [257, 289, 321, 353, 385, 417, 429, 430, 431, 432, 433, 434, 449, 461, 465, 481, 482, 483, 484, 485, 486, 487, 491, 492, 493, 514, 519, 520, 521, 522, 523]
------------------------------ test ends --------------------------------
