
------------------------------ test starts ------------------------------ 
s**********************************************: 2
Current result: {71,72,101,102,103,104,105,137,138,170,171,203,204,205,206}
Current function value: 7.059523508890824E7
s**********************************************: 3
Current result: {481,482,514,515,516,517}
Current function value: 7.340079518335399E7
s**********************************************: 4
Current result: {454,455,456,457,458,459,460,461,486,517,518}
Current function value: 6.80418041760975E7
s**********************************************: 5
Current result: {423,424,425,426,427,428,455,487,519}
Current function value: 6.589642963624489E7
s**********************************************: 6
Current result: {423,427,428,453,454,455,456,457,458,459,481,482,483,484,485,513}
Current function value: 6.778186287820363E7
s**********************************************: 7
Current result: {427,459,460,488,489,490,491,519,520,551,583,613,614,615,643,644,645,675,706,707,737,738,769,801,833,865}
Current function value: 6.767457549292627E7
s**********************************************: 8
Current result: {321,353,385,417,418,419,420,421,422,423,424,425,426,427,428,453,454,459,460}
Current function value: 6.561601674275139E7
s**********************************************: 9
Current result: {288,289,290,294,322,323,324,325,326,355,387,419,451,452,453}
Current function value: 7.045246414558002E7
s**********************************************: 10
Current result: {423,424,425,453,454,455,457,458,459,460,487,518,519,550,582,614,646,678,710,739,740,741,742}
Current function value: 6.659409752227638E7
s**********************************************: 11
Current result: {422,423,424,425,426,427,428,448,449,450,451,452,453,454,480,512,544,576,608,640,672,704,736,768,800,832,864,896}
Current function value: 6.633173541323891E7
s**********************************************: 12
Current result: {234,235,267,299,300,332,358,359,360,361,362,364,392,394,395,396,421,422,423,424,428,454,460,486,517,518}
Current function value: 6.611049138903968E7
s**********************************************: 13
Current result: {353,354,355,360,361,362,385,392,394,417,423,424,426,427,449,455,481,486,487,513,517,518,545,546,547,548,549}
Current function value: 6.754348306336726E7
s**********************************************: 14
Current result: {235,266,267,298,329,330,359,360,361,362,391,394,422,423,426,427,428,429,454,461,485,486,493,517,525,557,558,559,560,561,562}
Current function value: 6.711477008954166E7
s**********************************************: 15
Current result: {322,323,324,325,352,353,354,357,385,386,389,390,418,422,423,449,450,454,455,480,481,485,486,487,512,517,519,520,544,576}
Current function value: 6.758733553736168E7
sRESULT**********************************************: 
result subgraph is: [321, 353, 385, 417, 418, 419, 420, 421, 422, 423, 424, 425, 426, 427, 428, 453, 454, 459, 460]
------------------------------ test ends --------------------------------
