
------------------------------ test starts ------------------------------ 
s**********************************************: 2
Current result: {401,402,434,435}
Current function value: 7.040493812699036E7
s**********************************************: 3
Current result: {369,370,401,402,434,435,466}
Current function value: 6.766043458773774E7
s**********************************************: 4
Current result: {401,429,430,431,432,433,434}
Current function value: 6.555735943188286E7
s**********************************************: 5
Current result: {394,395,396,397,398,399,400,401,423,424,425,426,433,434,435,452,453,455,485,486,487}
Current function value: 6.555569341787761E7
s**********************************************: 6
Current result: {397,398,399,422,423,424,425,426,427,428,429,431,432,433,454,485,486,517}
Current function value: 6.701164779858609E7
s**********************************************: 7
Current result: {352,384,385,417,418,450,482,483,484,485,514,546,547}
Current function value: 7.088277475070499E7
s**********************************************: 8
Current result: {323,328,355,356,357,358,359,360,361,362,363,364,365,386,387,397}
Current function value: 6.871125025726768E7
s**********************************************: 9
Current result: {273,305,306,338,370,401,402,428,430,431,432,433,434,435,450,451,452,453,454,455,456,457,458,459,460,461,462,467,482,488,489,520,521}
Current function value: 6.530595472661468E7
s**********************************************: 10
Current result: {173,174,203,204,205,237,269,301,333,365,397,398,399,400,401,402,403,429,435,461}
Current function value: 6.557505171749054E7
s**********************************************: 11
Current result: {238,270,271,302,334,366,389,390,391,392,393,394,395,396,397,398,402,421,430,431,432,433,434,453,465,485}
Current function value: 6.5159900899666235E7
s**********************************************: 12
Current result: {360,361,362,363,392,395,396,397,398,424,430,431,432,433,434,435,453,454,455,456,466,467,484,485,498,530,562,593,594,625,657,658,690,722}
Current function value: 6.792785130756943E7
s**********************************************: 13
Current result: {340,372,387,398,399,400,401,403,404,418,419,427,428,429,430,433,434,435,450,457,458,459,466,482,483,484,485,486,487,488,489}
Current function value: 6.518335388200725E7
s**********************************************: 14
Current result: {358,359,391,423,451,455,483,484,485,486,487,516,517,518,548,580,611,612,643,672,675,704,705,706,707,736,739,768}
Current function value: 7.003697115236463E7
s**********************************************: 15
Current result: {173,174,205,237,269,301,333,365,396,397,398,399,400,401,423,424,425,426,427,428,433,434,455,460,487,518,519,549,550,581,613,645,677,709,710,736,742,743,768,771,772,773,774,775,800,803,832,835,864,865,866,867,896,928,929}
Current function value: 6.737965464924328E7
sRESULT**********************************************: 
result subgraph is: [238, 270, 271, 302, 334, 366, 389, 390, 391, 392, 393, 394, 395, 396, 397, 398, 402, 421, 430, 431, 432, 433, 434, 453, 465, 485]
------------------------------ test ends --------------------------------
