
------------------------------ test starts ------------------------------ 
s**********************************************: 2
Current result: {485,517,518,519}
Current function value: 7.285559432830909E7
s**********************************************: 3
Current result: {546,547,548,580,612,613,643,644,645,675}
Current function value: 7.278150714780442E7
s**********************************************: 4
Current result: {259,260,261,262,263,264,265}
Current function value: 7.109543651801507E7
s**********************************************: 5
Current result: {485,514,515,516,517,546,578,610,642,643}
Current function value: 7.140037728791651E7
s**********************************************: 6
Current result: {582,611,612,613,614,643,675,707,739,771}
Current function value: 7.137244792481641E7
s**********************************************: 7
Current result: {485,486,518,550,582,614,644,645,646,674,675,676,705,706}
Current function value: 7.002785948294704E7
s**********************************************: 8
Current result: {417,449,481,512,513,514,545,576,577,578,579,611,643}
Current function value: 6.94975837392478E7
s**********************************************: 9
Current result: {235,267,268,300,332,360,361,362,363,364,391,392,423,454,455,485,486,517,549,581,613,643,644,645}
Current function value: 7.181562210952498E7
s**********************************************: 10
Current result: {389,390,421,451,452,453,454,455,456,457,484,489,516,517,549,581,582,583,615}
Current function value: 6.876449023122413E7
s**********************************************: 11
Current result: {267,299,326,327,328,329,330,331,353,354,355,356,357,358,361,362,385,394,417,418,450,451}
Current function value: 6.9053741897318E7
s**********************************************: 12
Current result: {263,264,265,266,267,295,327,357,358,359,389,421,453,485,517,549,581,613,643,644,645,675,707}
Current function value: 6.682238159581738E7
s**********************************************: 13
Current result: {265,297,298,325,326,327,328,329,330,331,332,333,334,335,336,355,356,357,368,369,370,371,385,386,387,403,416,417,435,448,467,480,499,512,531,544,545,563,564,565,566,567,577,599,609,631,632,633,634,641,666,673,698,705,706,707,739}
Current function value: 6.774383022573757E7
s**********************************************: 14
Current result: {195,196,197,198,199,200,201,225,226,227,233,257,259,265,266,267,268,289,291,321,353,385,417,449,450,481,482,513,545}
Current function value: 6.885978770310993E7
s**********************************************: 15
Current result: {100,101,133,165,197,198,199,200,201,233,234,235,267,268,269,301,302,303,304,305,306,307,308,309,310,311,343,375,407,438,439,470,502,534,566,598,630,662,694,695,696,697,698,730}
Current function value: 6.901601572807531E7
sRESULT**********************************************: 
result subgraph is: [263, 264, 265, 266, 267, 295, 327, 357, 358, 359, 389, 421, 453, 485, 517, 549, 581, 613, 643, 644, 645, 675, 707]
------------------------------ test ends --------------------------------
