
------------------------------ test starts ------------------------------ 
s**********************************************: 2
Current result: {579,610,611,642}
Current function value: 7.303114753565358E7
s**********************************************: 3
Current result: {577,579,608,609,610,611}
Current function value: 7.295333131007993E7
s**********************************************: 4
Current result: {731,732,764,765,766,797}
Current function value: 7.173629285542804E7
s**********************************************: 5
Current result: {766,796,797,798,829,830,831,863}
Current function value: 7.177108702160019E7
s**********************************************: 6
Current result: {515,547,579,611,642,643,675,676,704,705,706,707}
Current function value: 7.074601431239451E7
s**********************************************: 7
Current result: {514,546,578,610,642,674,675,676,708,740,741}
Current function value: 7.27188299892505E7
s**********************************************: 8
Current result: {608,609,610,611,612,613,640,645,672,677,704,736,768,800,832,833}
Current function value: 7.055525010610643E7
s**********************************************: 9
Current result: {449,450,451,483,484,516,547,548,578,579,611,643,672,673,674,675,704}
Current function value: 6.997723203837875E7
s**********************************************: 10
Current result: {391,392,423,455,487,519,547,548,549,550,551,577,578,579,608,609,611,643,675,707}
Current function value: 7.06432190655902E7
s**********************************************: 11
Current result: {134,135,136,161,162,163,164,165,166,193,225,257,289,321,353,354,386,418,449,450,451,481,483,484,516,548,580,612,644,674,675,676,705,706,737,769,801,832,833,864}
Current function value: 6.83758323009706E7
s**********************************************: 12
Current result: {168,200,232,264,292,293,294,295,296,324,356,387,388,419,451,483,514,515,546,578,610,641,642,673,704,705}
Current function value: 6.975502634976058E7
s**********************************************: 13
Current result: {105,137,162,163,164,165,166,167,168,169,194,199,231,263,295,327,359,391,423,453,454,455,485,517,549,581,613,641,642,645,646,674,675,676,677,678,708,709}
Current function value: 6.870557817572857E7
s**********************************************: 14
Current result: {227,228,229,230,231,232,233,265,297,298,299,300,332,364,396,423,424,425,426,427,428,453,454,455,483,484,485,515,545,546,547,577,609,641,642,674,706,738,770,771}
Current function value: 6.749746881595938E7
s**********************************************: 15
Current result: {257,258,259,289,291,292,293,321,353,385,417,449,481,513,545,546,547,579,611,612,613,645,677,709,710,711,741,743,773}
Current function value: 6.773216359580185E7
sRESULT**********************************************: 
result subgraph is: [227, 228, 229, 230, 231, 232, 233, 265, 297, 298, 299, 300, 332, 364, 396, 423, 424, 425, 426, 427, 428, 453, 454, 455, 483, 484, 485, 515, 545, 546, 547, 577, 609, 641, 642, 674, 706, 738, 770, 771]
------------------------------ test ends --------------------------------
