
------------------------------ test starts ------------------------------ 
s**********************************************: 2
Current result: {677}
Current function value: 7.343704079854456E7
s**********************************************: 3
Current result: {733,765,766,798,830,831,862}
Current function value: 7.31324387913874E7
s**********************************************: 4
Current result: {545,577,578,610,611,643,675,707}
Current function value: 7.303436134698817E7
s**********************************************: 5
Current result: {669,701,733,734,766,798,830,831,862,863}
Current function value: 7.324227250492008E7
s**********************************************: 6
Current result: {698,699,700,732,733,765,797,829,861,862,863,895,927}
Current function value: 7.286207606183222E7
s**********************************************: 7
Current result: {609,641,673,705,736,737,738,739,771,803,833,834,835,865}
Current function value: 7.170405673036589E7
s**********************************************: 8
Current result: {193,194,225,226,258,259,291,323,324,325,357,389,420,421,452,484,516,548,580,612,644,675,676}
Current function value: 6.963950942810255E7
s**********************************************: 9
Current result: {353,385,394,395,396,397,398,399,400,401,402,403,404,405,417,418,419,420,421,422,423,424,425,426,437,438,439,440,441,442,443,444,449,476,477,481,509,513,541,545,572,573,577,603,604,609,610,611,635,636,643,644,668,696,699,700,728,729,730,731}
Current function value: 6.556961316085528E7
s**********************************************: 10
Current result: {483,515,547,579,611,612,644,646,647,648,649,676,678,708,709,710,737,738,739,740}
Current function value: 6.904335877608986E7
s**********************************************: 11
Current result: {356,388,420,421,422,423,451,452,453,483,512,515,544,545,547,577,578,579,610,611,642,643}
Current function value: 6.822448710901521E7
s**********************************************: 12
Current result: {293,294,295,325,327,328,329,330,331,357,363,364,365,366,367,368,369,370,387,388,389,402,419,434,451,466,483,498,515,530,547,562,579,594,611,626,627,643,659,660,661,662,663,664,665,675,677,678,697,698,699,700,701,706,707,708,709,733,738,765,770,797,802,833,834,865,897}
Current function value: 6.626661600785134E7
s**********************************************: 13
Current result: {451,452,453,454,455,456,457,458,459,460,461,462,463,464,465,466,467,468,469,470,471,472,473,474,475,483,507,508,509,512,513,514,515,541,544,572,573,576,605,608,609,610,637,638,642,643,670,675,702,703,707,708,734,740,766,772,804}
Current function value: 6.679606002443589E7
s**********************************************: 14
Current result: {329,330,331,363,395,426,427,455,456,457,458,483,487,513,514,515,516,517,519,545,549,550,551,577,582,609,641,673,705,737,769,770}
Current function value: 6.696657305689416E7
s**********************************************: 15
Current result: {293,294,295,324,325,353,355,356,385,386,387,417,449,481,513,515,544,545,547,577,579,608,609,610,611,641,642,643,673,674}
Current function value: 6.786720126676312E7
sRESULT**********************************************: 
result subgraph is: [353, 385, 394, 395, 396, 397, 398, 399, 400, 401, 402, 403, 404, 405, 417, 418, 419, 420, 421, 422, 423, 424, 425, 426, 437, 438, 439, 440, 441, 442, 443, 444, 449, 476, 477, 481, 509, 513, 541, 545, 572, 573, 577, 603, 604, 609, 610, 611, 635, 636, 643, 644, 668, 696, 699, 700, 728, 729, 730, 731]
------------------------------ test ends --------------------------------
