
------------------------------ test starts ------------------------------ 
s**********************************************: 2
Current result: {675,707,738,739}
Current function value: 7.352513872538497E7
s**********************************************: 3
Current result: {327,359,391,423,424,425,426}
Current function value: 7.231699711550665E7
s**********************************************: 4
Current result: {263,264,292,293,294,295}
Current function value: 7.177584729610434E7
s**********************************************: 5
Current result: {669,700,701,733,764,765,766,797,798}
Current function value: 7.297221490582553E7
s**********************************************: 6
Current result: {695,696,701,702,728,729,732,733,761,762,763,764}
Current function value: 7.089345735514048E7
s**********************************************: 7
Current result: {637,669,701,733,765,766,798,830,831,863,895,927}
Current function value: 7.259697044970466E7
s**********************************************: 8
Current result: {206,234,235,236,237,238,267,299,331,332,363,395,418,419,420,421,422,423,424,425,426,427,453,485,517,549}
Current function value: 6.948370482388002E7
s**********************************************: 9
Current result: {421,422,423,452,453,455,456,481,482,483,484,488,512,513,544,576,608}
Current function value: 7.043587692099321E7
s**********************************************: 10
Current result: {144,167,176,199,200,201,202,203,204,205,206,207,208,209,210,231,263,295,327,359,391,423,455,456}
Current function value: 6.867960020040551E7
s**********************************************: 11
Current result: {584,611,612,613,614,615,616,643,675,707,739,771,803,833,834,835,865,897,929,930}
Current function value: 7.017350140098731E7
s**********************************************: 12
Current result: {163,195,227,259,260,261,262,263,264,291,296,297,298,323,330,355,387,419,451,483,515,547,579,609,610,611}
Current function value: 6.918788116041152E7
s**********************************************: 13
Current result: {167,199,231,263,264,265,297,298,329,361,393,420,421,422,423,424,425,451,452,481,482,483,513,545,546,578,579,611}
Current function value: 6.735738828684163E7
s**********************************************: 14
Current result: {74,75,76,106,138,170,202,234,266,267,280,299,312,313,329,330,331,332,333,334,335,336,337,344,361,369,370,371,372,373,374,375,376,393,408,423,424,425,440,455,472,487,504,505,519,537,538,551,570,583,602,615,634,647,666,679,698,710,711,730,731,742,763,764,765,766,769,770,771,772,773,774,801,833,864,865}
Current function value: 6.688520601389578E7
s**********************************************: 15
Current result: {78,87,104,105,106,107,110,115,116,117,118,119,133,134,135,136,139,140,141,142,143,144,145,146,147,165,172,197,204,229,236,260,261,268,289,290,291,292,299,300,322,331,332,354,364,386,418,450}
Current function value: 6.695774600503667E7
sRESULT**********************************************: 
result subgraph is: [74, 75, 76, 106, 138, 170, 202, 234, 266, 267, 280, 299, 312, 313, 329, 330, 331, 332, 333, 334, 335, 336, 337, 344, 361, 369, 370, 371, 372, 373, 374, 375, 376, 393, 408, 423, 424, 425, 440, 455, 472, 487, 504, 505, 519, 537, 538, 551, 570, 583, 602, 615, 634, 647, 666, 679, 698, 710, 711, 730, 731, 742, 763, 764, 765, 766, 769, 770, 771, 772, 773, 774, 801, 833, 864, 865]
------------------------------ test ends --------------------------------
