
------------------------------ test starts ------------------------------ 
s**********************************************: 2
Current result: {480,512,513,514}
Current function value: 7.347267403916611E7
s**********************************************: 3
Current result: {481,482,514,546,578,610}
Current function value: 7.335597948121554E7
s**********************************************: 4
Current result: {737,769,770,802,834,865,866,897}
Current function value: 7.194650517553169E7
s**********************************************: 5
Current result: {635,667,668,700,732,764,765,797,798,830}
Current function value: 7.200601379910757E7
s**********************************************: 6
Current result: {143,175,207,239,240,272,304,336,368,369,370,402}
Current function value: 6.91307709746995E7
s**********************************************: 7
Current result: {570,571,572,602,604,636,637,669,701,702,734,765,766,797}
Current function value: 6.997565146044804E7
s**********************************************: 8
Current result: {288,320,321,353,385,417,449,481,513,514,515,547,579,609,610,611}
Current function value: 7.185606476584865E7
s**********************************************: 9
Current result: {465,466,467,499,531,532,564,596,597,598,630,636,662,663,664,665,666,667,668}
Current function value: 7.04712784613883E7
s**********************************************: 10
Current result: {165,166,167,168,169,197,201,202,229,233,261,292,293,294,324,326,355,356,387,419,450,451,482,514,515}
Current function value: 6.927171309914403E7
s**********************************************: 11
Current result: {233,265,266,267,299,331,332,364,365,366,367,368,369,401,433,465,466,498,499,500,501,502,503,535,567,599,631,663,664,665,666,667,668,700,701,733,765,797}
Current function value: 6.797596946337391E7
s**********************************************: 12
Current result: {195,227,259,260,292,324,356,357,385,386,387,388,389,417,449,481,513,545,546,547,579,611,643,675,707,708}
Current function value: 6.924123659828117E7
s**********************************************: 13
Current result: {201,229,230,231,232,233,234,235,236,237,238,239,240,261,272,293,304,323,324,325,336,337,338,355,370,387,402,418,419,434,450,466,482,514,546,578,610}
Current function value: 6.71423748555004E7
s**********************************************: 14
Current result: {401,433,465,466,498,499,531,532,533,534,566,598,630,631,632,633,634,635,667,668,700,732,764,765}
Current function value: 6.6633966789073676E7
s**********************************************: 15
Current result: {141,171,172,173,199,200,201,202,203,231,263,294,295,326,358,390,421,422,450,451,452,453,480,481,482,512,514,546,578,610,611,643,675,676,677,708,740}
Current function value: 6.744872668543984E7
sRESULT**********************************************: 
result subgraph is: [401, 433, 465, 466, 498, 499, 531, 532, 533, 534, 566, 598, 630, 631, 632, 633, 634, 635, 667, 668, 700, 732, 764, 765]
------------------------------ test ends --------------------------------
