
------------------------------ test starts ------------------------------ 
s**********************************************: 2
Current result: {766,797,798}
Current function value: 7.365560269953202E7
s**********************************************: 3
Current result: {483,515,516,517,547}
Current function value: 7.214423196081328E7
s**********************************************: 4
Current result: {610,611,643,675,677,707,708,709}
Current function value: 7.327879365899743E7
s**********************************************: 5
Current result: {569,601,633,665,697,698,699}
Current function value: 7.100974885654773E7
s**********************************************: 6
Current result: {579,611,643,675,676,677,678,706,707}
Current function value: 7.213937302105808E7
s**********************************************: 7
Current result: {579,611,643,675,707,739,771,800,803,832,834,835,864,865,866}
Current function value: 6.865120947131193E7
s**********************************************: 8
Current result: {609,610,641,642,673,705,736,737,738,739,740,741,770}
Current function value: 7.194647950771691E7
s**********************************************: 9
Current result: {385,417,449,481,482,483,513,545,577,609,610,642,674,706,738,739,740,741,771}
Current function value: 7.143758731481871E7
s**********************************************: 10
Current result: {355,385,387,417,418,419,450,451,483,514,515,546,578,610,611,641,642,643,675,676}
Current function value: 6.9800683942337E7
s**********************************************: 11
Current result: {384,416,448,480,512,544,576,608,640,643,644,645,646,647,648,649,650,651,652,653,654,655,656,657,658,659,660,661,662,663,664,665,666,667,668,669,672,675,701,704,705,706,707,708,733,736,765,766,767,799,831,862,863}
Current function value: 6.79844391334089E7
s**********************************************: 12
Current result: {546,547,579,580,609,612,640,641,642,643,644,672,704,736,737,768,800,832,833,864,896,928}
Current function value: 6.916989754095449E7
s**********************************************: 13
Current result: {357,358,359,387,388,389,419,451,483,515,547,579,580,611,612,643,644,645,674,675,677,707,708,739,771}
Current function value: 6.940068791303362E7
s**********************************************: 14
Current result: {264,295,296,323,324,325,326,327,357,389,421,453,485,486,517,518,549,581,613,645,677,708,709,739,740,769,770,771,801}
Current function value: 7.036423850629829E7
s**********************************************: 15
Current result: {289,321,322,323,324,325,357,358,359,360,389,392,393,394,395,396,397,398,399,400,401,402,403,404,405,406,421,438,453,470,471,472,485,486,504,505,506,509,518,538,539,540,541,542,550,551,574,579,580,581,582,583,606,611,636,637,638,668,698,699,700,730,732,733,765}
Current function value: 6.6279775485455886E7
sRESULT**********************************************: 
result subgraph is: [289, 321, 322, 323, 324, 325, 357, 358, 359, 360, 389, 392, 393, 394, 395, 396, 397, 398, 399, 400, 401, 402, 403, 404, 405, 406, 421, 438, 453, 470, 471, 472, 485, 486, 504, 505, 506, 509, 518, 538, 539, 540, 541, 542, 550, 551, 574, 579, 580, 581, 582, 583, 606, 611, 636, 637, 638, 668, 698, 699, 700, 730, 732, 733, 765]
------------------------------ test ends --------------------------------
