
------------------------------ test starts ------------------------------ 
s**********************************************: 2
Current result: {576,608,609,641}
Current function value: 7.323666875071882E7
s**********************************************: 3
Current result: {172}
Current function value: 7.292567596097288E7
s**********************************************: 4
Current result: {675,676,677,709}
Current function value: 7.31163006779054E7
s**********************************************: 5
Current result: {546,578,609,610,611}
Current function value: 7.301601190554583E7
s**********************************************: 6
Current result: {544,545,576,578,608,609,610,640,641,673,704,705,736}
Current function value: 7.145503395719291E7
s**********************************************: 7
Current result: {323,324,325,326,327,340,355,359,360,361,372,385,386,387,393,398,399,400,401,402,403,404,417,425,426,427,428,429,430,449,481,513,545,577,609,641,673,705,737,769,770,771,772}
Current function value: 6.874377454386665E7
s**********************************************: 8
Current result: {668,669,700,701,702,732,733,765,766,767,798,799,831,863}
Current function value: 7.247376987442024E7
s**********************************************: 9
Current result: {630,631,632,633,634,635,636,668,700,701,733,764,765,797,829,830,862,894}
Current function value: 7.062353467394437E7
s**********************************************: 10
Current result: {480,512,513,514,515,516,517,518,544,550,576,608,609,610,640,672,704,736,737,738}
Current function value: 6.948780082931265E7
s**********************************************: 11
Current result: {206,238,270,302,334,366,398,429,430,450,451,452,453,454,455,456,457,458,459,460,461,462,463,464,465,481,482,497,498,512,513,530,531,532,533,534,535,536,537,538,539,540,541,544,573,576,605,608,609,610,611,612,637,669,701,733,734,764,765,796}
Current function value: 6.923953302537471E7
s**********************************************: 12
Current result: {534,566,598,630,631,663,664,665,666,667,668,700,730,731,732,762,764,765,797,798,830,862,894,895}
Current function value: 6.955935128688616E7
s**********************************************: 13
Current result: {340,372,373,374,406,438,439,440,441,442,443,475,507,508,540,572,573,604,605,636,642,668,674,678,679,680,681,682,683,684,685,686,687,688,689,690,691,692,693,694,695,696,697,698,699,700,706,707,708,709,710,732,736,738,764,768,769,770,796,797,801,829,830,833,834,862,866,894,898}
Current function value: 6.805359344321124E7
s**********************************************: 14
Current result: {134,143,144,145,146,164,165,166,167,168,169,170,171,175,178,194,195,196,203,204,205,206,207,210,211,243,275,307,308,340}
Current function value: 6.740020547500393E7
s**********************************************: 15
Current result: {168,169,170,171,172,173,174,175,176,177,178,199,200,210,231,242,243,244,260,261,262,263,276,291,292,308,323,340,354,355,372,386,404,405,406,407,408,418,440,450,472,482,483,504,515,536,547,568,569,570,579,602,609,611,634,641,642,643,666,698,699,700,732,764,796,797,829,830,862,863,895}
Current function value: 6.648067633707064E7
sRESULT**********************************************: 
result subgraph is: [168, 169, 170, 171, 172, 173, 174, 175, 176, 177, 178, 199, 200, 210, 231, 242, 243, 244, 260, 261, 262, 263, 276, 291, 292, 308, 323, 340, 354, 355, 372, 386, 404, 405, 406, 407, 408, 418, 440, 450, 472, 482, 483, 504, 515, 536, 547, 568, 569, 570, 579, 602, 609, 611, 634, 641, 642, 643, 666, 698, 699, 700, 732, 764, 796, 797, 829, 830, 862, 863, 895]
------------------------------ test ends --------------------------------
