
------------------------------ test starts ------------------------------ 
s**********************************************: 2
Current result: {544,576,608,609}
Current function value: 7.347467599900225E7
s**********************************************: 3
Current result: {764,765,796,828,829}
Current function value: 7.315950477342154E7
s**********************************************: 4
Current result: {440,472,504,505,537,569,601,633,665,697,698,730,731,732,733,765,797,798}
Current function value: 7.128590992852615E7
s**********************************************: 5
Current result: {635,636,637,667,669,701,702,734,764,765,766}
Current function value: 7.195157593721357E7
s**********************************************: 6
Current result: {482,483,515,547,579,611,643,673,674,675,705,737,768,769,800,832}
Current function value: 7.203672629467386E7
s**********************************************: 7
Current result: {201,202,233,234,235,236,237,238,239,240,241,242,243,265,275,297,307,329,339,358,359,360,361,371,389,390,403,420,421,435,452,467,484,499,516,531,548,563,564,565,566,567,568,569,580,601,609,610,611,612,613,633,645,665,677,697,698,699,700,732,733,765,766,767,797,799,831}
Current function value: 7.047150479201461E7
s**********************************************: 8
Current result: {143,172,173,174,175,207,208,209,210,211,243,275,307,339,371,403,435,467,468,469,501,502,534,535,567,599,600,601,633,665,697,698,699,700,701,733,734,765,797,829}
Current function value: 6.892474990171793E7
s**********************************************: 9
Current result: {233,234,235,236,237,238,262,263,264,265,270,271,272,304,305,337,338,370,402,434,466,498,530,562,594,595,596,597,598,599,600,632,633,634,666,698,730,731,763,764,765,797}
Current function value: 6.871202613916403E7
s**********************************************: 10
Current result: {307,339,340,341,373,405,437,469,501,533,565,597,598,630,631,632,633,665,666,667,699,731,732}
Current function value: 6.955207102033404E7
s**********************************************: 11
Current result: {137,164,165,166,167,168,169,196,201,202,203,204,205,206,207,208,209,210,228,233,242,260,274,292,306,307,324,339,356,371,372,373,374,375,376,377,387,388,409,410,419,442,451,474,482,483,506,514,538,539,546,571,578,603,608,609,610,635,641,667,668,699,731,763,765,766,795,796,797}
Current function value: 6.848033737336949E7
s**********************************************: 12
Current result: {167,168,169,201,202,203,204,205,206,207,208,232,233,240,241,273,274,275,276,277,278,310,311,312,313,345,346,378,410,411,443,475,507,539,571,602,603,634,666,698,700,730,731,732,764}
Current function value: 6.933747348033315E7
s**********************************************: 13
Current result: {139,140,141,142,171,200,201,202,203,232,264,296,328,356,357,358,359,360,388,420,452,484,514,515,516,546,578,579,609,610,611,643,675,707,739,740,772,802,803,804}
Current function value: 6.6678690371731944E7
s**********************************************: 14
Current result: {481,513,545,546,547,548,549,550,551,552,553,554,555,556,557,558,559,560,561,562,563,564,565,566,567,568,569,578,601,602,609,610,634,641,666,667,668,673,700,705,737,738,770}
Current function value: 6.86975900918309E7
s**********************************************: 15
Current result: {135,136,137,138,139,140,141,142,167,174,175,199,207,231,239,263,271,272,273,295,305,324,325,326,327,337,338,339,356,371,388,403,420,435,436,437,452,469,470,471,484,503,504,516,536,537,548,569,580,601,602,603,604,610,611,612,634,641,642,666,667,672,673,696,697,698,699,704,728,731,732,733,765,766}
Current function value: 6.743719711382845E7
sRESULT**********************************************: 
result subgraph is: [139, 140, 141, 142, 171, 200, 201, 202, 203, 232, 264, 296, 328, 356, 357, 358, 359, 360, 388, 420, 452, 484, 514, 515, 516, 546, 578, 579, 609, 610, 611, 643, 675, 707, 739, 740, 772, 802, 803, 804]
------------------------------ test ends --------------------------------
