
------------------------------ test starts ------------------------------ 
s**********************************************: 2
Current result: {264,296,328}
Current function value: 7.248025455031276E7
s**********************************************: 3
Current result: {706,738,769,770,800,801,832,864}
Current function value: 7.205192523366085E7
s**********************************************: 4
Current result: {640,672,673,674,675,705,707,708}
Current function value: 7.269316506626716E7
s**********************************************: 5
Current result: {545,546,547,576,577,608,609,610,640,672}
Current function value: 7.031684242517109E7
s**********************************************: 6
Current result: {667,670,697,698,699,700,702,732,733,734,765,766}
Current function value: 7.050193587577468E7
s**********************************************: 7
Current result: {634,666,667,669,699,700,701,702,703,731,763,764,765,797}
Current function value: 7.074835127043413E7
s**********************************************: 8
Current result: {670,698,699,702,731,732,733,734,735,764,767,796,799,831,863}
Current function value: 7.14692042190123E7
s**********************************************: 9
Current result: {578,579,580,612,644,676,706,707,708,738,770,801,802,833,865,896,897,928}
Current function value: 6.822885946946406E7
s**********************************************: 10
Current result: {385,417,449,450,482,514,515,547,579,611,642,643,674,675,676,706,708,737,738,769,801,833,865}
Current function value: 6.892632938451546E7
s**********************************************: 11
Current result: {544,545,546,547,548,549,550,551,552,553,554,555,556,557,558,559,560,561,562,563,564,565,566,567,568,569,576,601,608,633,634,640,641,642,643,666,667,668,669,670,671,672,674,701,706,733,738,765,770,801,802,833,865}
Current function value: 6.817189687181947E7
s**********************************************: 12
Current result: {509,537,538,539,540,541,569,601,633,634,666,667,699,731,734,763,764,765,766,798,829,830}
Current function value: 6.879249092384279E7
s**********************************************: 13
Current result: {425,455,456,457,487,517,518,519,547,548,549,579,609,610,611,641,643,644,672,673,676,677,705,737,769,801,833,865}
Current function value: 7.001863410945831E7
s**********************************************: 14
Current result: {289,290,291,292,293,294,321,326,327,328,353,360,385,392,393,417,425,449,450,457,482,489,490,491,492,514,524,525,526,527,528,529,530,531,532,533,534,546,566,567,568,569,570,571,572,573,578,579,605,606,610,637,638,639,642,670,671,674,700,701,702,703,706,731,732,737,738,739,740,741,764,796}
Current function value: 6.724087672029087E7
s**********************************************: 15
Current result: {171,172,173,174,175,176,177,178,179,180,203,212,213,214,235,246,247,263,264,265,266,267,279,280,293,294,295,312,323,324,325,344,355,376,387,408,419,440,451,472,483,504,514,515,536,546,568,578,600,610,611,632,641,643,664,665,669,673,675,697,698,701,702,705,706,707,730,731,732,733,734,739,771}
Current function value: 6.742421154832703E7
sRESULT**********************************************: 
result subgraph is: [289, 290, 291, 292, 293, 294, 321, 326, 327, 328, 353, 360, 385, 392, 393, 417, 425, 449, 450, 457, 482, 489, 490, 491, 492, 514, 524, 525, 526, 527, 528, 529, 530, 531, 532, 533, 534, 546, 566, 567, 568, 569, 570, 571, 572, 573, 578, 579, 605, 606, 610, 637, 638, 639, 642, 670, 671, 674, 700, 701, 702, 703, 706, 731, 732, 737, 738, 739, 740, 741, 764, 796]
------------------------------ test ends --------------------------------
