
------------------------------ test starts ------------------------------ 
s**********************************************: 2
Current result: {612,644,676}
Current function value: 7.317824446886833E7
s**********************************************: 3
Current result: {634,635,636,668,700}
Current function value: 7.232024146243703E7
s**********************************************: 4
Current result: {765,797,798,830,831,863,895}
Current function value: 7.351294636450139E7
s**********************************************: 5
Current result: {544,576,577,609,610,641,642,643,675}
Current function value: 7.278217150052841E7
s**********************************************: 6
Current result: {699,702,729,730,731,732,733,734,766,798,799}
Current function value: 7.140378821786276E7
s**********************************************: 7
Current result: {293,295,323,324,325,326,327,355,386,387,418,450,482,513,514,545}
Current function value: 7.153922568028337E7
s**********************************************: 8
Current result: {244,245,263,264,265,266,267,268,269,270,271,272,273,274,275,276,277,278,279,280,296,312,313,328,345,360,377,378,379,392,411,419,420,421,422,423,424,443,451,475,480,481,482,483,507,514,515,539,546,571,578,579,603,635,667,668,669,670,671,703,732,735,764,765,766,767,796,799}
Current function value: 6.864143960378681E7
s**********************************************: 9
Current result: {572,604,634,635,636,666,696,697,698,730,731,732,764,765,796,797,798}
Current function value: 7.06254370150158E7
s**********************************************: 10
Current result: {549,550,551,552,553,554,555,556,578,579,580,581,611,613,643,645,675,676,677,709}
Current function value: 6.891190318307517E7
s**********************************************: 11
Current result: {233,234,235,236,237,238,239,263,264,265,294,295,326,358,390,422,454,486,515,516,517,518,547,578,579,610,642,674,706,738,770,802}
Current function value: 7.009555737008622E7
s**********************************************: 12
Current result: {361,393,425,457,488,489,514,515,516,520,547,548,549,550,551,552,579,611,643,673,674,675,676,705,708,709,710}
Current function value: 7.115020359324723E7
s**********************************************: 13
Current result: {292,293,294,295,327,328,329,361,392,393,423,424,455,487,518,519,548,549,550,578,579,580,610,642}
Current function value: 7.003584918331732E7
s**********************************************: 14
Current result: {137,169,170,171,172,201,204,205,206,207,208,209,210,211,212,233,244,265,276,297,308,324,325,326,327,328,329,340,356,388,420,452,484,516,548,580,610,611,612,642,674,675}
Current function value: 6.758972002631444E7
s**********************************************: 15
Current result: {514,515,516,517,518,519,520,521,522,547,554,555,556,557,558,559,560,561,562,563,564,579,596,611,628,630,631,632,633,634,635,636,643,660,661,662,668,669,675,701,702,706,707,708,709,734,738,766,769,770,798,799,801}
Current function value: 6.71429828290659E7
sRESULT**********************************************: 
result subgraph is: [514, 515, 516, 517, 518, 519, 520, 521, 522, 547, 554, 555, 556, 557, 558, 559, 560, 561, 562, 563, 564, 579, 596, 611, 628, 630, 631, 632, 633, 634, 635, 636, 643, 660, 661, 662, 668, 669, 675, 701, 702, 706, 707, 708, 709, 734, 738, 766, 769, 770, 798, 799, 801]
------------------------------ test ends --------------------------------
