
------------------------------ test starts ------------------------------ 
s**********************************************: 2
Current result: {676,706,707,708,738,769,770,801}
Current function value: 7.295885606432417E7
s**********************************************: 3
Current result: {325,326,327,357,389,419,420,421,451,483,515,547,576,577,578,579,608}
Current function value: 7.227702755360818E7
s**********************************************: 4
Current result: {544,545,546,578,610,611,612,644,676}
Current function value: 7.321768358610123E7
s**********************************************: 5
Current result: {482,514,515,547,579}
Current function value: 7.296801232565993E7
s**********************************************: 6
Current result: {261,262,263,293,325,357,389,421,452,453,482,483,484,514,546,577,578,609,641,642,674,706}
Current function value: 6.942618334472181E7
s**********************************************: 7
Current result: {702,734,735,767,797,799,829,830,831,863,895,927}
Current function value: 7.319453171461566E7
s**********************************************: 8
Current result: {322,323,324,356,386,387,388,418,450,480,482,512,513,514,545,577}
Current function value: 6.951637908148474E7
s**********************************************: 9
Current result: {568,600,601,602,603,635,667,699,700,701,733,765,766,797,798,799,830,862}
Current function value: 7.007586934539486E7
s**********************************************: 10
Current result: {513,545,546,547,578,610,642,643,674,706,738,742,770,771,772,773,774}
Current function value: 7.040171945410958E7
s**********************************************: 11
Current result: {389,421,453,454,455,456,457,458,459,460,461,462,463,464,465,466,467,468,469,483,484,485,501,515,533,534,540,547,566,567,568,569,570,571,572,573,574,578,579,606,610,638,642,670,671,674,700,701,702,703,706,732,738}
Current function value: 6.905664222307888E7
s**********************************************: 12
Current result: {147,148,149,150,171,172,173,174,175,176,177,178,179,182,203,214,215,235,247,267,279,280,299,312,329,330,331,344,361,376,377,393,409,425,441,457,473,488,489,505,520,537,545,548,549,550,551,552,569,577,578,579,580,601,611,633,639,643,644,665,666,667,670,671,676,699,700,701,702,703,708,731,732,735,740,763,764,765,766,772,795,798,804,830}
Current function value: 6.690665327355634E7
s**********************************************: 13
Current result: {293,323,324,325,353,354,355,385,386,418,450,482,513,514,515,516,548,580,610,611,612,644,676,708,740,772}
Current function value: 6.940377896629435E7
s**********************************************: 14
Current result: {506,507,508,509,540,572,573,604,630,631,632,633,634,635,636,662,668,700,732,733,734,764,766,767,796}
Current function value: 6.808693079771116E7
s**********************************************: 15
Current result: {166,167,168,169,170,171,172,173,174,175,176,193,194,195,196,197,198,208,209,210,225,242,257,274,275,289,307,308,309,310,321,342,353,374,375,385,407,417,439,440,441,449,473,480,481,505,512,537,544,569,576,601,608,633,634,635,636,640,668,672,700,704,732,736,764,765,766,797,829,830,862,894}
Current function value: 6.631260554047947E7
sRESULT**********************************************: 
result subgraph is: [166, 167, 168, 169, 170, 171, 172, 173, 174, 175, 176, 193, 194, 195, 196, 197, 198, 208, 209, 210, 225, 242, 257, 274, 275, 289, 307, 308, 309, 310, 321, 342, 353, 374, 375, 385, 407, 417, 439, 440, 441, 449, 473, 480, 481, 505, 512, 537, 544, 569, 576, 601, 608, 633, 634, 635, 636, 640, 668, 672, 700, 704, 732, 736, 764, 765, 766, 797, 829, 830, 862, 894]
------------------------------ test ends --------------------------------
