
------------------------------ test starts ------------------------------ 
s**********************************************: 2
Current result: {670,700,701,702,732}
Current function value: 7.3295816043771E7
s**********************************************: 3
Current result: {544,545,546,547,576,579}
Current function value: 7.328483344393921E7
s**********************************************: 4
Current result: {514,515,545,546,577,578,610}
Current function value: 7.362808488826707E7
s**********************************************: 5
Current result: {229,261,262,294,295,327,359,391,423,455,481,482,483,484,485,486,487,513,545,577,578,579}
Current function value: 7.15057327602875E7
s**********************************************: 6
Current result: {165,166,167,197,198,230,239,262,269,270,271,294,295,296,297,298,299,300,301}
Current function value: 7.014521801454705E7
s**********************************************: 7
Current result: {732,733,764,765,766,767,796,798,799,830,831,863,894,895}
Current function value: 7.272718918953116E7
s**********************************************: 8
Current result: {132,164,165,196,197,201,227,228,229,233,261,264,265,266,267,268,269,293,294,295,296,301,302,303,304,305,337,369,401,433}
Current function value: 6.62893594409879E7
s**********************************************: 9
Current result: {226,228,229,230,231,232,233,258,259,260,292,293,325,357,386,387,388,389,418,450,482,514,545,546,577}
Current function value: 6.94237299880184E7
s**********************************************: 10
Current result: {230,231,232,233,262,294,326,358,359,391,423,453,454,455,456,457,458,459,460,461,462,463,464,465,485,497,516,517,529,530,531,532,533,534,535,547,548,567,579,599,631,632,633,634,635,636,668,669,701,733,765,797,829,830,862,894,926,927,959}
Current function value: 6.849027338597733E7
s**********************************************: 11
Current result: {231,232,233,234,235,236,240,241,242,243,244,245,246,263,268,269,270,271,272,278,295,310,311,327,343,358,359,375,390,407,417,418,419,420,421,422,439,449,471,472,473,474,475,476,481,508,513,540,545,572,577,578,603,604,610,635,636,642,643,668,669,675,701,707,727,728,729,730,732,733,739,740,741,742,762,763,764,771,795,802,803,833,834}
Current function value: 6.699971652104648E7
s**********************************************: 12
Current result: {198,199,202,203,204,205,206,207,208,231,232,233,234,240,263,272,295,327,356,357,358,359,387,388,418,419,449,450,481,513,545,546,547,577,609,641,673}
Current function value: 6.862843194620448E7
s**********************************************: 13
Current result: {165,166,167,168,197,198,200,230,262,289,290,291,292,293,294,321,353,385,417,449,481,482,514,546,576,577,578}
Current function value: 6.818446132205765E7
s**********************************************: 14
Current result: {168,169,170,171,172,173,174,175,199,200,207,208,230,231,240,241,262,273,294,305,326,337,358,369,390,401,422,433,434,453,454,466,467,485,499,500,501,513,514,515,516,517,533,534,535,545,567,568,569,570,571,572,573,577,578,605,610,637,669,670,671,701,703,733,765,797,798,830,862}
Current function value: 6.797540193640535E7
s**********************************************: 15
Current result: {200,201,202,203,204,205,206,230,231,232,238,239,240,261,262,272,293,304,305,325,337,338,357,370,389,390,402,422,434,451,452,453,454,455,466,483,487,498,514,515,530,531,532,533,534,566,567,568,600,601,633,665,666,667,699,731,732,764,765,766,798,830}
Current function value: 6.69877140441339E7
sRESULT**********************************************: 
result subgraph is: [132, 164, 165, 196, 197, 201, 227, 228, 229, 233, 261, 264, 265, 266, 267, 268, 269, 293, 294, 295, 296, 301, 302, 303, 304, 305, 337, 369, 401, 433]
------------------------------ test ends --------------------------------
