
------------------------------ test starts ------------------------------ 
s**********************************************: 2
Current result: {765,766,798,830}
Current function value: 7.344683587770453E7
s**********************************************: 3
Current result: {609,641,672,673,704,736}
Current function value: 7.271710344981125E7
s**********************************************: 4
Current result: {452,483,484,515,547,548,580,581,613,645,677}
Current function value: 7.194527425188076E7
s**********************************************: 5
Current result: {666,697,698,699,731,732,764,765,796}
Current function value: 7.10547641104679E7
s**********************************************: 6
Current result: {667,699,731,732,764,765,766,767,799,831,863,894,895,926}
Current function value: 7.226873187235239E7
s**********************************************: 7
Current result: {451,452,481,484,513,514,516,546,547,548,578,579}
Current function value: 7.162459487209436E7
s**********************************************: 8
Current result: {371,402,403,434,466,498,499,500,501,533,534,566,572,598,604,605,630,637,662,663,664,665,669,697,698,699,700,701,702,733,765,797}
Current function value: 6.917479089552884E7
s**********************************************: 9
Current result: {389,390,391,392,393,421,425,451,452,453,481,482,483,513,545,546,578,610}
Current function value: 6.713010622966713E7
s**********************************************: 10
Current result: {172,200,201,202,203,204,205,206,207,208,209,232,241,263,264,273,274,294,295,306,323,324,325,326,338,355,370,371,387,402,403,419,434,451,466,483,498,499,514,515,531,546,563,564,565,566,567,568,578,600,601,610,633,634,642,643,666,667,668,669,675,701,707,708,709,733,765,797,829,861,862,863,895,927}
Current function value: 6.733333648980238E7
s**********************************************: 11
Current result: {231,232,263,295,327,357,358,359,387,388,389,419,451,483,514,515,546,576,577,578,579,608,611,640}
Current function value: 6.833232359331982E7
s**********************************************: 12
Current result: {210,211,243,275,307,308,309,337,338,339,369,393,394,395,396,397,398,399,400,401,402,434,466,467,499,531,563,564,596,597,629,630,662,663,664,665,666,667,668,700,732,764,765,766,798,830,862}
Current function value: 6.785505294900773E7
s**********************************************: 13
Current result: {232,233,234,235,236,237,238,239,240,263,264,272,295,304,327,336,359,368,391,392,393,400,432,433,434,435,467,499,531,563,564,596,597,629,630,662,694,726,733,758,759,760,761,762,763,764,765,766}
Current function value: 7.006505772675472E7
s**********************************************: 14
Current result: {171,172,173,202,203,231,232,233,234,263,293,294,295,322,323,324,325,353,354,385,417,449,481,513,545,577,578,610,611,642,674}
Current function value: 6.829172613818535E7
s**********************************************: 15
Current result: {67,68,69,70,71,72,73,74,75,76,77,78,79,80,81,82,83,84,98,99,114,130,146,162,178,179,180,181,182,183,184,185,186,187,194,219,220,221,226,253,258,285,290,317,322,323,349,355,381,387,413,419,420,445,452,477,484,509,516,541,547,548,549,572,573,578,579,581,603,604,610,613,614,635,646,667,668,669,678,701,702,734,766,798,830,862,894,895,927}
Current function value: 6.725552522497271E7
sRESULT**********************************************: 
result subgraph is: [389, 390, 391, 392, 393, 421, 425, 451, 452, 453, 481, 482, 483, 513, 545, 546, 578, 610]
------------------------------ test ends --------------------------------
