
------------------------------ test starts ------------------------------ 
s**********************************************: 2
Current result: {701,732,733,765}
Current function value: 7.348131377993551E7
s**********************************************: 3
Current result: {764,765,797,829,830,862}
Current function value: 7.356741163509786E7
s**********************************************: 4
Current result: {667,699,700,701,733,765,766,798}
Current function value: 7.194297275086401E7
s**********************************************: 5
Current result: {602,634,666,698,699,731,732,764,765,797,798}
Current function value: 7.169110790511975E7
s**********************************************: 6
Current result: {512,513,514,546,578,610,642,673,674,675,706,738}
Current function value: 7.246836167811695E7
s**********************************************: 7
Current result: {729,730,731,732,764,765,766,797,798,830,831,862,863,894,895}
Current function value: 7.245171799591886E7
s**********************************************: 8
Current result: {514,544,546,547,548,576,577,578,580,608,609,610,642,643,675}
Current function value: 7.015405991591552E7
s**********************************************: 9
Current result: {243,244,245,246,262,263,264,265,266,267,268,269,270,271,272,273,274,275,278,288,289,290,291,292,293,294,310,320,342,352,374,384,406,416,417,438,449,470,481,502,503,504,513,536,537,545,569,577,601,602,609,610,611,634,666,698,730,762,763,764,765,766,797,798,799,830,862,894,895}
Current function value: 6.827974334488054E7
s**********************************************: 10
Current result: {642,643,644,645,646,647,648,649,650,651,652,653,674,685,686,701,704,705,706,718,719,720,721,722,723,724,725,726,727,728,729,730,731,732,733,736,738,765,768,797,798,800,832,864,896}
Current function value: 6.792451336525474E7
s**********************************************: 11
Current result: {277,309,341,373,393,394,395,396,397,398,399,400,401,402,403,404,405,406,407,408,409,423,424,425,441,442,455,474,475,476,484,485,486,487,508,516,540,548,572,578,579,580,604,609,610,634,635,636,641,668,669,670,702,733,734,764,765}
Current function value: 6.908078145531087E7
s**********************************************: 12
Current result: {106,107,137,138,169,201,232,233,262,263,264,265,293,294,297,298,299,300,301,302,303,304,305,306,307,308,309,323,324,325,341,355,373,374,387,406,419,438,450,451,470,471,482,503,514,535,546,567,568,569,570,571,572,573,578,605,610,637,642,669,670,674,701,706,707,708,733,739,765,771,797,800,801,802,803,829,830,831,832,864,896,928}
Current function value: 6.733429664682148E7
s**********************************************: 13
Current result: {113,145,173,174,175,176,177,178,205,210,211,212,235,236,237,244,265,266,267,276,297,308,329,340,361,372,393,404,424,425,436,456,468,488,500,519,520,532,549,550,551,564,565,581,597,613,629,645,661,673,674,675,676,677,693,694,695,696,706,709,728,729,730,731,732,738,741,764,766,770,796,797,798,802,834,866,898}
Current function value: 6.652599426873217E7
s**********************************************: 14
Current result: {235,236,237,238,239,240,241,242,243,244,245,246,247,248,249,263,264,265,266,267,281,293,294,295,313,325,345,357,377,387,388,389,409,419,441,451,473,474,475,476,477,483,509,510,515,542,547,574,579,606,610,611,638,640,641,642,669,670,672,700,701,704,733,736,764,765,768,797,800,829,830,832,862,863,895}
Current function value: 6.722540022929998E7
s**********************************************: 15
Current result: {192,224,225,226,227,228,259,291,323,324,356,388,419,420,451,482,483,514,546,578,610,640,641,642,674,706,738,770,771}
Current function value: 6.812057005453873E7
sRESULT**********************************************: 
result subgraph is: [113, 145, 173, 174, 175, 176, 177, 178, 205, 210, 211, 212, 235, 236, 237, 244, 265, 266, 267, 276, 297, 308, 329, 340, 361, 372, 393, 404, 424, 425, 436, 456, 468, 488, 500, 519, 520, 532, 549, 550, 551, 564, 565, 581, 597, 613, 629, 645, 661, 673, 674, 675, 676, 677, 693, 694, 695, 696, 706, 709, 728, 729, 730, 731, 732, 738, 741, 764, 766, 770, 796, 797, 798, 802, 834, 866, 898]
------------------------------ test ends --------------------------------
