
------------------------------ test starts ------------------------------ 
s**********************************************: 2
Current result: {674,675,676,677}
Current function value: 7.286370088580072E7
s**********************************************: 3
Current result: {608,609,610,640,672,704}
Current function value: 7.291923188480316E7
s**********************************************: 4
Current result: {545,546,547,579,610,611,642,674}
Current function value: 7.18769875757914E7
s**********************************************: 5
Current result: {602,633,634,665,666,667,699,731,732,764}
Current function value: 7.159346182570551E7
s**********************************************: 6
Current result: {634,635,636,637,666,669,701,733,764,765,797}
Current function value: 7.018730487217556E7
s**********************************************: 7
Current result: {513,514,546,578,609,610,642,672,673,674,675,676,704}
Current function value: 7.125357353847288E7
s**********************************************: 8
Current result: {634,666,698,730,731,732,733,734,765,766,767,799,831,862,863,895}
Current function value: 7.072903703840487E7
s**********************************************: 9
Current result: {513,545,577,609,610,611,643,673,674,675,704,705,736,768,800,832,864,865,897,929}
Current function value: 7.026272716374141E7
s**********************************************: 10
Current result: {391,417,418,419,420,421,422,423,424,425,426,449,458,481,490,491,492,513,524,525,526,527,545,559,560,561,562,563,564,565,566,567,568,569,577,601,602,609,634,635,636,637,641,669,673,701,733}
Current function value: 7.013093134998603E7
s**********************************************: 11
Current result: {193,225,257,258,259,260,261,293,325,326,327,328,329,360,361,392,424,455,456,487,517,518,519,547,548,549,578,579,611,642,643,674,706,737,738,739,740,769,801,833,865}
Current function value: 6.702295195807718E7
s**********************************************: 12
Current result: {107,108,109,110,111,112,113,114,115,116,117,118,119,120,135,136,137,138,139,152,167,184,197,198,199,216,229,248,261,280,293,312,325,344,357,376,387,388,389,408,419,440,441,442,443,451,475,483,507,508,515,540,545,546,547,572,573,577,579,605,609,611,637,643,644,669,675,676,700,701,732,763,764,765,797,798,799,830}
Current function value: 6.715646514498015E7
s**********************************************: 13
Current result: {522,523,524,556,588,589,590,591,592,593,594,595,596,597,598,599,600,601,602,634,666,698,730,762,763,764,765,766}
Current function value: 6.941396034691115E7
s**********************************************: 14
Current result: {293,294,295,325,357,389,421,453,485,517,518,519,520,521,522,523,524,525,526,527,528,529,530,531,532,533,549,565,566,577,580,581,598,599,609,610,611,612,631,663,664,665,666,698,699,731,732,764,765,797,829,830,831,863,895,927}
Current function value: 6.832142211737111E7
s**********************************************: 15
Current result: {168,169,200,231,232,261,262,263,291,292,293,323,355,387,419,451,483,515,547,548,549,581,582,614,641,642,643,644,645,646,673,705,737}
Current function value: 6.92418000072335E7
sRESULT**********************************************: 
result subgraph is: [193, 225, 257, 258, 259, 260, 261, 293, 325, 326, 327, 328, 329, 360, 361, 392, 424, 455, 456, 487, 517, 518, 519, 547, 548, 549, 578, 579, 611, 642, 643, 674, 706, 737, 738, 739, 740, 769, 801, 833, 865]
------------------------------ test ends --------------------------------
