
------------------------------ test starts ------------------------------ 
s**********************************************: 2
Current result: {165,197,198,199}
Current function value: 7.294524021892202E7
s**********************************************: 3
Current result: {389,421,422,423,424,455}
Current function value: 7.254740384165864E7
s**********************************************: 4
Current result: {633,665,697,729,730,731,763,764}
Current function value: 7.060919623228784E7
s**********************************************: 5
Current result: {609,610,642,672,673,674,704,736}
Current function value: 7.32447278928421E7
s**********************************************: 6
Current result: {677,708,709,740,770,771,772,800,801,802,832,864,896,897}
Current function value: 7.007718738407615E7
s**********************************************: 7
Current result: {573,605,637,668,669,700,701,733,734,766,798,830,862}
Current function value: 7.220573585982133E7
s**********************************************: 8
Current result: {73,105,136,137,168,199,200,231,257,258,259,260,261,262,263,289,321,353,385,417,449,481,513,545,577,609,610,642,674,706,738}
Current function value: 6.9429053051387E7
s**********************************************: 9
Current result: {514,544,545,546,576,577,609,641,673,674,675,706,707,737,738,769,801,833,865}
Current function value: 6.825716647625408E7
s**********************************************: 10
Current result: {257,289,321,353,385,386,387,419,450,451,482,514,545,546,577,609,610,611,643,644,676}
Current function value: 6.927083051872665E7
s**********************************************: 11
Current result: {263,293,294,295,327,358,359,390,422,454,485,486,516,517,547,548,579,611,643,674,675,706}
Current function value: 7.008358947876017E7
s**********************************************: 12
Current result: {289,290,291,322,323,354,355,387,419,451,452,484,516,547,548,579,610,611,642,674,675,704,705,707,737,738,739,769}
Current function value: 6.92120120826185E7
s**********************************************: 13
Current result: {169,170,171,172,173,174,175,176,177,201,209,233,241,242,243,265,275,276,297,308,329,340,358,359,360,361,372,390,404,405,406,422,438,454,470,486,502,503,504,518,536,550,568,569,582,601,613,614,633,640,641,642,643,644,645,665,672,677,697,698,704,709,730,731,741,763,764,765,766,798}
Current function value: 6.622120021718971E7
s**********************************************: 14
Current result: {202,234,266,295,296,297,298,327,359,391,422,423,454,486,518,548,549,550,580,607,612,639,644,670,671,676,687,688,689,690,691,692,693,694,695,696,697,698,699,700,701,702,703,708,709,710,711,712,713,714,715,716,717,718,719,734,740,765,766,769,770,771,772,798,800,801,830,832,862,864,896,928}
Current function value: 6.914471483300205E7
s**********************************************: 15
Current result: {515,516,546,547,578,610,611,630,641,642,654,655,656,657,658,659,660,661,662,663,664,673,674,684,685,686,696,697,698,701,702,705,706,709,710,711,712,713,714,715,716,730,732,733,738,739,740,741,762,763,764,771,796,801,802,803,828,829,830,833,862}
Current function value: 6.828474286331138E7
sRESULT**********************************************: 
result subgraph is: [169, 170, 171, 172, 173, 174, 175, 176, 177, 201, 209, 233, 241, 242, 243, 265, 275, 276, 297, 308, 329, 340, 358, 359, 360, 361, 372, 390, 404, 405, 406, 422, 438, 454, 470, 486, 502, 503, 504, 518, 536, 550, 568, 569, 582, 601, 613, 614, 633, 640, 641, 642, 643, 644, 645, 665, 672, 677, 697, 698, 704, 709, 730, 731, 741, 763, 764, 765, 766, 798]
------------------------------ test ends --------------------------------
