
------------------------------ test starts ------------------------------ 
s**********************************************: 2
Current result: {609,610,642,643,675}
Current function value: 7.3728E7
s**********************************************: 3
Current result: {513,545,577,609,610,642,674}
Current function value: 7.32400117154218E7
s**********************************************: 4
Current result: {634,666,667,699,700,732,764,765,766}
Current function value: 7.188268390127525E7
s**********************************************: 5
Current result: {665,666,667,668,700,701,702,703,731,732}
Current function value: 7.12723227241943E7
s**********************************************: 6
Current result: {546,578,610,640,641,642,674,706,738}
Current function value: 7.254390415688361E7
s**********************************************: 7
Current result: {638,639,671,703,732,733,734,735,764,765,766,796,797}
Current function value: 7.270672238006063E7
s**********************************************: 8
Current result: {451,483,515,546,547,577,578,609,610,642,674,675,676}
Current function value: 7.075618927282162E7
s**********************************************: 9
Current result: {513,545,577,609,641,673,705,737,769,770,801,802,833,865,896,897}
Current function value: 6.937401865619005E7
s**********************************************: 10
Current result: {162,163,164,165,192,193,194,197,198,224,230,256,262,294,326,358,390,422,454,486,518,550,582,614,646,674,675,676,677,678,679,680,681,682,683,684,685,686,687,688,689,690,691,692,724,725,726,727,728,729,730,731,732,733,734,766,798,829,830}
Current function value: 6.939200962445419E7
s**********************************************: 11
Current result: {291,321,322,323,324,325,326,327,328,329,353,361,385,393,417,425,449,457,481,513,545,577,578,610,611,643,644,645,677}
Current function value: 7.00841786289063E7
s**********************************************: 12
Current result: {551,552,553,554,583,613,614,615,641,645,673,675,676,677,705,706,707,738,770,802,834,865,866,897,929}
Current function value: 6.907521223632789E7
s**********************************************: 13
Current result: {296,328,360,392,424,425,426,456,458,459,460,488,492,514,515,517,518,519,520,524,525,526,527,528,529,546,547,549,561,578,579,581,593,594,595,596,597,598,599,600,601,602,603,611,612,613,635,667,699,731,733,763,764,765,766,798}
Current function value: 6.730205340306456E7
s**********************************************: 14
Current result: {517,549,581,582,608,609,611,612,613,614,640,644,672,673,674,675,676,677,704,709,736,741,768,800,832,833,865}
Current function value: 6.897125692919108E7
s**********************************************: 15
Current result: {435,436,437,469,501,514,515,516,517,518,519,520,521,522,523,524,525,526,527,528,529,530,531,532,533,534,546,566,567,578,599,600,601,602,610,634,642,643,666,675,698,699,701,702,703,707,731,732,733,739,765,771,797,829,830,831}
Current function value: 6.666248111880694E7
sRESULT**********************************************: 
result subgraph is: [435, 436, 437, 469, 501, 514, 515, 516, 517, 518, 519, 520, 521, 522, 523, 524, 525, 526, 527, 528, 529, 530, 531, 532, 533, 534, 546, 566, 567, 578, 599, 600, 601, 602, 610, 634, 642, 643, 666, 675, 698, 699, 701, 702, 703, 707, 731, 732, 733, 739, 765, 771, 797, 829, 830, 831]
------------------------------ test ends --------------------------------
