
------------------------------ test starts ------------------------------ 
s**********************************************: 2
Current result: {425}
Current function value: 7.265593112367591E7
s**********************************************: 3
Current result: {513,514,545,577,609,610,611}
Current function value: 7.206568950674658E7
s**********************************************: 4
Current result: {450,451,483,515,547,579,611,641,642,643,673,705,737}
Current function value: 7.014979362158325E7
s**********************************************: 5
Current result: {265,266,267,268,269,270,271,297,329,361}
Current function value: 7.037069972466882E7
s**********************************************: 6
Current result: {355,387,419,451,452,453,485,517,549,581,613,645}
Current function value: 7.230094221486013E7
s**********************************************: 7
Current result: {480,481,513,514,546,578,610,611,643,675,676,708,740,772,773}
Current function value: 7.268463606291513E7
s**********************************************: 8
Current result: {267,268,269,270,298,299,330,357,358,359,360,361,362,389,421,453,485,517,549,581,611,612,613,614,643}
Current function value: 6.841780183790618E7
s**********************************************: 9
Current result: {239,240,241,271,272,304,305,337,369,401,402,403,404,433,434,466,498,530}
Current function value: 6.73253369085293E7
s**********************************************: 10
Current result: {270,271,298,299,300,301,302,330,357,358,359,360,361,362,389,421,453,485,517,549,580,581,612,641,642,643,644}
Current function value: 6.828469710131903E7
s**********************************************: 11
Current result: {321,322,323,324,325,353,357,358,359,360,361,385,417,449,450,482,483,515,547,579,611,643}
Current function value: 6.905819944851977E7
s**********************************************: 12
Current result: {236,238,239,268,269,270,298,299,300,330,362,394,426,457,458,488,489,520,521,522,523,551,552,583,611,612,613,614,615,643}
Current function value: 6.6809260014507666E7
s**********************************************: 13
Current result: {239,240,241,242,270,271,274,302,306,307,331,332,333,334,339,357,358,359,360,361,362,363,371,372,404,436,468}
Current function value: 6.739599168891704E7
s**********************************************: 14
Current result: {236,237,268,299,300,331,361,362,363,387,388,389,390,391,392,393,419,451,483,515,547,579,611,643,674,675,705,706,736,737,768}
Current function value: 6.967262783207723E7
s**********************************************: 15
Current result: {234,235,266,267,268,269,270,298,329,330,357,358,359,360,361,389,421,453,485,517,549,550,551,583,613,614,615,643,644,645}
Current function value: 6.700610099605219E7
sRESULT**********************************************: 
result subgraph is: [236, 238, 239, 268, 269, 270, 298, 299, 300, 330, 362, 394, 426, 457, 458, 488, 489, 520, 521, 522, 523, 551, 552, 583, 611, 612, 613, 614, 615, 643]
------------------------------ test ends --------------------------------
