
------------------------------ test starts ------------------------------ 
s**********************************************: 2
Current result: {392,421,422,423,424,451,452,453,483,515,547,579,611}
Current function value: 7.102220373121086E7
s**********************************************: 3
Current result: {174,206,238}
Current function value: 7.215703575621478E7
s**********************************************: 4
Current result: {237,269,270,271,303,304,305,306,338,369,370,401}
Current function value: 7.021442774499618E7
s**********************************************: 5
Current result: {424,451,454,455,456,483,486,515,516,517,518}
Current function value: 6.961816059008725E7
s**********************************************: 6
Current result: {208,209,240,272,273,303,304,305,306,307,334,335,366}
Current function value: 6.941301469609734E7
s**********************************************: 7
Current result: {234,235,236,237,238,264,265,266,296,327,328,357,358,359,389,421,453,485,517,549,581,613}
Current function value: 7.079074502321312E7
s**********************************************: 8
Current result: {360,392,424,425,457,489,520,521,548,549,550,551,552,579,580,611}
Current function value: 6.970300497240245E7
s**********************************************: 9
Current result: {235,236,237,263,264,265,266,267,269,301,302,303,304,305,306}
Current function value: 7.033067815824871E7
s**********************************************: 10
Current result: {340,372,404,436,468,500,532,564,596,597,629,661,693,725,726,727,759,760,766,792,793,794,795,796,797,798,825,857,888,889}
Current function value: 6.972107893190861E7
s**********************************************: 11
Current result: {265,266,267,268,296,297,328,360,392,424,449,450,451,452,456,459,484,485,486,487,488,489,490,491}
Current function value: 6.677289414825627E7
s**********************************************: 12
Current result: {301,302,322,333,354,356,357,358,359,360,361,362,363,364,365,386,387,388}
Current function value: 6.988457975723629E7
s**********************************************: 13
Current result: {234,266,296,297,298,299,300,301,327,328,333,334,335,336,359,368,391,400,401,402,403,423,435,455,485,486,487,517,519,551}
Current function value: 6.713471453674717E7
s**********************************************: 14
Current result: {367,368,369,370,371,372,404,436,468,500,532,564,596,628,629,630,662,694,726,758,759,760,761,793,825,857,889}
Current function value: 6.719418395680717E7
s**********************************************: 15
Current result: {449,450,451,452,453,454,455,456,464,465,488,489,490,491,492,493,494,495,496,528,529,561,562,563,595,596,628,660,692,693,694,726,727}
Current function value: 6.683662300286784E7
sRESULT**********************************************: 
result subgraph is: [265, 266, 267, 268, 296, 297, 328, 360, 392, 424, 449, 450, 451, 452, 456, 459, 484, 485, 486, 487, 488, 489, 490, 491]
------------------------------ test ends --------------------------------
