
------------------------------ test starts ------------------------------ 
s**********************************************: 2
Current result: {299,300,301}
Current function value: 7.28962602265431E7
s**********************************************: 3
Current result: {611,612,613,614,646}
Current function value: 7.230148248017985E7
s**********************************************: 4
Current result: {239,240,241,268,269,270,271,299,300,331}
Current function value: 7.062814374879281E7
s**********************************************: 5
Current result: {237,238,239,269,298,301,330,331,332,333}
Current function value: 7.145252140342902E7
s**********************************************: 6
Current result: {301,302,303,330,331,332,333,362,365,397,428,429,460}
Current function value: 7.016914053029534E7
s**********************************************: 7
Current result: {611,612,613,641,642,643,673,705,737,769,770,771,772}
Current function value: 7.079396703597642E7
s**********************************************: 8
Current result: {408,409,437,438,439,440,441,469,473,474,501,506,507,508,509,510,542,574,606,638,670,702,734,766,798,830}
Current function value: 6.935417023758966E7
s**********************************************: 9
Current result: {270,301,302,330,331,332,333,362,390,391,392,393,394,420,421,422,452,483,484}
Current function value: 6.85523225312076E7
s**********************************************: 10
Current result: {299,300,301,302,303,323,324,325,326,327,328,329,330,331,355,363,387,395,419,451,452,484,516,517,549,581,613,645,677,709,741,772,773,804}
Current function value: 6.737422163594365E7
s**********************************************: 11
Current result: {240,270,271,272,273,274,275,276,297,298,299,300,301,302,308,329,340,372,404,436,468,469}
Current function value: 6.704017763988322E7
s**********************************************: 12
Current result: {205,206,207,237,239,269,271,272,273,274,275,301,307,333,339,340,364,365,372,373,374,396,406,438,439,440,441,442,443}
Current function value: 6.797083618615831E7
s**********************************************: 13
Current result: {241,242,272,273,301,302,303,304,333,357,358,359,360,361,362,363,364,365,389,421,448,449,450,451,452,453,483,515,547,579,611}
Current function value: 6.8379412488728E7
s**********************************************: 14
Current result: {392,393,394,395,396,397,398,399,414,423,424,429,431,432,433,434,435,436,437,438,439,440,441,442,443,444,445,446,461,493,525,557,589,621,653,685,717,748,749,781,813,820,821,822,823,824,845,852,877,884,909,910,911,912,913,914,915,916}
Current function value: 6.6834053595676534E7
s**********************************************: 15
Current result: {239,271,298,299,301,302,303,304,305,306,307,308,309,310,311,330,331,332,333,343,344,376,408,440,441,442,443,444,445,477,509,541,573,605,606}
Current function value: 6.893683717545846E7
sRESULT**********************************************: 
result subgraph is: [392, 393, 394, 395, 396, 397, 398, 399, 414, 423, 424, 429, 431, 432, 433, 434, 435, 436, 437, 438, 439, 440, 441, 442, 443, 444, 445, 446, 461, 493, 525, 557, 589, 621, 653, 685, 717, 748, 749, 781, 813, 820, 821, 822, 823, 824, 845, 852, 877, 884, 909, 910, 911, 912, 913, 914, 915, 916]
------------------------------ test ends --------------------------------
