
------------------------------ test starts ------------------------------ 
s**********************************************: 2
Current result: {321,322,323,353}
Current function value: 7.16267025418924E7
s**********************************************: 3
Current result: {393,425,457}
Current function value: 7.096348526081024E7
s**********************************************: 4
Current result: {425,426,427,453,454,455,456,457,485,515,516,517,547,579,611,643}
Current function value: 6.917756841858314E7
s**********************************************: 5
Current result: {402,427,428,429,430,431,432,433,434}
Current function value: 6.695469888121614E7
s**********************************************: 6
Current result: {609,641,645,673,677,705,709,737,738,739,740,741}
Current function value: 6.941033644271973E7
s**********************************************: 7
Current result: {269,270,271,272,301,304,323,324,325,326,327,328,329,330,331,332,333,336,337,338,370,402}
Current function value: 6.808766404227819E7
s**********************************************: 8
Current result: {323,324,325,326,327,355,357,359,360,361,362,363,364,365,366,367,389,399,400,401,402,421,453,485,517,549,581,613,645,677,709,741,769,770,771,772,773}
Current function value: 6.805440482817464E7
s**********************************************: 9
Current result: {427,428,429,430,431,432,459,491,523,554,555,583,584,585,586,615,645,646,647}
Current function value: 6.756166536739677E7
s**********************************************: 10
Current result: {321,322,323,324,325,353,355,357,358,359,360,392,393}
Current function value: 7.095996504787973E7
s**********************************************: 11
Current result: {323,324,325,326,355,358,359,360,361,387,393,394,419,426,427,451,482,483,515,547,579,611}
Current function value: 6.736188893835992E7
s**********************************************: 12
Current result: {172,204,236,237,238,239,240,268,300,331,332,353,354,355,356,357,358,363,390,391,392,393,394,395}
Current function value: 6.805674959336102E7
s**********************************************: 13
Current result: {323,324,325,352,353,354,355,357,358,359,360,389,392,393,394,395,396,397,421,429,453,485,517,549,581,613,643,644,645}
Current function value: 6.707666646154674E7
s**********************************************: 14
Current result: {400,401,402,426,427,428,429,430,431,432,458,490,522,554,585,586,616,617,647,648,649,650,682,683,684,716,748,749,780,812,844,876,889,908,909,910,911,912,913,914,915,916,917,918,919,920,921,942}
Current function value: 6.6040208605322674E7
s**********************************************: 15
Current result: {425,426,427,428,429,430,431,432,433,434,451,452,453,454,455,456,457,459,460,483,515,547,579,611,641,642,643,673,705,737}
Current function value: 6.644017148058491E7
sRESULT**********************************************: 
result subgraph is: [400, 401, 402, 426, 427, 428, 429, 430, 431, 432, 458, 490, 522, 554, 585, 586, 616, 617, 647, 648, 649, 650, 682, 683, 684, 716, 748, 749, 780, 812, 844, 876, 889, 908, 909, 910, 911, 912, 913, 914, 915, 916, 917, 918, 919, 920, 921, 942]
------------------------------ test ends --------------------------------
