
------------------------------ test starts ------------------------------ 
s**********************************************: 2
Current result: {798}
Current function value: 7.308165535820414E7
s**********************************************: 3
Current result: {235,236,237,267}
Current function value: 7.168790942754939E7
s**********************************************: 4
Current result: {234,235,236,268,269,270,271,272}
Current function value: 7.208545527256155E7
s**********************************************: 5
Current result: {205,237,269,270,271,272,273,274,302}
Current function value: 7.039659654718478E7
s**********************************************: 6
Current result: {204,205,206,238,270,271,272,273,274,275,307,339}
Current function value: 6.866722898581542E7
s**********************************************: 7
Current result: {643,644,676,708,740,772,804,836,868,869,870,879,880,881,882,883,884,885,886,887,888,902,903,904,905,906,907,908,909,910,911,920,952}
Current function value: 7.088288733075167E7
s**********************************************: 8
Current result: {563,564,565,597,629,630,662,694,695,727,759,791,823,855,887,888}
Current function value: 7.151835665264589E7
s**********************************************: 9
Current result: {298,329,330,361,393,419,420,421,422,423,424,425,449,450,451,457,481,513,545,577,609}
Current function value: 7.044272853076594E7
s**********************************************: 10
Current result: {301,302,303,304,336,368,369,370,371,372,404,405,437,438,439,471,503,504,505,537,538,570,602,634,666,698,730,762,794,826,858,859,860}
Current function value: 6.882868380527547E7
s**********************************************: 11
Current result: {205,237,269,273,301,305,333,334,335,336,337,361,362,363,364,365,387,388,389,390,391,392,393}
Current function value: 6.76155161141898E7
s**********************************************: 12
Current result: {201,233,240,241,265,266,267,268,269,270,271,272,292,293,294,295,296,297,302,324,334}
Current function value: 6.767626342960596E7
s**********************************************: 13
Current result: {357,358,367,389,390,391,392,393,394,395,399,420,421,427,431,452,459,460,461,462,463,481,482,483,484,513,545,577,609,641,673}
Current function value: 6.920019265908997E7
s**********************************************: 14
Current result: {388,389,390,391,392,393,394,420,426,427,452,459,460,461,462,463,483,484,495,496,515,528,529,547,561,579,593,594,609,610,611,626,658,659,660,661,662,694,695,727,759,760,792,824,826,856,857,858}
Current function value: 6.78861529046638E7
s**********************************************: 15
Current result: {272,303,304,335,336,337,367,369,398,399,430,459,460,461,462,486,487,488,489,490,491,517,518,549,581,611,613,643,644,645}
Current function value: 6.5596481801746815E7
sRESULT**********************************************: 
result subgraph is: [272, 303, 304, 335, 336, 337, 367, 369, 398, 399, 430, 459, 460, 461, 462, 486, 487, 488, 489, 490, 491, 517, 518, 549, 581, 611, 613, 643, 644, 645]
------------------------------ test ends --------------------------------
