
------------------------------ test starts ------------------------------ 
s**********************************************: 2
Current result: {959}
Current function value: 7.3728E7
s**********************************************: 3
Current result: {401,402,403,435,436}
Current function value: 7.131092231294379E7
s**********************************************: 4
Current result: {266}
Current function value: 7.334211857846199E7
s**********************************************: 5
Current result: {485,517,549,581,613,645,677,709,741,773}
Current function value: 7.149464865762767E7
s**********************************************: 6
Current result: {236,268,300,332,333,334,335,336,337,338,339,364,371,396,403,428,459,460}
Current function value: 7.023435114626357E7
s**********************************************: 7
Current result: {403,435,456,457,458,459,460,461,462,463,464,465,466,467,468,469,488,501,533,534,566,598,630,631,663,695,727,759,760,761,793,794}
Current function value: 6.948732120156845E7
s**********************************************: 8
Current result: {403,435,467,499,531,563,595,596,628,660,692,693,694,726,758,759,791,823}
Current function value: 6.970052198269582E7
s**********************************************: 9
Current result: {305,337,338,339,371,403,435,436,468,500,532,564,596,597,629,630,662,694,726,758,759,760,761,793,794,826,827,828,860,892,924}
Current function value: 6.799229121780048E7
s**********************************************: 10
Current result: {233,234,235,236,237,238,239,271,272,273,274,306,338,339,371,403,435,467,499,500,532,533,565,566,598,599,631,663,695,727,759,791,792,824,856,857,889,921,922,923,924,956}
Current function value: 6.825050064963345E7
s**********************************************: 11
Current result: {371,397,398,399,400,401,402,403,429,455,456,457,458,459,460,461,487,515,516,517,518,519,547,579,611,643}
Current function value: 6.83172839592919E7
s**********************************************: 12
Current result: {242,243,275,297,298,299,300,301,302,307,308,309,328,329,334,335,337,338,339,340,358,359,360,367,368,369,371}
Current function value: 6.693076541879448E7
s**********************************************: 13
Current result: {205,235,236,237,267,297,298,299,329,361,393,421,422,423,424,425,451,452,453,483,515,547,579,611,640,641,642,643,672,704,736,768,800,832}
Current function value: 6.767966358356442E7
s**********************************************: 14
Current result: {211,235,236,243,268,275,300,301,305,306,307,326,327,328,329,330,331,332,333,334,335,336,337,354,355,356,357,358,386,418}
Current function value: 6.6796077183244E7
s**********************************************: 15
Current result: {236,237,238,239,271,303,335,336,337,369,401,402,434,435,436,437,438,470,471,472,473,474,475,507}
Current function value: 6.73495808421754E7
sRESULT**********************************************: 
result subgraph is: [211, 235, 236, 243, 268, 275, 300, 301, 305, 306, 307, 326, 327, 328, 329, 330, 331, 332, 333, 334, 335, 336, 337, 354, 355, 356, 357, 358, 386, 418]
------------------------------ test ends --------------------------------
