
------------------------------ test starts ------------------------------ 
s**********************************************: 2
Current result: {431,463,494,495}
Current function value: 6.642658065713895E7
s**********************************************: 3
Current result: {463,493,494,495,526}
Current function value: 6.589930934018997E7
s**********************************************: 4
Current result: {493,494,495,496,497,498,499,500}
Current function value: 6.50210477320131E7
s**********************************************: 5
Current result: {437,467,468,469,494,495,496,497,498,499,526}
Current function value: 6.506265009200588E7
s**********************************************: 6
Current result: {389,421,453,463,485,486,487,488,489,490,491,492,493,494,495,526}
Current function value: 6.563292248956057E7
s**********************************************: 7
Current result: {430,431,432,433,434,435,461,462,467,493,494,498,499,500,526,529,530,561,593,625}
Current function value: 6.571098599798516E7
s**********************************************: 8
Current result: {463,464,465,494,495,497,498,499,500,519,520,521,522,523,524,525,526}
Current function value: 6.4982604576646544E7
s**********************************************: 9
Current result: {461,493,494,495,496,497,498,499,526,529,530,561,593,625,657,658,659,691,692,693,725,757,758,759,760,761}
Current function value: 6.541981766385218E7
s**********************************************: 10
Current result: {239,240,241,242,243,270,271,275,307,339,371,403,435,463,467,494,495,496,497,498,499}
Current function value: 6.519497204700211E7
s**********************************************: 11
Current result: {238,269,270,301,333,365,397,429,431,432,433,461,462,463,465,466,493,495,498,499,525,530,562,593,594,625,657,689}
Current function value: 6.547091969215402E7
s**********************************************: 12
Current result: {238,239,240,270,302,334,366,398,430,431,433,434,435,436,460,461,463,464,465,468,493,494,495,500,526}
Current function value: 6.579169896543986E7
s**********************************************: 13
Current result: {207,239,271,303,335,367,399,423,424,425,426,427,428,429,430,431,432,433,434,435,455,466,486,487,498,517,518,549,581,611,612,613}
Current function value: 6.609925370168689E7
s**********************************************: 14
Current result: {243,275,276,308,340,372,404,436,461,462,463,468,493,495,496,497,498,499,500,530,562,594,625,626,657,658,659,660,661,693,694,695,696,697}
Current function value: 6.610089946433368E7
s**********************************************: 15
Current result: {238,239,240,241,242,243,275,307,339,371,403,434,435,436,437,465,466,494,495,496,497,498,499,526,529,561,593,625,657,689,721}
Current function value: 6.752542756641367E7
sRESULT**********************************************: 
result subgraph is: [463, 464, 465, 494, 495, 497, 498, 499, 500, 519, 520, 521, 522, 523, 524, 525, 526]
------------------------------ test ends --------------------------------
