
------------------------------ test starts ------------------------------ 
s**********************************************: 2
Current result: {611,612,613,645}
Current function value: 7.31444782782487E7
s**********************************************: 3
Current result: {355,387,419,451,483,515,547,579,611}
Current function value: 7.269723860530217E7
s**********************************************: 4
Current result: {320,321,322,323,324,325,352,355}
Current function value: 7.111696659333174E7
s**********************************************: 5
Current result: {238,270,302,303,335,336,337,338,370,402}
Current function value: 7.117903190542099E7
s**********************************************: 6
Current result: {268,269,301,302,334,366,367,399,400,401,433,434}
Current function value: 6.880242958829889E7
s**********************************************: 7
Current result: {641,642,643,675,707,736,737,738,739}
Current function value: 7.171777983491877E7
s**********************************************: 8
Current result: {369,370,371,400,401,428,429,430,431,432,459,460,489,490,491,521,549,550,551,552,553,581,613}
Current function value: 6.651809425055872E7
s**********************************************: 9
Current result: {290,321,322,353,385,417,448,449,450,451,452,480,484,516,548,580,612,613}
Current function value: 6.905964988639234E7
s**********************************************: 10
Current result: {236,237,238,239,268,271,272,273,300,305,332,337,338,357,364,370,389,396,421,422,428,454,455,456,457,458,459,460}
Current function value: 6.498706996144564E7
s**********************************************: 11
Current result: {325,357,369,389,398,399,400,401,421,422,425,426,427,428,429,430,433,454,455,456,457,465,497,529,561,593,625,657,689,721,722,754,755,756,757,758,759,760,792,824,856,888,889}
Current function value: 6.529981588276017E7
s**********************************************: 12
Current result: {267,268,269,298,299,325,326,327,328,329,330,357,389,421,453,485,517,549,581,611,613,641,642,643,644,645}
Current function value: 6.780413682827872E7
s**********************************************: 13
Current result: {235,236,237,266,267,298,325,326,327,328,329,330,354,355,356,357,362,394,425,426}
Current function value: 6.772958447511119E7
s**********************************************: 14
Current result: {109,141,167,168,169,170,171,172,173,198,199,230,262,293,294,325,354,355,356,357,386,418,450,451}
Current function value: 6.90192139108122E7
s**********************************************: 15
Current result: {236,237,238,239,266,267,268,271,296,297,298,303,322,323,324,325,326,327,328,335,336,368,400,401,432,464,496,528,560,592,624,656,657,658,659,691,692,724,725,726,758,759}
Current function value: 6.626969363696398E7
sRESULT**********************************************: 
result subgraph is: [236, 237, 238, 239, 268, 271, 272, 273, 300, 305, 332, 337, 338, 357, 364, 370, 389, 396, 421, 422, 428, 454, 455, 456, 457, 458, 459, 460]
------------------------------ test ends --------------------------------
