
------------------------------ test starts ------------------------------ 
s**********************************************: 2
Current result: {737,738,739}
Current function value: 7.24210182626337E7
s**********************************************: 3
Current result: {419,420,448,449,450,451}
Current function value: 7.19261592422454E7
s**********************************************: 4
Current result: {738,739,740}
Current function value: 7.250171445612986E7
s**********************************************: 5
Current result: {515,516,517,518,519,520,521,522,523,524,525}
Current function value: 7.290297039355527E7
s**********************************************: 6
Current result: {609,610,611,612,613,641,645,646,647}
Current function value: 7.130919395546517E7
s**********************************************: 7
Current result: {419,451,452,483,514,515,547,579,611,643,644,645}
Current function value: 7.022511967959069E7
s**********************************************: 8
Current result: {273,305,306,338,370,402,434,465,466,493,494,495,496,497,515,525,529,547,557,579,589,611,612,613,614,615,616,617,618,619,620,621,641,642,643}
Current function value: 6.575018636965025E7
s**********************************************: 9
Current result: {355,356,388,420,449,450,451,452,453,481}
Current function value: 7.027106548149852E7
s**********************************************: 10
Current result: {357,358,359,360,361,362,389,394,421,426,427,453,459,460,461,462,463,464,465,483,485,491,493,515,516,517}
Current function value: 6.698183816459924E7
s**********************************************: 11
Current result: {236,237,238,261,262,263,264,265,266,267,268,293,323,324,325,355,387,419,451,483,515,516,517}
Current function value: 6.833015668358484E7
s**********************************************: 12
Current result: {297,298,299,300,301,302,303,304,305,329,361,393,422,423,424,425,451,452,453,454,483,515,547,579,611,643,675,707,737,738,739}
Current function value: 6.982092044189711E7
s**********************************************: 13
Current result: {135,136,137,169,170,202,234,238,266,267,268,269,270,271,272,273,274,275,298,307,308,340,372,404,435,436}
Current function value: 6.640311858160769E7
s**********************************************: 14
Current result: {236,237,238,239,240,241,242,243,268,271,301,302,303,304,305,337,369,401,405,432,433,435,436,437,464,466,467,496,497,498}
Current function value: 6.6702967333575785E7
s**********************************************: 15
Current result: {261,293,322,323,324,325,326,353,354,358,385,390,417,422,449,454,481,486,487,488,520,521,522,523,524,556,588,620,652,684,716,748,780,812,844,876,908,940,941,942,943,944}
Current function value: 6.6727042888914965E7
sRESULT**********************************************: 
result subgraph is: [273, 305, 306, 338, 370, 402, 434, 465, 466, 493, 494, 495, 496, 497, 515, 525, 529, 547, 557, 579, 589, 611, 612, 613, 614, 615, 616, 617, 618, 619, 620, 621, 641, 642, 643]
------------------------------ test ends --------------------------------
