
------------------------------ test starts ------------------------------ 
s**********************************************: 2
Current result: {238,239,271}
Current function value: 7.048785278091393E7
s**********************************************: 3
Current result: {357,389,421,453,483,484,485,515}
Current function value: 7.255901572500074E7
s**********************************************: 4
Current result: {451,483,515,516,517}
Current function value: 7.162386911152974E7
s**********************************************: 5
Current result: {325,353,354,355,356,357,389,421,453,485}
Current function value: 7.187404137816173E7
s**********************************************: 6
Current result: {104,105,135,136,167,199,230,231,262,294,325,326,357}
Current function value: 7.221149196420227E7
s**********************************************: 7
Current result: {325,357,389,421,453,485,517,549,581,613,643,644,645}
Current function value: 7.147971237879452E7
s**********************************************: 8
Current result: {451,452,481,482,483,515,516,517,547,579,611,643}
Current function value: 6.964490887236406E7
s**********************************************: 9
Current result: {298,299,330,361,362,390,391,392,393,419,420,421,422,451,483,484,516,517,549,581,613}
Current function value: 6.897352078761877E7
s**********************************************: 10
Current result: {352,353,385,417,449,450,451,452,453,454,455,483,487,488,489,490,491,492,515,516}
Current function value: 6.687798942616344E7
s**********************************************: 11
Current result: {355,387,419,451,483,514,515,546,577,578,609,641,673,705,737,754,755,756,757,758,759,760,761,762,769,770,771,772,773,774,775,776,777,778,779,780,781,782,783,784,785,786,794,795,827,859,891,923,924}
Current function value: 6.855086649589498E7
s**********************************************: 12
Current result: {270,271,302,334,356,357,366,388,389,390,391,392,398,424,425,426,427,430,459,460,462,466,467,468,492,493,494,495,496,497,498}
Current function value: 6.544640325736354E7
s**********************************************: 13
Current result: {101,133,134,135,165,167,168,169,197,201,202,203,204,229,236,237,238,239,240,261,272,273,274,293,325}
Current function value: 6.761189403203116E7
s**********************************************: 14
Current result: {238,239,270,298,299,300,301,302,329,330,361,393,425,457,489,490,491,493,494,495,496,497,523,524,525}
Current function value: 6.527852547214732E7
s**********************************************: 15
Current result: {302,303,304,305,306,323,324,325,334,355,366,387,398,419,420,421,422,423,424,425,430,457,458,459,462,491,492,493,494,524}
Current function value: 6.57601894323246E7
sRESULT**********************************************: 
result subgraph is: [238, 239, 270, 298, 299, 300, 301, 302, 329, 330, 361, 393, 425, 457, 489, 490, 491, 493, 494, 495, 496, 497, 523, 524, 525]
------------------------------ test ends --------------------------------
