
------------------------------ test starts ------------------------------ 
s**********************************************: 2
Current result: {959}
Current function value: 7.3728E7
s**********************************************: 3
Current result: {268,269,270}
Current function value: 7.26686833886628E7
s**********************************************: 4
Current result: {298,299,331,332,333}
Current function value: 7.005940164525138E7
s**********************************************: 5
Current result: {239,240,241,269,270,271,273,274,275,297,298,299,300,301,323,324,325,326,327,328,329}
Current function value: 7.110171233716626E7
s**********************************************: 6
Current result: {238,239,240,270,299,300,301,302,330,331}
Current function value: 6.902148356109276E7
s**********************************************: 7
Current result: {759,791,795,796,797,798,799,823,825,826,827,855,856,857}
Current function value: 7.042763338021779E7
s**********************************************: 8
Current result: {959}
Current function value: 7.3728E7
s**********************************************: 9
Current result: {269,270,271,272,273,274,301,306,307,308,309,333,362,364,365,394,395,396}
Current function value: 6.913911035275522E7
s**********************************************: 10
Current result: {165,197,229,230,261,262,263,264,265,266,267,268,269,270,292,293,324,356,388,419,420,451,483}
Current function value: 6.783508017628828E7
s**********************************************: 11
Current result: {635,636,637,638,639,670,702,734,766,798,823,824,825,826,827,828,829,830}
Current function value: 6.945421321065632E7
s**********************************************: 12
Current result: {44,76,101,102,103,104,105,106,107,108,140,141,173,174,206,234,235,236,237,238,239,266,298,330,331,332}
Current function value: 6.814879916792804E7
s**********************************************: 13
Current result: {240,241,242,269,270,271,272,274,275,276,301,308,333,340,363,364,365,372,394,395,404,405,437,469,501,502,503,504,536,537,538,570,602,634,666,698,730,762,766,793,794,795,796,797,798,825}
Current function value: 6.6489620320247516E7
s**********************************************: 14
Current result: {322,323,324,356,357,358,359,360,361,362,363,364,365,391,392,397,398,399,400,401,402,403,404,405,406,407,408,409,410,411,412,413,443,444,445,475,507,539,571,603,635,667,699,731,763,794,795,826,827,859}
Current function value: 6.997697369347522E7
s**********************************************: 15
Current result: {259,260,261,291,293,294,295,296,297,298,299,323,327,331,332,333,334,335,336,337,338,339,354,355,359,371,372,386,404,418,436,450,468,500,532}
Current function value: 6.6916384181586035E7
sRESULT**********************************************: 
result subgraph is: [240, 241, 242, 269, 270, 271, 272, 274, 275, 276, 301, 308, 333, 340, 363, 364, 365, 372, 394, 395, 404, 405, 437, 469, 501, 502, 503, 504, 536, 537, 538, 570, 602, 634, 666, 698, 730, 762, 766, 793, 794, 795, 796, 797, 798, 825]
------------------------------ test ends --------------------------------
