
------------------------------ test starts ------------------------------ 
s**********************************************: 2
Current result: {236,237,238,239,268}
Current function value: 7.037172723214136E7
s**********************************************: 3
Current result: {237,238}
Current function value: 7.249657267566866E7
s**********************************************: 4
Current result: {425,426,427,428,457}
Current function value: 7.078352376914372E7
s**********************************************: 5
Current result: {356,357,358,359,360,388,392,393,394,420,451,452}
Current function value: 7.05482198168238E7
s**********************************************: 6
Current result: {353,385,417,449,450,451,483,484,516,517}
Current function value: 7.163198410239014E7
s**********************************************: 7
Current result: {206,237,238,269,301,333,365,397,428,429,460}
Current function value: 6.661250592442296E7
s**********************************************: 8
Current result: {273,305,337,369,401,429,430,431,432,433,449,450,451,452,453,454,455,456,457,458,459,460,461,481}
Current function value: 6.85780759555384E7
s**********************************************: 9
Current result: {267,268,269,299,301,302,303,335,336,368,369,401,402,433}
Current function value: 6.814023270044726E7
s**********************************************: 10
Current result: {427,428,455,456,457,458,459,483,484,485,486,487,515,547,579,609,610,611,641,673,705,737,769}
Current function value: 6.983540041958529E7
s**********************************************: 11
Current result: {397,425,426,427,428,429,451,455,456,457,483,487,515,516,517,518,519,547,579,611,612,643,675,707,708,740,772}
Current function value: 6.644546868517647E7
s**********************************************: 12
Current result: {270,302,333,334,365,395,396,397,424,425,426,427,448,449,450,451,452,453,454,455,456,483,515,547,579,611,643}
Current function value: 6.59511326653819E7
s**********************************************: 13
Current result: {395,401,402,427,428,429,430,431,432,433,434,456,457,458,459,483,484,485,486,487,488,515,547,579,611,641,642,643}
Current function value: 6.549703366916662E7
s**********************************************: 14
Current result: {236,237,238,239,263,264,265,266,267,268,271,272,273,274,291,292,293,294,295,323,355,387,419,451,483,515,547,579,609,610,611,643}
Current function value: 6.85808599989955E7
s**********************************************: 15
Current result: {426,427,428,429,430,458,462,490,494,495,496,497,498,499,500,501,502,522,534,535,536,554,568,569,584,585,586,601,611,615,616,633,643,644,645,646,647,665,697,729,761,793,825}
Current function value: 6.587800249972717E7
sRESULT**********************************************: 
result subgraph is: [395, 401, 402, 427, 428, 429, 430, 431, 432, 433, 434, 456, 457, 458, 459, 483, 484, 485, 486, 487, 488, 515, 547, 579, 611, 641, 642, 643]
------------------------------ test ends --------------------------------
