
------------------------------ test starts ------------------------------ 
s**********************************************: 2
Current result: {460,461,462,493,494}
Current function value: 6.863549097108293E7
s**********************************************: 3
Current result: {433,465,466,467,499,531,563,595,627,659}
Current function value: 6.81749092112947E7
s**********************************************: 4
Current result: {433,461,462,463,464,465,493,494}
Current function value: 6.6617932538888626E7
s**********************************************: 5
Current result: {430,431,432,433,434,435,462,466,467,494}
Current function value: 6.719948868664186E7
s**********************************************: 6
Current result: {461,462,463,464,465,486,487,488,489,490,491,492,493,518}
Current function value: 6.848686912695965E7
s**********************************************: 7
Current result: {433,462,463,464,465,466,492,494,498,524,525,526,530,562}
Current function value: 6.690270442495262E7
s**********************************************: 8
Current result: {461,462,494,526,558,559,560,592,624,656,657,658,659,691,723,755,787,819,820}
Current function value: 6.65121440214816E7
s**********************************************: 9
Current result: {433,460,461,462,465,466,494,495,496,498,525,526,528,529,530,556,557,561,562,563,589,595,627,659}
Current function value: 6.6582536801587954E7
s**********************************************: 10
Current result: {237,238,269,301,302,334,366,398,430,431,432,433,462,494,526,558,590,622,623,624,656,657,658,659}
Current function value: 6.5779584345201686E7
s**********************************************: 11
Current result: {205,206,236,237,268,300,332,364,396,428,460,462,463,464,465,492,493,494,497,525,557,589}
Current function value: 6.634482504106013E7
s**********************************************: 12
Current result: {238,239,240,270,302,334,366,398,430,460,461,462,463,464,465,466,492,497,498,524,529,530,556,557,558,561}
Current function value: 6.665950729680985E7
s**********************************************: 13
Current result: {362,363,394,426,458,459,460,461,492,493,494,526,527,528,529,557,558,561,589,593,594,626,658,690,721,722}
Current function value: 6.617754883272697E7
s**********************************************: 14
Current result: {430,431,432,433,462,464,465,466,492,493,494,498,499,526,531,532,564,596,628,659,660,661,662,694,697,726,729,758,759,760,761}
Current function value: 6.74771538628284E7
s**********************************************: 15
Current result: {385,386,399,418,431,433,450,451,460,461,462,463,464,465,466,483,484,492,497,498,499,516,517,518,519,520,521,522,523,524,531,556,557,559,560,561,562,563,589,593}
Current function value: 6.729633285272719E7
sRESULT**********************************************: 
result subgraph is: [237, 238, 269, 301, 302, 334, 366, 398, 430, 431, 432, 433, 462, 494, 526, 558, 590, 622, 623, 624, 656, 657, 658, 659]
------------------------------ test ends --------------------------------
