
------------------------------ test starts ------------------------------ 
s**********************************************: 2
Current result: {627,659,691}
Current function value: 7.235810569240381E7
s**********************************************: 3
Current result: {627,659}
Current function value: 7.219618338271515E7
s**********************************************: 4
Current result: {619,630,651,652,653,654,655,656,657,658,659,660,661,662}
Current function value: 6.90933179713609E7
s**********************************************: 5
Current result: {692,693,694,695,696,697,729}
Current function value: 7.238523536303382E7
s**********************************************: 6
Current result: {385,386,387,419,451,452,453,484,485}
Current function value: 7.267571939041373E7
s**********************************************: 7
Current result: {388,420,452,459,460,484,485,486,487,488,489,490,491,492}
Current function value: 7.047436335221703E7
s**********************************************: 8
Current result: {626,627,628,655,656,657,658,660,661,687,693,725,726,727,728,729,759}
Current function value: 6.80875622007176E7
s**********************************************: 9
Current result: {437,469,499,500,501,531,563,595,621,622,623,624,625,626,627,628,660,692,693}
Current function value: 6.859914908644158E7
s**********************************************: 10
Current result: {14,15,16,17,49,81,113,145,177,208,209,237,238,239,240,269,301,333,365,397,429,461,492,493,524,556,588,610,611,612,613,614,615,616,617,618,619,620,642,674,706,738,739}
Current function value: 6.725492770469129E7
s**********************************************: 11
Current result: {238,270,302,334,365,366,367,368,369,395,396,397,401,427,433,434,435,436,437,438,459,465,491,496,497,498,523,555,584,585,586,587,588,615,616,643,644,645,646,647}
Current function value: 6.675945422315866E7
s**********************************************: 12
Current result: {520,521,522,523,555,587,619,620,651,683,690,691,692,693,694,695,696,715,721,722,728,747,748,749,750,751,752,753,760,761,762,763,764,765,766,767,799,831,863,895,927,959}
Current function value: 6.818117618388109E7
s**********************************************: 13
Current result: {483,484,513,514,515,544,545,576,588,608,619,620,640,651,672,683,704,711,712,713,714,715,716,717,718,736,737,738,739,740,741,742,743}
Current function value: 6.780802362363805E7
s**********************************************: 14
Current result: {486,518,550,582,614,646,647,648,680,710,711,712,713,714,715,716,717,718,719,720,721,722,723,724,725,726,727,728,742}
Current function value: 6.848387830604953E7
s**********************************************: 15
Current result: {619,620,621,622,623,624,625,626,652,658,659,678,679,680,681,682,683,684,691,692,710,724,742,756,757,758,759,760,761,762}
Current function value: 6.987966794761692E7
sRESULT**********************************************: 
result subgraph is: [238, 270, 302, 334, 365, 366, 367, 368, 369, 395, 396, 397, 401, 427, 433, 434, 435, 436, 437, 438, 459, 465, 491, 496, 497, 498, 523, 555, 584, 585, 586, 587, 588, 615, 616, 643, 644, 645, 646, 647]
------------------------------ test ends --------------------------------
