
------------------------------ test starts ------------------------------ 
s**********************************************: 2
Current result: {558,589,590,621}
Current function value: 7.091647633780953E7
s**********************************************: 3
Current result: {333,334,335,336,337,338}
Current function value: 6.810876294552381E7
s**********************************************: 4
Current result: {333,334,335,336,337,338,364,365}
Current function value: 6.640981755946659E7
s**********************************************: 5
Current result: {558,559,591,623,655,685,686,687,717,718,750,782,814}
Current function value: 6.723398702436863E7
s**********************************************: 6
Current result: {562,563,594,625,626,656,657,687,688,719,750,751,782,813,814,815,847}
Current function value: 6.774798053207366E7
s**********************************************: 7
Current result: {332,333,334,335,336,337,338,364,368,369,400,432,464,496,527,528,559}
Current function value: 6.619425985374582E7
s**********************************************: 8
Current result: {688,717,718,719,720,749,781,782,783,784,785,786,787,788,814}
Current function value: 6.81267122731561E7
s**********************************************: 9
Current result: {527,528,529,530,531,557,558,559,560,589,592,621,624,655,656,687,718,719,750}
Current function value: 6.793422922075306E7
s**********************************************: 10
Current result: {338,370,402,434,466,498,525,528,529,530,531,557,560,589,590,591,592,621,653,685,717,718}
Current function value: 6.684973513227308E7
s**********************************************: 11
Current result: {518,550,558,559,581,582,589,590,613,614,615,616,617,618,619,620,621,642,643,644,645,653,656,672,673,674,685,688,704,717,719,720,749,751,781,782,783,814,815,847}
Current function value: 6.6868810903084524E7
s**********************************************: 12
Current result: {333,334,335,336,337,338,364,365,370,402,434,466,498,530,531,558,559,560,561,562,590,622,654,685,686,688,717,718,719,720,721,753,785,814,817,846,847,848,849,879,880}
Current function value: 6.864236496379252E7
s**********************************************: 13
Current result: {337,338,369,401,433,465,497,527,528,529,558,559,589,590,621,622,623,624,656,688,720,749,752,781,782,783,784,814}
Current function value: 6.610725203014911E7
s**********************************************: 14
Current result: {334,335,336,337,338,366,369,398,430,462,494,526,558,590,622,654,655,656,657,687,689,690,719,720,751,783,815,847,848,880}
Current function value: 6.651023338801992E7
s**********************************************: 15
Current result: {334,335,336,337,338,370,402,434,466,498,526,527,528,529,530,557,558,589,621,653,654,655,686,687,688,718,750,751,782,783,813,814,815,847,848,849,880}
Current function value: 7.08276968988961E7
sRESULT**********************************************: 
result subgraph is: [337, 338, 369, 401, 433, 465, 497, 527, 528, 529, 558, 559, 589, 590, 621, 622, 623, 624, 656, 688, 720, 749, 752, 781, 782, 783, 784, 814]
------------------------------ test ends --------------------------------
