
------------------------------ test starts ------------------------------ 
s**********************************************: 2
Current result: {365,366,367,368,369,370,397,398}
Current function value: 6.655522733350512E7
s**********************************************: 3
Current result: {684,685,717,749,781,813,814,815,847}
Current function value: 6.770667097257502E7
s**********************************************: 4
Current result: {704,736,737,738,739,740,741,742,743,744,745,746,747,748,768,780,800,812,844,876,877,878,879,880,912,913,914,946,947,948,949,950,951,952,953,954,955,956,957,958,959}
Current function value: 7.370997754304762E7
s**********************************************: 5
Current result: {366,397,398,429,461,493,525,557,589,621,653}
Current function value: 6.742408679230595E7
s**********************************************: 6
Current result: {335,336,337,338,365,367,369,397,398,399}
Current function value: 6.695218986888053E7
s**********************************************: 7
Current result: {335,336,337,338,365,366,367,398,399,430,462,494,526,558,559}
Current function value: 6.603180121904485E7
s**********************************************: 8
Current result: {354,355,368,369,370,371,386,387,388,389,390,391,392,393,394,395,396,397,398,399,400}
Current function value: 6.6738952418037504E7
s**********************************************: 9
Current result: {338,366,367,368,369,370,398,430,462,494,495,527,558,559,560,561,562,563,590,595,622}
Current function value: 6.577963521238496E7
s**********************************************: 10
Current result: {365,366,367,368,369,370,397,398,429,460,461,492,524,525,557,589,621,653,685,686,687,688,720,721}
Current function value: 6.645064396047355E7
s**********************************************: 11
Current result: {337,338,365,366,367,368,369,397,398,430,462,494,495,527,559,591,592,593,594,595,623,655,687,717,718,719,750,751,782,814,815,847}
Current function value: 6.721466237254582E7
s**********************************************: 12
Current result: {365,366,367,368,369,370,397,402,434,466,498,530,561,562,591,592,593,623,655,687,689,719,720,721,751,752,782,783,814,846,847}
Current function value: 6.6159647503082156E7
s**********************************************: 13
Current result: {369,370,397,398,399,400,401,429,461,493,525,557,589,621,653,685,688,717,719,720,749,751,781,783,813,814,815,847,848,880}
Current function value: 6.712474741870014E7
s**********************************************: 14
Current result: {338,365,366,367,368,369,370,397,429,461,493,494,526,527,528,529,559,561,562,563,595,626,627,658,689,690,719,720,721,722,751,783,815,847,879}
Current function value: 6.816004873031965E7
s**********************************************: 15
Current result: {366,367,368,369,370,402,434,466,498,530,562,594,626,643,644,645,646,647,648,649,650,651,652,653,658,675,685,686,687,688,689,690,704,707,719,720,736,737,738,739,752,784,815,816,847}
Current function value: 6.761677444508608E7
sRESULT**********************************************: 
result subgraph is: [338, 366, 367, 368, 369, 370, 398, 430, 462, 494, 495, 527, 558, 559, 560, 561, 562, 563, 590, 595, 622]
------------------------------ test ends --------------------------------
