
------------------------------ test starts ------------------------------ 
s**********************************************: 2
Current result: {790,822}
Current function value: 7.258469080003576E7
s**********************************************: 3
Current result: {530,531,532,562,564,565,566,598,630,631,632,664,665,697,729,761}
Current function value: 7.002547413721085E7
s**********************************************: 4
Current result: {558,559,560,561,562,563}
Current function value: 7.062807102267471E7
s**********************************************: 5
Current result: {739,740,741,742,743,744,745,771,777,778,779,780,781,782,813}
Current function value: 6.988382474297173E7
s**********************************************: 6
Current result: {15,47,79,111,143,175,207,239,240,241}
Current function value: 7.106334490314011E7
s**********************************************: 7
Current result: {757,758,759,760,761,762,763,764,765,789,797,819,820,821,829,830,831,863}
Current function value: 7.124447576410925E7
s**********************************************: 8
Current result: {561,562,563,595,612,613,614,615,616,627,641,642,643,644,648,659,672,673,680,691,704,712,720,721,722,723,736,744,745,746,747,748,749,750,751,752,782}
Current function value: 6.935589355097319E7
s**********************************************: 9
Current result: {526,558,559,560,561,562,563,564,596,628,660,692,724,729,756,757,758,759,760,761}
Current function value: 6.857086359153838E7
s**********************************************: 10
Current result: {237,269,301,333,365,397,429,461,493,524,525,544,545,546,547,548,549,550,551,552,553,554,555,556,557,576,608,640,672,704,736,768}
Current function value: 6.806286148557678E7
s**********************************************: 11
Current result: {356,357,389,420,421,452,453,454,486,487,517,518,547,548,549}
Current function value: 7.143830770270695E7
s**********************************************: 12
Current result: {16,48,80,112,144,176,205,206,207,208,237,269,301,333,365,397,398,430,462,494,526,558,559,560,561,562,563}
Current function value: 6.730738732706682E7
s**********************************************: 13
Current result: {271,272,273,274,306,307,337,338,339,369,401,432,433,464,496,516,517,526,527,528,549,550,551,552,553,554,555,556,557,558,582,614,646,678,710,742}
Current function value: 6.731161968709676E7
s**********************************************: 14
Current result: {430,462,494,495,496,525,526,528,529,530,531,556,557,563,588,595,627,628,660,692,693,725,756,757,788,820}
Current function value: 6.750923823608589E7
s**********************************************: 15
Current result: {271,272,273,274,275,307,337,338,339,340,369,401,433,465,494,497,526,527,528,529,556,557,558,561,562,563,583,584,585,586,587,588,615}
Current function value: 6.651285922100225E7
sRESULT**********************************************: 
result subgraph is: [271, 272, 273, 274, 275, 307, 337, 338, 339, 340, 369, 401, 433, 465, 494, 497, 526, 527, 528, 529, 556, 557, 558, 561, 562, 563, 583, 584, 585, 586, 587, 588, 615]
------------------------------ test ends --------------------------------
