
------------------------------ test starts ------------------------------ 
s**********************************************: 2
Current result: {460,492,522,523,524}
Current function value: 7.00295759437487E7
s**********************************************: 3
Current result: {459,486,487,488,489,490,491,492,517,518,524,549,581,613,643,644,645,675,707,736,737,738,739,771}
Current function value: 6.874239905509068E7
s**********************************************: 4
Current result: {593,624,625,656,687,688,718,719}
Current function value: 7.042191030557765E7
s**********************************************: 5
Current result: {491,516,517,518,519,520,521,522,523,524}
Current function value: 6.914057308308367E7
s**********************************************: 6
Current result: {299,330,331,362,390,391,392,393,394,422,454,486,516,517,518,519,520}
Current function value: 6.893888761570108E7
s**********************************************: 7
Current result: {459,489,490,491,492,518,519,520,521,524,550,582,614,646,678,704,705,706,707,708,709,710,736,768}
Current function value: 6.654700508102821E7
s**********************************************: 8
Current result: {454,486,518,550,581,582,611,612,613,643,675,707,736,737,738,739}
Current function value: 7.166704114221422E7
s**********************************************: 9
Current result: {625,626,627,628,629,630,631,632,633,665,697,729,761,762,763,764,765,766,798,830,862,863,895}
Current function value: 7.149869511869836E7
s**********************************************: 10
Current result: {268,269,270,271,300,303,332,335,362,363,364,367,368,369,370,371,394,403,426,435,436,454,455,456,457,458,486,516,517,518,548,577,578,579,580,608,609,640,672,704,736,768}
Current function value: 6.798269411863704E7
s**********************************************: 11
Current result: {269,270,301,333,365,397,429,461,493,494,495,496,497,518,519,520,521,522,523,524,525,528,529}
Current function value: 6.714991778500731E7
s**********************************************: 12
Current result: {267,268,299,331,363,395,427,459,491,521,522,523,553,555,556,557,558,559,591,623,655,687,688,719}
Current function value: 6.69019210777428E7
s**********************************************: 13
Current result: {14,15,16,17,47,79,111,143,175,207,239,271,300,301,302,303,332,364,396,428,460,492,524}
Current function value: 6.689753947061432E7
s**********************************************: 14
Current result: {460,486,490,491,492,516,517,518,519,520,521,522,524,525,528,550,557,558,559,560,561,582,590,614,646,678,710,742}
Current function value: 6.6845218545026354E7
s**********************************************: 15
Current result: {643,644,645,646,647,648,649,650,682,714,715,716,717,749,781,782,814,846,847,879,880,881,882,883,884,885,886,887,888,889,890,891,892,893,894,895}
Current function value: 6.748225703495325E7
sRESULT**********************************************: 
result subgraph is: [459, 489, 490, 491, 492, 518, 519, 520, 521, 524, 550, 582, 614, 646, 678, 704, 705, 706, 707, 708, 709, 710, 736, 768]
------------------------------ test ends --------------------------------
