
------------------------------ test starts ------------------------------ 
s**********************************************: 2
Current result: {338,369,370,401,432,433,464,495,496,499,500,527,528,529,530,531,559}
Current function value: 6.634511630445148E7
s**********************************************: 3
Current result: {338,370,402,434,466,498,499,500}
Current function value: 6.830340078295441E7
s**********************************************: 4
Current result: {334,335,336,337,365,366,369,370}
Current function value: 6.787399168404086E7
s**********************************************: 5
Current result: {335,336,337,338,367,399,431,463,495,527,558,559,589,590,621,653,685,717,749}
Current function value: 6.691358660032115E7
s**********************************************: 6
Current result: {334,366,367,368,369,370,402,434,466,498,530,531}
Current function value: 6.736094624445818E7
s**********************************************: 7
Current result: {334,366,367,368,369,370,402,434,463,464,465,466,467,468,495,500,527,559,591,623,655,685,686,687,717,719}
Current function value: 6.772834537009062E7
s**********************************************: 8
Current result: {337,338,339,366,367,368,369,371,403,435,467,499,531,563,595,627,659,687,688,691,692,719,720,721,722,723,724}
Current function value: 6.6946043622905806E7
s**********************************************: 9
Current result: {338,370,402,434,465,466,467,468,496,497,500,526,527,528,557,558,589,621,653,685,717}
Current function value: 6.5876247562311545E7
s**********************************************: 10
Current result: {337,338,365,366,367,368,369,370,399,400,432,464,496,527,528,558,559,590,622,654,686,718,719,751,783,815,847,848,849}
Current function value: 6.669995866229433E7
s**********************************************: 11
Current result: {334,338,365,366,367,368,369,370,402,434,466,498,499,531,559,560,561,562,563,591,623,624,656,688,717,718,719,720,749,781,782,814,815,847,879,880}
Current function value: 7.067631123765126E7
s**********************************************: 12
Current result: {366,367,368,369,370,401,433,465,497,527,528,529,530,531,559,563,591,623,655,687,717,718,719,751,782,783,815,847,848,849,880}
Current function value: 6.61211564194198E7
s**********************************************: 13
Current result: {338,365,366,367,368,369,370,398,430,462,494,526,558,590,621,622,653,685,688,689,690,717,719,720,722,729,749,750,751,754,755,756,757,758,759,760,761,781,786,813,814}
Current function value: 6.71969056737787E7
s**********************************************: 14
Current result: {499,500,526,527,528,529,530,531,558,590,621,622,653,655,658,685,686,687,688,689,690,691,692,717,720,749,781,782,814,815,847}
Current function value: 6.94447583946253E7
s**********************************************: 15
Current result: {337,338,339,369,401,433,465,466,498,530,559,560,561,562,590,591,621,622,653,685,688,689,690,717,718,719,720,751,783,815,847,848,849}
Current function value: 6.703554394106275E7
sRESULT**********************************************: 
result subgraph is: [338, 370, 402, 434, 465, 466, 467, 468, 496, 497, 500, 526, 527, 528, 557, 558, 589, 621, 653, 685, 717]
------------------------------ test ends --------------------------------
