
------------------------------ test starts ------------------------------ 
s**********************************************: 2
Current result: {305,306,332,333,334,335,336,337}
Current function value: 6.638501E7
s**********************************************: 3
Current result: {331,332,363,364,365,395,427,459}
Current function value: 6.637150689104905E7
s**********************************************: 4
Current result: {332,333,334,335,336,337,362,363,364}
Current function value: 6.702922029542863E7
s**********************************************: 5
Current result: {305,306,337,338,369,401,432,433,464,496,528,560,561}
Current function value: 6.5982816538808554E7
s**********************************************: 6
Current result: {301,306,333,334,335,336,337,338,368,400,432,464,496,528,560}
Current function value: 6.5981791602574944E7
s**********************************************: 7
Current result: {334,335,336,337,368,400,431,432,464,496,528,558,559,560}
Current function value: 6.597871374931854E7
s**********************************************: 8
Current result: {332,363,364,365,388,395,420,423,424,425,426,427,452,453,454,455,459}
Current function value: 6.598044079197361E7
s**********************************************: 9
Current result: {302,303,304,305,332,333,334,337,338,363,364,365,395,427,459,460,461,493,525,526,527,558}
Current function value: 6.629166330792611E7
s**********************************************: 10
Current result: {305,337,363,364,365,366,367,369,395,399,401,427,431,432,433,459,464,496,527,528}
Current function value: 6.583729155952215E7
s**********************************************: 11
Current result: {301,305,306,332,333,334,335,336,337,365,397,429,430,431,432,463,495,527,559,560,592,624,656,657,689,719,720,721,752}
Current function value: 7.002557855359916E7
s**********************************************: 12
Current result: {332,333,334,364,396,427,428,459,491,523,555,556,588,620,652,684,688,689,716,717,718,719,720,721}
Current function value: 6.734452098414925E7
s**********************************************: 13
Current result: {332,334,335,336,337,338,364,365,366,397,427,428,429,459,491,523,524,525,557,589,621,653,685,687,689,717,718,719,720,721,751}
Current function value: 6.733345735177931E7
s**********************************************: 14
Current result: {333,334,335,336,337,338,368,400,432,464,496,528,556,557,558,559,560,588,592,624,626,656,658,659,687,688,689,690}
Current function value: 6.600184652660899E7
s**********************************************: 15
Current result: {305,306,331,332,333,334,335,336,337,363,365,395,397,427,429,430,431,463,464,465,466,495,527,528,560,592,624,656,688,690,719,720,721,722,751,752}
Current function value: 7.653544692570576E7
sRESULT**********************************************: 
result subgraph is: [305, 337, 363, 364, 365, 366, 367, 369, 395, 399, 401, 427, 431, 432, 433, 459, 464, 496, 527, 528]
------------------------------ test ends --------------------------------
