
------------------------------ test starts ------------------------------ 
s**********************************************: 2
Current result: {729,761,762,763,764,765,766,767,799,831,863,895,927,959}
Current function value: 7.371690465780234E7
s**********************************************: 3
Current result: {16,17,48,80,112,143,144}
Current function value: 7.230071670501232E7
s**********************************************: 4
Current result: {484,516,548,580,611,612,642,643,672,673,674}
Current function value: 7.124336720782645E7
s**********************************************: 5
Current result: {389,390,421,453,485,517,518}
Current function value: 7.218419009014443E7
s**********************************************: 6
Current result: {298,299,330,362,394,426,458,486,490,518,519,520,521,522,523,555}
Current function value: 6.774324703857024E7
s**********************************************: 7
Current result: {400,401,431,432,463,492,493,494,495,496,497,498,524,530,531}
Current function value: 6.765547021045618E7
s**********************************************: 8
Current result: {385,386,418,450,482,483,484,513,514,516,517,518,519,520,521,522,545}
Current function value: 7.004621207658185E7
s**********************************************: 9
Current result: {14,46,78,110,140,141,142,143,172,204,236,267,268,299,331,363,395,427,458,459,490,521,522,553,585,617,649,681,713,745,777,778,779,811,812,813,814}
Current function value: 6.736894124080384E7
s**********************************************: 10
Current result: {268,299,300,330,331,362,394,426,458,490,491,492,523,555}
Current function value: 6.809859384998251E7
s**********************************************: 11
Current result: {267,268,269,270,271,298,299,303,330,335,367,397,398,399,400,429,432,461,491,492,493,522,523,553,554,555,556}
Current function value: 6.592775873144315E7
s**********************************************: 12
Current result: {491,493,494,495,522,523,524,525,527,555,556,559,591,623,655,687,719,751,783,814,815,847,879,880}
Current function value: 6.626760281659471E7
s**********************************************: 13
Current result: {267,268,298,299,330,362,394,426,458,483,484,490,515,521,522,547,553,579,585,611,616,617,643,644,645,646,647,648}
Current function value: 6.630639172177857E7
s**********************************************: 14
Current result: {268,298,299,300,301,330,362,394,426,458,459,491,523,555,587,619,651,683,684,716,748,780,781,813,845,877,878,879}
Current function value: 6.600306903507211E7
s**********************************************: 15
Current result: {528,529,530,531,560,563,592,620,621,622,624,654,655,656,687,688,689,690,719,722,723,751,755,782,783,787,814,818,819,850}
Current function value: 6.676622949142227E7
sRESULT**********************************************: 
result subgraph is: [267, 268, 269, 270, 271, 298, 299, 303, 330, 335, 367, 397, 398, 399, 400, 429, 432, 461, 491, 492, 493, 522, 523, 553, 554, 555, 556]
------------------------------ test ends --------------------------------
