
------------------------------ test starts ------------------------------ 
s**********************************************: 2
Current result: {427,459,460}
Current function value: 6.89732253176758E7
s**********************************************: 3
Current result: {458,459,460,491}
Current function value: 6.835475877820982E7
s**********************************************: 4
Current result: {425,426,427,428,457,459,460,491}
Current function value: 6.685595318083641E7
s**********************************************: 5
Current result: {332,333,334,335,336,337,338,339,364,395,396,427,457,458,459}
Current function value: 6.64206494876686E7
s**********************************************: 6
Current result: {427,436,457,458,459,468,491,492,493,494,495,496,497,498,499,500}
Current function value: 6.59466168821548E7
s**********************************************: 7
Current result: {236,237,268,300,332,364,395,396,426,427,457,458,490,491}
Current function value: 6.616629480097268E7
s**********************************************: 8
Current result: {396,428,457,458,459,460,489,492,516,517,518,519,520,521,524,525,557}
Current function value: 6.6285216464552216E7
s**********************************************: 9
Current result: {425,426,427,457,459,488,489,516,517,518,519,520,548,579,580,611,642,643,674,704,705,706,736,768}
Current function value: 6.703766272854589E7
s**********************************************: 10
Current result: {307,339,371,395,396,397,398,399,400,401,402,403,427,435,436,468,500,532,564,596,628,660,692}
Current function value: 6.565973079511413E7
s**********************************************: 11
Current result: {358,359,390,391,392,393,394,396,422,426,427,428,454,486,512,513,514,515,516,517,518,544,576,608,640,672,704}
Current function value: 6.809568165819754E7
s**********************************************: 12
Current result: {369,370,371,395,396,397,398,399,400,401,403,427,435,436,459,460,468,489,490,491,492,500,519,520,521,551,583,615}
Current function value: 6.662466315546895E7
s**********************************************: 13
Current result: {371,395,396,397,398,399,400,401,402,403,426,427,458,459,460,489,490,492,493,494,518,519,520,521,526,550,558,582,614,643,644,645,646,672,673,674,675,704,736,768,800}
Current function value: 6.6554037357692406E7
s**********************************************: 14
Current result: {14,15,16,46,78,110,142,174,205,206,236,237,268,300,301,333,337,338,339,365,366,367,368,369,394,395,396,397,398,401,425,426,430,454,455,456,457,462,494,525,526,557}
Current function value: 6.760142986800088E7
s**********************************************: 15
Current result: {307,339,371,395,396,401,402,403,404,427,428,433,436,459,460,465,491,496,497,523,524,525,526,527,528,560,592,593,625,626,658,659,660}
Current function value: 6.684351038180081E7
sRESULT**********************************************: 
result subgraph is: [307, 339, 371, 395, 396, 397, 398, 399, 400, 401, 402, 403, 427, 435, 436, 468, 500, 532, 564, 596, 628, 660, 692]
------------------------------ test ends --------------------------------
