
------------------------------ test starts ------------------------------ 
s**********************************************: 2
Current result: {736,768,769,770}
Current function value: 7.328206165214242E7
s**********************************************: 3
Current result: {518,519,520,521,553,554,586,618,619,651,652,684,716}
Current function value: 7.222886527893855E7
s**********************************************: 4
Current result: {354,355,356,357,386}
Current function value: 7.25320371424259E7
s**********************************************: 5
Current result: {14,15,46,78,110,142,174,206,238}
Current function value: 7.114327655414617E7
s**********************************************: 6
Current result: {269,301,332,333,362,363,364,391,392,393,394,396,417,418,419,420,421,422,423,449,452,453,481,513,545}
Current function value: 6.769990703328873E7
s**********************************************: 7
Current result: {517,518,549,579,580,581,611,640,641,642,643,672,704,736,768}
Current function value: 7.313601504758018E7
s**********************************************: 8
Current result: {486,516,517,518,547,548,579,609,610,611,641,672,673,704,736,768,800}
Current function value: 7.358243660957918E7
s**********************************************: 9
Current result: {518,550,582,583,584,614,616,646,672,678,704,710,736,737,738,739,740,741,742}
Current function value: 7.246069201264477E7
s**********************************************: 10
Current result: {389,402,403,421,434,453,454,455,456,457,458,459,460,461,462,463,464,465,466,484,485,498,516,530,562,594,626,627}
Current function value: 6.733412763330938E7
s**********************************************: 11
Current result: {593,594,616,617,618,619,620,621,622,623,624,625,626,627,628,629,647,648,672,678,679,704,710,736,737,738,739,740,741,742,768}
Current function value: 6.842100438398182E7
s**********************************************: 12
Current result: {356,388,389,421,453,485,486,487,488,489,490,491,518,550,582,614,646,672,676,677,678,704,705,707,708,737,738,739}
Current function value: 6.872823915399957E7
s**********************************************: 13
Current result: {384,385,417,449,481,513,545,577,609,641,672,673,704,705,706,738,739,740,741,742,743,775,776,777,778,810,842,843,844,845,846,847,879}
Current function value: 6.945085328723365E7
s**********************************************: 14
Current result: {358,390,422,454,486,518,550,582,613,614,615,616,643,644,645,648,649,675,681,682,683,684,707,736,737,738,739,768,771}
Current function value: 6.90381312610165E7
s**********************************************: 15
Current result: {301,332,333,364,396,428,429,461,462,463,495,496,497,529,561,593,625,657,689,721,753,785,786,787,788,817,846,847,848,849}
Current function value: 6.647977395153031E7
sRESULT**********************************************: 
result subgraph is: [301, 332, 333, 364, 396, 428, 429, 461, 462, 463, 495, 496, 497, 529, 561, 593, 625, 657, 689, 721, 753, 785, 786, 787, 788, 817, 846, 847, 848, 849]
------------------------------ test ends --------------------------------
