
------------------------------ test starts ------------------------------ 
s**********************************************: 2
Current result: {340,372,404,436,468,500,532}
Current function value: 6.907964776800849E7
s**********************************************: 3
Current result: {611,612,613,614,640,641,642,643,672,704,736,768}
Current function value: 7.221705660884808E7
s**********************************************: 4
Current result: {514}
Current function value: 7.365592689121047E7
s**********************************************: 5
Current result: {241,273,305,306,338,339,340,372,404,436,468,500,532}
Current function value: 7.021361315277416E7
s**********************************************: 6
Current result: {428,460,492,524,532,556,557,558,559,560,561,562,563,564,588,620,652,684,716,741,742,743,744,745,746,747,748,749,768,769,770,771,772,773,781,800,813}
Current function value: 6.86562621431944E7
s**********************************************: 7
Current result: {369,370,371,401,433,465,497,529,530,531,532,564,565,566,598,630,662}
Current function value: 6.772090686608602E7
s**********************************************: 8
Current result: {532,564,565,597,598,630,662,694,695,727,728,729,761,793,825,857,858,859,860,861,862,863,895,927,959}
Current function value: 7.100595575017066E7
s**********************************************: 9
Current result: {339,340,357,358,359,360,361,362,363,364,365,366,367,368,369,370,371,372,389,404,421,422,436,454,468,486,487,500,519,532,533,534,551,566,583,598,615,630}
Current function value: 6.6716640806499064E7
s**********************************************: 10
Current result: {338,339,340,370,396,397,398,399,400,401,402,428,460}
Current function value: 6.79687776725993E7
s**********************************************: 11
Current result: {425,426,427,428,429,430,431,432,433,434,435,436,453,454,455,456,457,468,485,500,517,532,549,579,580,581,611,643,675,707,739,768,769,770,771}
Current function value: 6.75213443673223E7
s**********************************************: 12
Current result: {307,339,340,372,404,436,468,500,532,560,561,562,563,564,592,613,614,615,616,617,618,619,620,621,622,624,642,643,644,645,654,655,656,672,673,674,686,704,736,768,800}
Current function value: 6.609755830120601E7
s**********************************************: 13
Current result: {14,15,16,48,49,81,113,145,177,209,241,242,243,275,307,339,340,372,404,436,468,469}
Current function value: 6.704073606266937E7
s**********************************************: 14
Current result: {704,725,726,727,728,736,737,738,739,740,741,757,760,761,762,768,773,774,775,776,777,778,779,788,789,811,812,813,815,816,817,818,819,820,845,846,847}
Current function value: 7.059973313069655E7
s**********************************************: 15
Current result: {338,339,340,372,404,405,437,469,501,533,534,566,567,568,600,601,633,665,697,729,761,762,763,795,827,828,829,830,862,863,895,927,959}
Current function value: 7.041847262701432E7
sRESULT**********************************************: 
result subgraph is: [307, 339, 340, 372, 404, 436, 468, 500, 532, 560, 561, 562, 563, 564, 592, 613, 614, 615, 616, 617, 618, 619, 620, 621, 622, 624, 642, 643, 644, 645, 654, 655, 656, 672, 673, 674, 686, 704, 736, 768, 800]
------------------------------ test ends --------------------------------
