
------------------------------ test starts ------------------------------ 
s**********************************************: 2
Current result: {500,532}
Current function value: 6.90757064507811E7
s**********************************************: 3
Current result: {483,484,485,486,518}
Current function value: 7.258889352181715E7
s**********************************************: 4
Current result: {518,549,550,581,613,643,644,645}
Current function value: 7.24206825957672E7
s**********************************************: 5
Current result: {516,545,548,577,578,580,610,611,612,613}
Current function value: 7.142012241987796E7
s**********************************************: 6
Current result: {500,531,532,562,563,594,625,626,657,689,721}
Current function value: 6.770510299111842E7
s**********************************************: 7
Current result: {242,243,275,276,277,308,340,372,404,436,468,500,532,533,534,535,567}
Current function value: 6.548766905789979E7
s**********************************************: 8
Current result: {275,276,277,307,339,371,403,435,467,499,531,532,562,563,589,590,591,592,593,594,621,653,685}
Current function value: 6.569946017217343E7
s**********************************************: 9
Current result: {242,274,306,338,370,402,434,466,498,530,531,532,533,534,535,536,537,569,601,633,665,697,729,761,793,794,795,796,797,829,830,831,863}
Current function value: 6.681318244482382E7
s**********************************************: 10
Current result: {354,355,356,357,386,418,450,482,513,514,515,516,545,577,609,641,672,673,704,736,768}
Current function value: 6.978961859553286E7
s**********************************************: 11
Current result: {241,242,243,244,266,267,268,269,270,271,272,273,276,277,298,330,361,362,393,424,425,454,455,456,486,518}
Current function value: 6.813299736153518E7
s**********************************************: 12
Current result: {277,308,309,340,372,404,436,468,500,532,563,564,596,597,598,599,600,632,664,696,728,729,760}
Current function value: 6.676335140231967E7
s**********************************************: 13
Current result: {424,425,426,427,428,429,430,431,432,456,464,465,466,488,498,520,530,531,532,533,534,535,552,584,611,612,613,614,615,616,643,675,707,736,737,738,739,768,800}
Current function value: 6.642677556166019E7
s**********************************************: 14
Current result: {242,243,244,276,277,308,340,372,404,436,466,467,468,483,484,485,489,490,491,492,493,494,495,496,497,498,517,518,519,520,521,530,531,563,595,627,659,691,723,755,787}
Current function value: 6.658623762449683E7
s**********************************************: 15
Current result: {244,274,276,306,308,338,339,340,372,404,436,466,467,468,499,500,531,532,533,534,557,558,559,560,561,562,563,565,566,597}
Current function value: 6.6800155744032204E7
sRESULT**********************************************: 
result subgraph is: [242, 243, 275, 276, 277, 308, 340, 372, 404, 436, 468, 500, 532, 533, 534, 535, 567]
------------------------------ test ends --------------------------------
