
------------------------------ test starts ------------------------------ 
s**********************************************: 2
Current result: {695,726,727,757,758,789}
Current function value: 7.236084524559562E7
s**********************************************: 3
Current result: {557,589,614,615,616,617,618,619,620,621}
Current function value: 7.052944096964335E7
s**********************************************: 4
Current result: {729,760,761,789,790,791,792,821}
Current function value: 7.284194055091783E7
s**********************************************: 5
Current result: {726,727,728,760,761,793,825}
Current function value: 7.119260868674217E7
s**********************************************: 6
Current result: {760,761,762,763,764,765,797,798,799,831,863,895}
Current function value: 7.147356547773479E7
s**********************************************: 7
Current result: {461,493,525,557,585,586,587,588,589,617,644,645,646,647,648,649,672,676,704,705,706,708,738,739,740}
Current function value: 7.062160886063421E7
s**********************************************: 8
Current result: {589,590,621,622,647,648,654,680,682,683,684,685,686,712,713,714}
Current function value: 6.757072228126639E7
s**********************************************: 9
Current result: {430,462,494,526,558,590,618,619,620,621,622,649,650,681,713,742,743,744,745}
Current function value: 7.000860169771859E7
s**********************************************: 10
Current result: {242,274,306,337,338,369,401,430,431,432,433,462,487,494,519,526,551,558,583,589,590,615,616,617,618,619,620,621,648,649}
Current function value: 6.818940961097208E7
s**********************************************: 11
Current result: {525,526,557,589,590,621,622,654,655,687,719,739,751,771,783,803,804,805,812,813,814,815,837,840,841,842,843,844,869,870,871,872,901}
Current function value: 6.74159637088524E7
s**********************************************: 12
Current result: {622,654,686,687,688,689,690,695,718,722,723,724,727,728,729,750,756,757,758,759,760}
Current function value: 6.734670667652375E7
s**********************************************: 13
Current result: {502,525,534,557,558,559,560,561,562,563,564,565,566,598,629,630,661,692,693,724,725,757,789,790,791,792}
Current function value: 6.883724614944787E7
s**********************************************: 14
Current result: {430,454,455,456,457,458,459,460,461,462,486,494,518,526,558,589,590,621,653,684,685,686,716,718,750,782,814,846,878}
Current function value: 6.658211415302876E7
s**********************************************: 15
Current result: {401,432,433,463,464,494,495,526,558,590,622,653,654,685,717,749,768,769,770,771,772,773,774,775,776,777,778,779,781,811,812,813}
Current function value: 6.752860705084902E7
sRESULT**********************************************: 
result subgraph is: [430, 454, 455, 456, 457, 458, 459, 460, 461, 462, 486, 494, 518, 526, 558, 589, 590, 621, 653, 684, 685, 686, 716, 718, 750, 782, 814, 846, 878]
------------------------------ test ends --------------------------------
