
------------------------------ test starts ------------------------------ 
s**********************************************: 2
Current result: {495,525,526,527}
Current function value: 6.956599736586587E7
s**********************************************: 3
Current result: {494,495,496,497,498,525,526}
Current function value: 6.945425111590613E7
s**********************************************: 4
Current result: {494,495,496,497,525,526,529,530}
Current function value: 6.7696788811212E7
s**********************************************: 5
Current result: {729,759,760,761,788,789,790,791,820}
Current function value: 7.13707032395093E7
s**********************************************: 6
Current result: {493,498,525,526,527,528,529,530,531,562,594,626,658,688,689,690,720}
Current function value: 6.813770799374507E7
s**********************************************: 7
Current result: {274,306,338,370,402,434,466,494,495,496,497,498,499,530,531}
Current function value: 6.708197032000567E7
s**********************************************: 8
Current result: {495,525,526,527,528,529,530,531,557,589,621,653,685,717,742,743,744,745,746,747,748,749,768,769,770,771,774,803,804,805,806}
Current function value: 6.721897829644938E7
s**********************************************: 9
Current result: {493,494,495,496,497,499,524,525,529,530,531,556,562,585,586,587,588,594,617,626,645,646,647,648,649,658,672,673,674,675,676,677,690,691,692,704,724,756,762,763,764,765,766,788,789,790,791,792,793,794,798,799,820,831}
Current function value: 6.74938272824207E7
s**********************************************: 10
Current result: {463,494,495,496,497,524,525,526,529,530,531,532,533,556,558,559,565,591,592,597,629,630}
Current function value: 6.752091009031394E7
s**********************************************: 11
Current result: {240,269,270,271,272,300,301,332,364,396,428,460,492,493,494,495,496,497,524,529,530,531,562,563}
Current function value: 6.700676403225235E7
s**********************************************: 12
Current result: {495,496,497,498,499,526,527,559,590,591,620,621,622,651,652,683,715,742,743,744,745,746,747,774}
Current function value: 6.734296948350647E7
s**********************************************: 13
Current result: {493,494,526,558,590,622,654,686,718,719,729,751,752,753,760,761,785,791,792,817,818,819,820,821,822,823}
Current function value: 6.570901175848181E7
s**********************************************: 14
Current result: {15,47,79,111,143,175,207,238,239,270,302,334,365,366,396,397,428,460,492,495,496,497,498,499,524,525,526,527,530,556,557,558,562,563,589}
Current function value: 6.728703415844256E7
s**********************************************: 15
Current result: {241,273,305,337,369,401,433,465,495,496,497,498,499,524,525,526,527,529,530,531,556,562,594,626,658,690,722,752,753,754,755,756,788,820}
Current function value: 6.738019960612647E7
sRESULT**********************************************: 
result subgraph is: [493, 494, 526, 558, 590, 622, 654, 686, 718, 719, 729, 751, 752, 753, 760, 761, 785, 791, 792, 817, 818, 819, 820, 821, 822, 823]
------------------------------ test ends --------------------------------
