
------------------------------ test starts ------------------------------
s**********************************************: 4
Current result: {205,206,207,208,209,237,238,241,242,269,270,271,274,301,302,303,306,332,333,335,338,367,370,402,403,434,435,460,461,462,466,493,495,496,497,498,525,526,527,558,560,561,589,590,591,592,593,594,621,623,624,656,686,688,718,720,721,750,751,753,782,783,784,785,786,816,817}
Current function value: 1.3012896972892357E7
s**********************************************: 5
Current result: {206,207,208,209,237,238,239,240,241,270,271,272,273,274,302,304,305,306,334,335,336,338,339,367,371,399,403,431,435,460,463,464,467,492,493,495,524,526,527,556,557,558,559,591,593,594,623,624,625,657,689,719,720,721,750,751,752,753,782,785,813,814,817,846,847,848}
Current function value: 1.3258940176410649E7
s**********************************************: 6
Current result: {205,207,208,209,237,238,239,240,241,242,269,270,271,272,274,300,302,303,304,306,332,333,334,335,336,338,339,367,371,403,431,435,461,462,463,464,465,466,467,493,494,495,496,499,525,528,529,530,556,557,558,560,562,589,594,621,625,626,653,654,656,657,685,688,719,720,750,751,752,783,815,816,847}
Current function value: 1.35068922494E7
s**********************************************: 7
Current result: {206,207,208,237,238,239,240,242,268,269,270,271,272,273,274,301,302,303,304,332,333,334,335,336,367,399,431,461,462,463,464,465,466,492,493,494,497,498,499,525,528,529,530,556,557,559,589,590,591,592,593,621,622,625,654,655,656,657,686,718,719,751,752,753,783,785}
Current function value: 1.3334153674599998E7
s**********************************************: 8
Current result: {237,239,240,241,269,270,271,272,302,303,304,334,335,336,367,399,431,459,460,461,462,463,464,465,466,492,494,495,496,497,498,526,527,528,529,530,557,558,559,561,562,590,591,594,622,623,624,626,656,688,718,719,720,721,750,753,781,782,783,785,813,816,817,848}
Current function value: 1.3263743484100003E7
s**********************************************: 9
Current result: {208,209,240,241,272,273,274,303,304,305,306,332,333,334,335,336,337,338,339,367,399,427,431,459,460,461,462,463,464,465,466,492,493,494,495,496,497,498,524,525,526,527,529,530,556,557,559,560,561,562,590,592,593,594,622,623,625,626,655,656,657,658,689}
Current function value: 1.32738419419E7
s**********************************************: 10
Current result: {208,239,240,241,271,272,273,303,304,305,335,336,337,367,399,431,461,462,463,464,465,466,492,493,494,495,496,497,498,525,526,527,528,529,557,558,559,560,561,589,590,591,592,593,621,622,623,624,653,654,656,657,685,686,687,689,719,721,753,785}
Current function value: 1.31857946206E7
s**********************************************: 11
Current result: {205,206,238,269,270,271,273,274,301,302,303,305,306,332,333,334,335,336,337,338,367,370,371,403,431,435,460,461,462,463,464,465,466,467,493,494,495,496,497,498,499,526,527,528,558,589,590,591,623,653,654,655,656,657,686,688,719,720,721,750,751,752,753,782,783,785}
Current function value: 1.33176371291E7
s**********************************************: 12
Current result: {205,207,208,237,238,240,241,268,269,270,271,272,273,274,300,301,302,303,304,305,306,332,333,334,335,336,337,338,367,370,371,403,431,435,460,461,462,463,464,465,466,467,492,493,494,495,496,497,498,499,527,528,529,557,558,559,560,561,589,590,591,592,593,594,622,623,624,625,654,656,657,688,689,721,752,753,784,785}
Current function value: 1.3886390137599995E7
s**********************************************: 13
Current result: {431,460,461,462,463,464,465,492,493,494,495,497,498,524,525,526,527,528,556,557,558,559,560,561,562,589,590,591,592,593,622,623,624,625,626,654,655,656,657,658,686,687,688,689,718,719,720,721,750,751,752,781,782,783,784,785,814,815,816,817,847,848}
Current function value: 1.3271047140099995E7
s**********************************************: 14
Current result: {207,208,237,238,239,240,241,268,269,270,271,272,273,274,300,301,302,303,304,305,306,332,333,334,335,336,337,338,367,370,371,395,403,427,431,435,459,460,461,462,463,464,465,466,467,492,493,494,495,496,497,498,524,525,526,527,528,529,530,556,557,558,559,560,561,590,591,592,593,621,623,624,625,653,654,656,657,686,687,688,689,718,719,720,721,750,751,752,753,782,783,784,785,814,815,816,817,847,848}
Current function value: 1.4672176094000004E7
s**********************************************: 15
Current result: {206,207,208,209,239,240,241,268,269,270,271,272,273,274,300,301,302,303,304,305,306,332,333,334,335,336,337,338,339,367,371,399,403,431,435,460,461,462,463,464,465,466,492,493,494,495,496,497,498,524,525,526,527,528,529,530,556,557,558,559,560,561,589,590,591,592,593,622,623,624,655}
Current function value: 1.3613888560000004E7
s**********************************************: 16
Current result: {206,207,208,209,238,239,240,241,242,269,271,272,273,274,300,301,302,303,304,305,306,332,333,334,335,336,337,338,339,367,371,395,403,427,431,435,459,460,461,462,463,464,465,466,467,492,493,494,495,496,497,498,499,525,526,527,528,529,530,556,557,558,559,560,561,589,590,591,592,593,594,621,622,623,624,625,626,654,655,656,657,658,686,687,688,718,719,720,721,750,751,752,753,782,783,784,785,786,816}
Current function value: 1.4714351157099998E7
s**********************************************: 17
Current result: {206,207,208,209,237,238,239,240,241,242,269,270,271,272,273,274,300,301,302,303,304,305,306,332,333,334,335,336,337,338,339,367,371,403,431,435,460,461,462,463,464,465,466,467,494,497,498,525,526,527,557,558,559,560,592,624,625,655,656,686,687,688,689,718,721,753}
Current function value: 1.3452960880999997E7
s**********************************************: 18
Current result: {205,206,207,208,209,237,238,239,240,241,242,268,269,270,271,272,273,274,300,301,302,303,304,305,306,332,333,334,335,336,337,338,339,367,371,403,431,435,460,461,462,463,464,465,466,467,495,496,497,498,499,524,525,527,528,529,530,556,557,559,560,561,562,589,590,591,592,593,594,621,624,625,653,654,657,685,686,687,718,719,751,752,753,781,783,784,785,813,814,815,817,847}
Current function value: 1.4455226468600001E7
s**********************************************: 19
Current result: {205,206,207,208,209,237,238,239,240,241,268,269,270,271,272,273,274,300,301,302,303,304,305,306,332,333,334,335,336,337,338,339,367,371,395,403,427,431,435,459,460,461,462,463,464,465,466,467,492,493,494,495,496,497,525,526,527,528,529,530,556,557,558,559,560,561,589,590,591,592,593,594,621,622,623,624,626,653,654,656,658,685,687,688,719,720,750,751,781,782,783,784,813,814,816}
Current function value: 1.4549304998733023E7
s**********************************************: 20
Current result: {207,208,209,237,238,239,240,241,242,268,269,270,271,272,273,274,300,301,302,303,304,305,306,332,333,334,335,336,337,338,339,367,371,403,431,435,460,461,462,463,464,465,466,467,493,494,495,496,497,498,499,525,526,527,528,529,530,557,558,559,560,561,562,589,590,591,592,593,594,621,623,624,625,626,653,657,688,689,720,721,751,752,783,784,816,848}
Current function value: 1.4247989537399996E7
sRESULT**********************************************:
result subgraph is: [205, 206, 207, 208, 209, 237, 238, 241, 242, 269, 270, 271, 274, 301, 302, 303, 306, 332, 333, 335, 338, 367, 370, 402, 403, 434, 435, 460, 461, 462, 466, 493, 495, 496, 497, 498, 525, 526, 527, 558, 560, 561, 589, 590, 591, 592, 593, 594, 621, 623, 624, 656, 686, 688, 718, 720, 721, 750, 751, 753, 782, 783, 784, 785, 786, 816, 817]
------------------------------ test ends --------------------------------
